"MacroTrends Data Download"
"CARS - Historical Price and Volume Data"
"Note: Historical prices are adjusted for stock splits."

"Disclaimer and Terms of Use: Historical stock data is provided 'as is' and solely for informational purposes, not for trading purposes or advice."
"MacroTrends LLC expressly disclaims the accuracy, adequacy, or completeness of any data and shall not be liable for any errors, omissions or other defects in, "
"delays or interruptions in such data, or for any actions taken in reliance thereon.  Neither MacroTrends LLC nor any of our information providers will be liable"
"for any damages relating to your use of the data provided."


"ATTRIBUTION: Proper attribution requires clear indication of the data source as ""www.macrotrends.net""."
"A ""dofollow"" backlink to the originating page is also required if the data is displayed on a web page."


date,open,high,low,close,volume
2017-06-01,25.3400,27.6000,25.1000,27.2800,22656590
2017-06-02,26.8100,27.8650,26.6900,27.0500,5202984
2017-06-05,27.0000,27.9900,26.8400,27.8900,2241586
2017-06-06,27.8900,29.4700,27.5200,29.1400,3271407
2017-06-07,29.1400,29.3250,27.0800,27.1500,4820315
2017-06-08,26.8700,27.2000,25.3500,25.8100,6762409
2017-06-09,25.7400,26.2000,25.3700,25.8100,3119084
2017-06-12,25.5800,26.4500,25.4400,25.9400,2198644
2017-06-13,25.7500,26.2200,25.5300,25.8700,1954455
2017-06-14,25.8000,26.0200,25.5100,25.5900,1361251
2017-06-15,25.4400,25.6100,25.1800,25.3400,1328350
2017-06-16,25.3400,26.2000,25.2900,26.1600,2498267
2017-06-19,26.3700,27.2900,26.3300,27.0000,2568020
2017-06-20,26.7500,27.2400,26.7400,26.9000,1221351
2017-06-21,26.8400,27.1900,26.7900,27.0500,1481013
2017-06-22,27.2000,27.7000,27.1200,27.5800,1386735
2017-06-23,27.6800,28.3100,27.6800,28.2000,8111121
2017-06-26,28.2200,28.3500,27.9550,28.2100,1228563
2017-06-27,28.2000,28.2400,27.2700,27.5500,1843951
2017-06-28,27.6400,27.8500,27.4700,27.5600,1445507
2017-06-29,27.6000,27.6000,26.7100,26.8700,958840
2017-06-30,26.8600,26.9250,26.4500,26.6300,1143196
2017-07-03,26.6300,27.1700,26.5500,27.0800,336938
2017-07-05,26.9600,27.2100,26.8600,27.0400,1046882
2017-07-06,26.8200,26.8200,26.2800,26.3800,699474
2017-07-07,26.5000,26.5000,25.7800,25.8300,1514476
2017-07-10,25.6200,26.1200,25.5050,25.9500,1081706
2017-07-11,26.0100,26.0300,25.1650,25.2500,1172256
2017-07-12,25.4400,25.8800,24.8450,25.4100,1671400
2017-07-13,25.3200,25.3800,24.9800,25.0500,2320315
2017-07-14,25.1000,25.3500,24.0100,24.1300,2079331
2017-07-17,24.1600,24.7700,24.0000,24.3300,1124342
2017-07-18,24.2900,24.5800,23.9350,23.9600,1116142
2017-07-19,24.0600,24.0600,23.2100,23.2500,1882671
2017-07-20,23.4300,23.5100,23.1000,23.1200,3528255
2017-07-21,23.2500,24.1500,22.9500,24.0200,2545279
2017-07-24,24.1700,24.1700,23.4200,23.7600,1252558
2017-07-25,23.7800,24.3150,23.5700,24.1400,2062441
2017-07-26,24.2200,24.9400,24.0300,24.7600,1090648
2017-07-27,24.7900,24.8400,23.8000,24.1300,1200758
2017-07-28,23.9800,24.4900,23.9800,24.2900,720705
2017-07-31,24.3200,24.5850,24.0800,24.3000,1070980
2017-08-01,24.4200,24.7000,24.0300,24.5600,1126115
2017-08-02,24.4300,24.6400,24.1400,24.2200,3248796
2017-08-03,24.2000,24.8000,24.0900,24.7100,1606222
2017-08-04,24.6600,24.6600,23.9200,24.6300,867631
2017-08-07,24.6700,24.7000,24.4100,24.6000,1803544
2017-08-08,24.4500,24.6800,24.1000,24.2000,2449746
2017-08-09,24.1000,25.2200,24.0800,24.6500,2135531
2017-08-10,24.7000,24.8400,24.3400,24.6900,1813245
2017-08-11,24.6900,24.8500,24.4300,24.7200,2035980
2017-08-14,24.9200,24.9600,24.5300,24.7400,1862842
2017-08-15,25.1500,25.4000,24.6500,25.2400,2406372
2017-08-16,25.3600,25.5900,25.2400,25.2500,1382509
2017-08-17,25.1100,25.4600,24.7300,24.7700,1193363
2017-08-18,24.6300,24.6800,24.3000,24.4600,1024818
2017-08-21,24.4800,24.4800,24.0700,24.1700,759475
2017-08-22,24.2300,24.4000,24.1200,24.1900,904805
2017-08-23,24.1900,24.2900,24.1000,24.1900,997475
2017-08-24,24.3100,24.3150,24.0900,24.2000,1776892
2017-08-25,24.3500,25.3600,24.2500,25.3400,1158762
2017-08-28,25.2800,26.3000,25.2800,26.1900,1895873
2017-08-29,26.0500,26.5100,25.6900,26.2700,1554525
2017-08-30,26.2000,26.2600,25.4400,25.9200,1424421
2017-08-31,25.9100,26.1700,25.6800,25.8600,907268
2017-09-01,25.9000,26.7200,25.8600,26.3100,646469
2017-09-05,26.3100,26.6500,26.3100,26.5900,1067344
2017-09-06,26.5900,27.4000,26.5900,27.2000,1522830
2017-09-07,27.1300,27.6300,26.9200,27.4200,790674
2017-09-08,27.3800,27.4000,26.7700,26.8500,927588
2017-09-11,27.0100,27.2400,26.8200,27.0000,572381
2017-09-12,27.0800,27.1800,26.7500,26.8000,825511
2017-09-13,26.8000,27.1799,26.7700,27.0200,888855
2017-09-14,26.9100,27.0700,26.5700,26.7000,656259
2017-09-15,26.5500,26.7300,26.1100,26.1300,1154519
2017-09-18,26.1800,26.3900,25.9200,25.9800,634951
2017-09-19,25.9800,26.4600,25.7900,26.1900,565879
2017-09-20,26.1400,26.2500,25.6768,25.8700,1053012
2017-09-21,25.7700,25.8100,25.2900,25.5500,1719907
2017-09-22,25.8600,27.4300,25.7800,26.4400,2532342
2017-09-25,26.3600,26.5100,25.8100,25.9900,690226
2017-09-26,26.0000,26.7900,25.8800,26.6600,1695488
2017-09-27,26.7100,26.8000,25.9900,26.7500,1153597
2017-09-28,26.6800,26.7200,26.3300,26.6000,997426
2017-09-29,26.6700,27.3000,26.4900,26.6100,1353616
2017-10-02,26.6300,26.9200,26.5800,26.7900,1315844
2017-10-03,26.7000,27.5900,26.6600,27.4400,1892228
2017-10-04,27.4200,28.2450,27.4000,28.0400,1545509
2017-10-05,28.1700,28.7400,28.0080,28.6500,1364149
2017-10-06,28.5300,28.8800,28.1600,28.7100,1534823
2017-10-09,28.6800,28.7600,27.7700,27.8300,959176
2017-10-10,27.9300,28.4800,27.4500,27.5200,968810
2017-10-11,27.5100,27.8600,27.4300,27.7400,480990
2017-10-12,27.8800,28.2200,27.3500,27.4200,787342
2017-10-13,27.5500,27.7800,27.2300,27.2300,841393
2017-10-16,27.2400,27.5150,26.8400,27.0900,689371
2017-10-17,26.8400,26.9800,26.1100,26.5900,1155496
2017-10-18,26.6800,27.0400,26.1100,26.2000,1190758
2017-10-19,26.0700,26.3000,25.6900,25.7100,1072132
2017-10-20,26.6700,26.8000,25.7500,25.8300,767196
2017-10-23,25.7800,25.8350,24.9700,25.0300,1125961
2017-10-24,25.0200,25.1500,24.5700,24.6000,1128530
2017-10-25,24.5600,25.1300,24.2400,24.5100,2316781
2017-10-26,24.3000,25.0500,24.3000,24.5500,848529
2017-10-27,24.4800,24.6550,24.0300,24.0500,880811
2017-10-30,24.0000,24.1900,23.8500,23.9200,866340
2017-10-31,23.8500,24.0650,23.4700,23.8200,1644969
2017-11-01,23.9200,24.2700,23.7200,23.7900,907951
2017-11-02,23.7700,24.5400,23.6100,24.3700,1252686
2017-11-03,24.4900,24.5600,23.9600,24.2200,797084
2017-11-06,24.2600,24.7100,24.1801,24.7000,627981
2017-11-07,24.4500,24.4950,22.9800,22.9900,4814190
2017-11-08,21.0000,22.8200,20.9400,22.0000,6646346
2017-11-09,21.9500,23.5300,21.8600,22.4700,2398102
2017-11-10,22.3900,22.8500,22.2510,22.8000,490939
2017-11-13,22.6600,22.9400,22.1700,22.7400,914263
2017-11-14,22.6900,23.2200,22.5600,23.2000,1982834
2017-11-15,23.2400,23.6900,22.8200,23.2900,1408755
2017-11-16,23.2900,24.1400,23.2300,23.8500,1331239
2017-11-17,23.7500,24.1800,23.6800,24.0000,778151
2017-11-20,23.9400,24.3300,23.7100,24.3000,854606
2017-11-21,24.3300,24.3300,23.9600,24.0700,1633399
2017-11-22,24.0800,24.5200,23.9200,24.3500,954838
2017-11-24,24.3500,24.3500,23.8300,24.1100,468069
2017-11-27,24.1500,24.8300,23.9500,24.3400,1090933
2017-11-28,24.3000,24.3200,23.7250,24.0700,2179127
2017-11-29,24.0700,24.9700,23.8500,24.8600,2858121
2017-11-30,24.8900,24.8900,23.8400,24.2400,1353865
2017-12-01,24.1100,24.1369,23.4400,23.8100,1279817
2017-12-04,23.9200,24.8000,23.8000,24.5600,2512612
2017-12-05,24.5500,25.6200,24.4400,24.9800,2231433
2017-12-06,24.9000,26.2300,24.9000,26.1600,2542204
2017-12-07,26.1300,27.2600,25.7100,26.7600,4271538
2017-12-08,26.7700,27.0000,26.1600,26.7600,1247061
2017-12-11,26.7900,26.9900,26.4900,26.8200,2089914
2017-12-12,26.7400,27.1900,26.5800,27.0600,2939334
2017-12-13,26.9800,27.4100,26.9600,27.3100,1911193
2017-12-14,27.2500,27.5600,27.1200,27.4100,1239550
2017-12-15,27.4900,27.6400,27.2000,27.2600,2748875
2017-12-18,27.9100,28.2300,27.3000,27.8900,2075988
2017-12-19,30.0000,30.3000,28.6700,29.2300,5115228
2017-12-20,29.3700,30.0300,29.2800,29.7500,1767969
2017-12-21,29.7750,30.1200,29.6200,29.9800,1621145
2017-12-22,29.7550,30.0200,29.5000,29.5600,1004229
2017-12-26,29.5000,30.1100,29.3700,29.5400,1270816
2017-12-27,29.5200,29.5200,28.8800,29.1500,1045846
2017-12-28,29.1600,29.1900,28.7300,28.8200,576404
2017-12-29,28.8500,29.0500,28.7000,28.8400,685655
2018-01-02,28.9700,29.1200,28.7000,28.9900,927006
2018-01-03,29.2200,29.4300,29.0800,29.2000,1014439
2018-01-04,29.2600,30.0500,29.2000,29.9800,850945
2018-01-05,30.2500,31.2000,30.1200,31.1800,1188827
2018-01-08,31.1500,32.0200,30.7400,31.9700,2071419
2018-01-09,31.9600,32.2800,31.2300,31.2400,3381596
2018-01-10,31.0300,31.5800,30.6500,31.1900,1013754
2018-01-11,31.2200,31.5100,30.9400,31.2400,1386193
2018-01-12,31.0800,31.0800,28.8800,30.5700,3325257
2018-01-16,30.5900,31.0300,30.4500,30.9600,1102833
2018-01-17,31.0200,31.4700,30.4700,30.7800,618308
2018-01-18,30.8600,30.9200,30.6000,30.6800,503406
2018-01-19,30.6400,30.9800,30.3000,30.4600,849064
2018-01-22,30.3800,30.5250,30.1600,30.1600,1821340
2018-01-23,30.1800,30.9250,30.1800,30.3800,2461888
2018-01-24,30.4200,30.4200,29.1900,29.6400,3287404
2018-01-25,29.9000,30.0000,29.3010,29.7400,1411350
2018-01-26,29.7300,29.9000,29.3500,29.7300,722858
2018-01-29,29.7000,30.0300,29.6000,29.6600,544116
2018-01-30,29.4700,30.0000,29.4700,29.6800,2334647
2018-01-31,29.6900,29.8600,29.6200,29.6900,1294443
2018-02-01,29.6500,29.7700,29.1800,29.2300,1321447
2018-02-02,29.0400,29.0600,27.9900,28.0600,1277283
2018-02-05,27.8800,28.2100,26.9000,26.9000,912487
2018-02-06,26.3300,28.0300,26.2400,27.8400,1704790
2018-02-07,27.6900,28.0200,27.5700,27.6200,665757
2018-02-08,27.7300,27.9000,27.4300,27.4600,1435310
2018-02-09,27.6200,27.7300,26.3300,27.2200,949737
2018-02-12,27.2100,28.3400,27.0600,28.2000,1115749
2018-02-13,28.1800,28.5700,27.8500,28.4800,761674
2018-02-14,28.4100,28.8814,27.7700,28.5000,2782522
2018-02-15,28.7900,29.0900,28.0300,28.9400,1491903
2018-02-16,28.7500,29.4700,28.0800,29.2700,2442182
2018-02-20,29.1600,30.0200,29.0000,29.3900,1131677
2018-02-21,29.4200,29.9200,29.3200,29.4100,635210
2018-02-22,29.4500,29.6800,28.9600,29.1900,2781854
2018-02-23,29.3900,29.5000,29.0550,29.2700,706223
2018-02-26,29.3200,29.4003,28.6500,29.0700,1031704
2018-02-27,29.0800,29.0800,27.7400,27.8100,869438
2018-02-28,27.8900,28.1300,27.3700,27.3900,809630
2018-03-01,27.3200,27.6000,26.5800,26.8900,1231004
2018-03-02,26.6300,28.1500,26.4600,27.9800,1303013
2018-03-05,27.8700,28.5000,27.5000,28.2900,885653
2018-03-06,29.7000,30.3200,28.6600,29.4500,1727464
2018-03-07,29.0500,29.2100,27.8500,28.9500,1052037
2018-03-08,29.1100,29.4900,28.9400,29.4900,849228
2018-03-09,29.6600,30.0300,29.3700,29.7800,2657465
2018-03-12,29.9100,30.0000,29.6800,29.8000,1386444
2018-03-13,29.9400,30.1800,29.7200,29.9600,1118923
2018-03-14,30.1500,30.1500,29.6200,29.7200,971006
2018-03-15,29.8200,29.8300,29.5100,29.7200,495286
2018-03-16,29.6700,30.1600,29.6700,29.7500,2456029
2018-03-19,29.7100,29.9400,29.4500,29.7800,858842
2018-03-20,29.7400,29.8950,29.4100,29.7200,651808
2018-03-21,29.7600,29.9200,29.4900,29.7300,321659
2018-03-22,30.0500,30.0500,29.6300,29.8200,2925189
2018-03-23,29.7800,29.8900,27.5000,28.0300,2920819
2018-03-26,28.3100,28.6000,27.7800,28.3800,2041891
2018-03-27,28.3900,28.4700,27.8700,28.0000,1438569
2018-03-28,27.9200,28.2100,27.5001,27.7200,730144
2018-03-29,27.8700,28.4400,27.7650,28.3300,718991
2018-04-02,28.2900,28.3800,27.4300,27.5200,464259
2018-04-03,27.7600,28.0500,27.5000,27.9500,547826
2018-04-04,27.9300,28.2300,27.7200,28.1900,934954
2018-04-05,28.4700,28.5700,28.0300,28.5400,510654
2018-04-06,28.3100,28.7700,28.3100,28.6300,707326
2018-04-09,28.8400,29.1950,28.5300,28.7500,1131213
2018-04-10,29.1500,29.3600,28.8075,29.1800,526214
2018-04-11,29.0500,29.3400,28.8100,28.8400,704553
2018-04-12,28.9000,29.0600,28.6200,28.6500,712506
2018-04-13,28.7100,28.7600,27.9500,27.9700,801459
2018-04-16,28.1100,28.8700,28.1100,28.3100,1031813
2018-04-17,28.5000,28.9400,28.4600,28.8200,923170
2018-04-18,28.8200,29.3200,28.5200,28.9300,714556
2018-04-19,28.9400,29.0000,28.0900,28.1600,749763
2018-04-20,28.0900,28.2350,27.4400,27.5000,1072130
2018-04-23,27.5700,28.1000,27.5700,28.0100,486602
2018-04-24,28.0600,28.1800,27.7200,28.0500,498562
2018-04-25,27.9900,28.2050,27.9200,28.0300,358673
2018-04-26,28.0300,28.5800,27.9800,28.2400,415805
2018-04-27,28.2700,28.6100,28.2400,28.5500,319252
2018-04-30,28.5300,28.9100,28.3200,28.4800,599968
2018-05-01,28.3300,28.6050,28.0500,28.2700,399266
2018-05-02,28.1800,28.4200,28.0500,28.1400,490075
2018-05-03,28.1200,28.2800,27.1600,27.3900,1127291
2018-05-04,27.2500,27.8900,27.2500,27.5900,1078978
2018-05-07,27.7600,27.9500,27.5400,27.8800,1056976
2018-05-08,27.9100,27.9400,27.4700,27.7400,1003959
2018-05-09,27.0300,27.0300,24.9600,25.1300,2675848
2018-05-10,25.1300,26.4900,25.0900,26.2100,1636237
2018-05-11,26.2500,27.3300,25.9700,25.9700,1303803
2018-05-14,26.0900,26.4200,25.6100,25.8100,967885
2018-05-15,25.7600,25.8200,24.7500,25.0600,1573558
2018-05-16,25.1300,26.0300,24.1300,24.1700,2485919
2018-05-17,24.3200,24.8158,23.7700,24.0100,2354432
2018-05-18,23.9500,25.0200,23.9500,24.4200,1320736
2018-05-21,24.6100,24.7700,24.1900,24.4900,1016366
2018-05-22,24.5500,24.8800,24.1000,24.2900,1505143
2018-05-23,24.2600,24.8000,24.2600,24.6800,1327150
2018-05-24,24.7200,25.0800,24.6650,24.7100,619665
2018-05-25,24.6700,24.6700,24.0600,24.0800,487301
2018-05-29,23.9400,24.5200,23.8900,24.4400,562488
2018-05-30,24.6300,27.0400,24.4300,26.5900,2707959
2018-05-31,26.6500,27.7000,25.2000,25.6800,4294436
2018-06-01,25.7600,26.6000,25.4100,26.3100,1289699
2018-06-04,26.4000,26.7300,26.1100,26.2900,547082
2018-06-05,26.2500,26.5600,26.1800,26.5000,612839
2018-06-06,26.4800,26.7200,26.2500,26.7000,786085
2018-06-07,26.7800,27.6500,26.2700,27.5500,2000073
2018-06-08,27.6300,28.0300,27.0200,27.6000,1665433
2018-06-11,27.5800,28.5950,27.4600,28.4500,1083105
2018-06-12,28.5000,29.6900,28.4500,29.6100,1647462
2018-06-13,29.6800,30.2200,29.5500,29.7700,1194710
2018-06-14,29.8600,30.1290,29.3200,29.6600,929284
2018-06-15,29.4700,29.8900,28.9800,29.6200,1614117
2018-06-18,29.3800,30.0300,29.2300,29.9100,743599
2018-06-19,29.7400,30.0600,29.5000,29.9900,864663
2018-06-20,30.1000,30.4600,29.6500,29.9400,718950
2018-06-21,30.0000,30.0108,28.8400,28.8700,809623
2018-06-22,29.0300,29.5300,28.7500,28.7600,1068112
2018-06-25,28.5300,28.8900,28.0750,28.2500,1185246
2018-06-26,28.3700,28.5500,27.7100,28.4500,1260306
2018-06-27,28.4700,29.0500,28.4300,28.5700,1198162
2018-06-28,28.4500,28.8000,27.6500,28.3500,1300919
2018-06-29,28.4800,29.0500,28.0400,28.3900,568052
2018-07-02,28.2100,29.3100,27.8000,29.2500,568305
2018-07-03,29.2700,29.6400,29.1500,29.4700,369629
2018-07-05,29.6300,29.7700,29.1800,29.6500,767429
2018-07-06,29.5400,30.0000,29.4000,29.9000,797284
2018-07-09,30.0000,30.4500,29.7000,30.4200,892326
2018-07-10,30.5000,30.5100,29.3500,29.6200,880627
2018-07-11,29.5000,32.2400,29.0010,32.0000,3752386
2018-07-12,32.2800,32.5700,31.5100,32.4700,972668
2018-07-13,32.5900,32.9400,32.1500,32.2100,933324
2018-07-16,32.2800,32.2800,31.3600,31.4000,427775
2018-07-17,31.3300,31.7700,31.3200,31.3600,426268
2018-07-18,31.3400,31.3400,30.4900,30.6400,697852
2018-07-19,30.6400,31.2100,30.4200,30.8800,596949
2018-07-20,30.9900,30.9900,30.4650,30.4800,1009471
2018-07-23,30.4100,30.4100,29.5100,29.5300,1322176
2018-07-24,29.7100,29.8300,28.3400,28.5600,1002016
2018-07-25,28.7000,28.9700,28.4700,28.9600,936917
2018-07-26,28.9100,29.0900,28.5000,28.8000,1287479
2018-07-27,28.8100,29.0100,28.0800,28.3300,491246
2018-07-30,28.2600,28.7100,28.1400,28.3300,586837
2018-07-31,28.2400,28.6950,28.1900,28.3700,733283
2018-08-01,28.2500,28.5500,27.8100,28.1700,418694
2018-08-02,27.9500,28.2600,27.6400,27.8000,740513
2018-08-03,27.7900,28.4600,27.7900,28.1300,505872
2018-08-06,28.0800,28.5800,27.8800,28.4300,405301
2018-08-07,28.4400,28.7400,27.9400,28.0200,893809
2018-08-08,25.0300,29.5400,25.0100,27.2900,3982303
2018-08-09,27.2700,27.9598,26.5000,27.9200,1021716
2018-08-10,27.7000,28.2299,27.5800,28.0000,1076271
2018-08-13,27.9800,28.2600,27.1900,27.2400,634034
2018-08-14,27.2600,27.7000,27.2500,27.4000,546212
2018-08-15,27.2900,27.3250,26.3700,26.6500,1156984
2018-08-16,26.7300,27.2200,26.5850,26.9400,727762
2018-08-17,26.9100,27.2700,26.8300,27.1600,340203
2018-08-20,27.2200,27.3000,26.8700,27.1400,360155
2018-08-21,27.1200,27.3200,26.8100,26.8100,355223
2018-08-22,26.6600,26.9200,26.5100,26.7200,435590
2018-08-23,26.6800,26.8000,26.4400,26.5100,354515
2018-08-24,26.5600,26.9600,26.4300,26.5900,580693
2018-08-27,26.7600,27.1700,26.6900,27.0700,771266
2018-08-28,27.1800,27.1800,26.4100,26.7100,628212
2018-08-29,26.7600,26.8400,26.3494,26.4700,383212
2018-08-30,26.4200,26.8300,26.2250,26.7200,412993
2018-08-31,26.6200,26.9100,26.5500,26.9100,604762
2018-09-04,26.8700,27.4300,26.5000,27.0100,830348
2018-09-05,26.8500,27.2500,25.9500,26.0900,1051968
2018-09-06,26.0600,26.0700,25.6800,25.9500,582439
2018-09-07,25.7800,26.2700,25.6700,26.1500,566166
2018-09-10,26.1800,26.8400,26.1500,26.8000,878986
2018-09-11,26.7300,26.8300,25.9800,26.3400,538396
2018-09-12,26.2500,26.6550,26.0100,26.6200,766270
2018-09-13,26.7000,26.8800,26.2400,26.5700,663886
2018-09-14,26.5600,26.5600,25.9600,26.0100,520142
2018-09-17,26.0000,26.2516,25.6900,25.8100,720973
2018-09-18,25.8900,26.3400,25.6800,25.9300,626193
2018-09-19,25.9100,25.9600,25.3000,25.4500,596826
2018-09-20,25.5400,25.6900,25.1600,25.6900,624730
2018-09-21,25.9000,26.9300,25.5600,26.4600,3070422
2018-09-24,26.2600,26.7800,26.0900,26.7500,778905
2018-09-25,26.7600,27.4200,26.3300,27.2100,851893
2018-09-26,27.2500,27.8100,27.0500,27.0700,725913
2018-09-27,27.1000,27.7900,26.8600,27.5900,592782
2018-09-28,27.4700,27.9000,27.3600,27.6100,890979
2018-10-01,27.6500,27.7500,26.9200,27.0700,814874
2018-10-02,27.0500,27.3300,26.5300,26.9000,788440
2018-10-03,27.0000,27.5700,26.7900,27.3800,541109
2018-10-04,27.2400,27.2500,26.8700,26.9900,534700
2018-10-05,27.2000,27.5000,26.7800,27.3600,596107
2018-10-08,27.2000,27.4000,26.8100,26.9400,921393
2018-10-09,26.8000,26.9400,25.6500,25.8000,835414
2018-10-10,25.6400,25.7950,24.6900,25.2300,1103254
2018-10-11,25.0900,25.4000,24.8600,24.9000,599041
2018-10-12,25.4000,25.6200,25.0200,25.5000,686249
2018-10-15,25.4600,25.9600,25.3150,25.7000,461716
2018-10-16,25.8900,26.2450,25.6100,26.1400,703809
2018-10-17,26.0100,26.1800,25.5600,25.8000,449871
2018-10-18,25.7800,25.8800,25.0800,25.1500,405427
2018-10-19,25.1700,25.7900,24.2200,24.4700,1116416
2018-10-22,24.6500,25.3900,24.4700,25.0200,989307
2018-10-23,24.6500,26.1300,24.4900,26.0400,672284
2018-10-24,25.9800,26.8800,25.9800,26.1200,1206701
2018-10-25,26.3900,26.8000,25.9100,26.3800,1421070
2018-10-26,26.1200,26.5800,25.2400,25.5000,673685
2018-10-29,25.8100,26.0900,24.8800,25.0100,1091318
2018-10-30,25.0100,25.5600,24.7300,25.4700,709708
2018-10-31,25.8200,26.2100,25.4800,26.1100,588184
2018-11-01,26.2800,26.7600,26.1100,26.5500,560489
2018-11-02,26.5600,26.8500,26.2000,26.3600,512879
2018-11-05,26.3000,26.4700,26.0000,26.1900,1213484
2018-11-06,26.1600,26.9300,26.0600,26.3000,1238216
2018-11-07,26.3000,26.3400,24.8600,25.8700,2295458
2018-11-08,25.5400,26.3000,25.4650,25.7000,635814
2018-11-09,25.3700,26.1000,25.3200,25.6700,560714
2018-11-12,25.6900,26.2200,25.6000,25.6300,668520
2018-11-13,25.7900,26.3900,25.6400,25.6500,841334
2018-11-14,25.8500,26.2000,25.1200,25.6000,783311
2018-11-15,25.4900,25.7450,24.9550,25.4600,732384
2018-11-16,25.2500,26.2250,25.0700,26.1400,769971
2018-11-19,26.0500,26.3200,25.0400,25.1000,404779
2018-11-20,24.6500,25.6100,24.6500,25.2100,753626
2018-11-21,25.3700,25.6100,25.1600,25.3300,455406
2018-11-23,25.1900,25.4600,25.1700,25.3100,195923
2018-11-26,25.5900,25.7600,25.3500,25.6500,793511
2018-11-27,25.5200,25.7300,24.9700,25.0000,576341
2018-11-28,25.0900,25.7800,25.0000,25.6900,910220
2018-11-29,25.6400,26.2700,25.5600,26.2700,804358
2018-11-30,26.2500,26.4000,25.7600,25.8700,1099684
2018-12-03,26.0700,26.0700,25.0000,25.3200,711476
2018-12-04,25.3500,25.3700,24.5400,24.5900,1031571
2018-12-06,24.2700,25.1000,23.9900,25.0800,1397557
2018-12-07,24.9700,25.1000,23.6900,24.2700,1323104
2018-12-10,24.3100,24.4300,23.8000,23.9300,1033046
2018-12-11,24.2800,24.6900,23.8300,23.8500,849517
2018-12-12,24.1400,25.4600,23.9500,25.3100,831737
2018-12-13,25.5300,25.5350,23.3000,23.6500,992315
2018-12-14,23.4100,24.3200,23.4100,23.6300,1099549
2018-12-17,23.4900,23.7600,22.9600,23.1500,1588957
2018-12-18,23.2500,23.6500,22.6675,23.1800,795086
2018-12-19,23.2800,23.4350,22.3400,22.4300,839771
2018-12-20,22.4000,22.4600,21.1600,21.6000,1143088
2018-12-21,21.5600,21.6100,20.2200,20.9000,1833247
2018-12-24,20.6200,20.7900,20.1400,20.1400,569122
2018-12-26,20.3400,21.9350,20.1700,21.8500,840126
2018-12-27,21.5000,21.9000,20.9400,21.8900,1375430
2018-12-28,21.7800,22.2200,21.2800,21.3300,766520
2018-12-31,21.5300,21.7000,21.0200,21.5000,477972
2019-01-02,21.0800,22.1600,21.0600,22.0400,588341
2019-01-03,21.8600,22.0600,21.3700,21.4200,545291
2019-01-04,21.7200,22.4600,21.7200,22.2500,389079
2019-01-07,22.1700,22.6700,22.0800,22.3300,704210
2019-01-08,22.5500,22.9900,22.3200,22.8200,551296
2019-01-09,23.0000,23.3100,22.7300,23.2600,532712
2019-01-10,23.0900,23.2400,22.8000,23.0200,302420
2019-01-11,23.0400,23.1500,22.8050,23.0700,651285
2019-01-14,22.8400,22.9000,22.4900,22.5500,519174
2019-01-15,22.8600,23.4700,22.6500,23.4000,490182
2019-01-16,23.4600,23.6600,22.8500,23.1600,722846
2019-01-17,25.9000,26.0300,24.0900,24.7100,2961123
2019-01-18,24.9000,25.5300,24.5300,24.9800,970927
2019-01-22,25.3600,25.4600,24.9800,25.1800,1148991
2019-01-23,25.3000,25.7000,24.8201,25.2300,1023904
2019-01-24,25.2000,25.4700,25.1200,25.3400,284471
2019-01-25,25.4700,26.0100,25.4000,25.8900,618316
2019-01-28,25.6300,26.4700,25.6300,26.1800,782922
2019-01-29,26.2100,26.2100,25.7400,26.0200,528503
2019-01-30,27.7100,28.5000,26.8300,26.9900,2044336
2019-01-31,26.9700,27.4400,26.7250,27.3100,853333
2019-02-01,27.2800,27.6700,27.0700,27.3700,1198929
2019-02-04,27.3200,27.8900,27.0500,27.3500,934449
2019-02-05,27.2700,27.4700,26.2300,26.8200,2479140
2019-02-06,26.8100,27.3000,26.5600,26.5800,699192
2019-02-07,26.5600,26.5650,26.1600,26.3400,701369
2019-02-08,26.2500,26.4700,25.7100,26.0000,843415
2019-02-11,26.1500,26.4000,25.5100,25.8600,695379
2019-02-12,26.1300,26.4700,25.9400,26.4500,669110
2019-02-13,26.4800,26.7100,25.6600,25.7500,810815
2019-02-14,25.7300,26.1900,25.7025,25.7600,658237
2019-02-15,25.9400,25.9400,25.1000,25.3400,1066124
2019-02-19,25.3100,25.3700,24.7000,24.9900,897379
2019-02-20,24.8000,25.3200,24.8000,25.0800,799292
2019-02-21,25.0100,25.2300,24.7200,24.8500,421889
2019-02-22,25.0200,25.3000,24.7800,25.1600,730416
2019-02-25,25.4800,25.4800,24.7900,25.0100,707766
2019-02-26,25.0100,25.1200,24.7909,24.8300,735312
2019-02-27,24.7100,24.9900,24.6410,24.7000,674082
2019-02-28,24.7000,24.7200,22.6300,23.5400,3792142
2019-03-01,23.4700,25.0200,23.3500,24.0200,2232263
2019-03-04,24.0500,24.0500,23.2850,23.9600,1496633
2019-03-05,23.8800,24.0100,22.9800,23.0900,2031785
2019-03-06,23.1100,23.4500,23.0300,23.2100,1004226
2019-03-07,23.2000,23.4400,22.4100,22.4600,900747
2019-03-08,22.4000,23.0000,22.1400,22.7500,1106140
2019-03-11,22.8600,23.1700,22.7900,22.9200,1192113
2019-03-12,22.9100,23.5900,22.9100,23.1500,1400944
2019-03-13,23.1700,23.3800,22.2600,22.3400,1084200
2019-03-14,22.3400,22.9500,22.1550,22.8700,932858
2019-03-15,23.0000,23.1900,22.5900,22.7200,1609130
2019-03-18,22.5600,23.0500,22.5200,22.8700,788831
2019-03-19,22.9400,23.2100,22.7700,22.9900,526363
2019-03-20,22.8900,23.8100,22.8900,23.2300,1230780
2019-03-21,23.0600,24.4300,23.0000,23.3000,2590287
2019-03-22,23.2500,23.2500,21.5700,21.8000,1732691
2019-03-25,21.7700,22.6000,21.5300,22.0300,751615
2019-03-26,22.2000,22.5600,21.8850,22.5300,564199
2019-03-27,22.4800,23.1800,22.4200,22.7700,1066132
2019-03-28,22.7400,22.9600,22.5200,22.7400,445136
2019-03-29,22.9100,23.0700,22.7500,22.8000,615055
2019-04-01,23.0000,23.4700,22.9500,23.0600,575176
2019-04-02,23.0700,23.1900,22.8200,23.1600,1207251
2019-04-03,23.4000,23.6050,22.9600,22.9800,577220
2019-04-04,22.9900,23.3000,22.7200,22.8700,845584
2019-04-05,22.9800,23.2850,22.6000,23.0000,1358600
2019-04-08,22.9800,23.1100,22.7300,22.7700,678312
2019-04-09,22.6100,23.0700,22.5100,22.7900,593916
2019-04-10,22.8000,23.1700,22.8000,23.0000,573077
2019-04-11,23.0100,23.0450,21.6200,21.7200,1168077
2019-04-12,21.8300,21.8450,21.4650,21.5300,1836779
2019-04-15,21.5600,21.7500,21.4800,21.6700,1164219
2019-04-16,21.7500,22.2500,19.7400,20.2700,1971593
2019-04-17,20.4400,21.7200,20.3700,21.5700,3637490
2019-04-18,21.4900,21.7400,20.5701,20.7000,1493199
2019-04-22,20.5800,21.1200,20.5000,20.7000,1206314
2019-04-23,20.8500,20.9500,20.4200,20.4300,851060
2019-04-24,20.3900,20.9900,20.1400,20.8000,1446549
2019-04-25,20.7100,20.9900,20.3300,20.7600,1099315
2019-04-26,20.7700,21.0085,20.5500,20.9000,798802
2019-04-29,20.9100,21.0600,20.6700,20.9100,1121796
2019-04-30,20.8900,20.9700,20.3600,20.8100,968881
2019-05-01,20.8100,21.0200,20.3700,20.3800,880334
2019-05-02,20.4500,20.7800,20.1000,20.4000,1232525
2019-05-03,20.6100,21.4900,20.5100,21.4000,1894036
2019-05-06,20.9700,21.3800,19.9900,21.2300,1319571
2019-05-07,21.0600,21.3100,20.9700,21.2700,682732
2019-05-08,21.2900,21.5400,21.0500,21.1800,498901
2019-05-09,20.9400,21.0900,20.7700,20.8200,940334
2019-05-10,21.5000,22.2600,21.0600,22.0800,2213534
2019-05-13,21.6100,22.3500,21.2100,21.9000,1108695
2019-05-14,22.0300,22.8200,21.9100,22.6400,893940
2019-05-15,22.6100,23.0600,22.1500,22.7500,998162
2019-05-16,22.8500,23.0800,22.5100,23.0000,852777
2019-05-17,22.6700,23.0300,22.5300,22.7400,1326079
2019-05-20,22.4500,22.4800,21.6700,22.0000,906979
2019-05-21,22.1400,22.3200,21.8200,21.8900,677935
2019-05-22,21.8300,22.0900,21.6700,21.7300,629479
2019-05-23,21.4100,21.5800,21.1100,21.3800,475525
2019-05-24,21.5500,21.8000,21.2900,21.7000,474770
2019-05-28,21.7000,22.1150,21.2200,21.4500,592720
2019-05-29,21.3000,21.4800,20.7400,21.1100,610565
2019-05-30,21.1300,21.2800,20.8900,21.0600,489172
2019-05-31,20.7200,21.2150,20.5000,21.1700,748667
2019-06-03,21.1400,21.3000,19.0500,20.4300,2330996
2019-06-04,20.6800,21.1600,20.5150,21.0900,1295711
2019-06-05,21.1500,21.1500,20.1700,20.5100,681363
2019-06-06,20.4000,20.4000,19.3200,20.0400,948684
2019-06-07,20.0300,20.7500,19.9800,20.6000,976156
2019-06-10,20.7300,20.8500,20.3200,20.6300,440985
2019-06-11,20.8100,21.4400,20.7150,21.2500,1212611
2019-06-12,21.1800,21.2700,20.5850,20.8400,710601
2019-06-13,20.8500,21.4700,20.7500,21.4600,639460
2019-06-14,21.4700,21.5500,20.8400,21.1600,587947
2019-06-17,21.1800,21.6300,20.9700,21.4200,503921
2019-06-18,21.5100,22.0800,21.4500,21.6800,594735
2019-06-19,21.7200,21.7500,21.2600,21.7300,544045
2019-06-20,22.1000,22.1000,21.4700,21.6800,474818
2019-06-21,21.5400,21.8500,21.3900,21.4400,1076073
2019-06-24,21.4300,21.4300,20.8750,20.9500,591333
2019-06-25,20.9600,21.0400,19.2900,19.4200,1222642
2019-06-26,19.5100,20.0400,19.0800,19.6700,761379
2019-06-27,19.7700,19.9900,19.5700,19.8300,570030
2019-06-28,19.8500,19.9762,19.5400,19.7200,1113014
2019-07-01,20.0600,20.3600,19.8100,19.8600,616189
2019-07-02,20.8900,21.4100,20.7100,21.0800,2235121
2019-07-03,21.2300,22.2500,20.9400,21.1600,953533
2019-07-05,20.9600,21.3500,20.5700,21.3000,537426
2019-07-08,21.1800,21.3400,20.9000,21.0100,471449
2019-07-09,20.8800,21.0700,20.5600,21.0600,657120
2019-07-10,21.1700,21.3700,20.9900,21.1900,298328
2019-07-11,21.2000,21.3300,20.9000,21.1300,292451
2019-07-12,21.0900,21.7300,21.0100,21.6800,425986
2019-07-15,21.6800,21.7400,21.4700,21.4900,456936
2019-07-16,21.4700,21.4700,20.7700,20.8000,498990
2019-07-17,20.9000,21.0900,20.3600,20.3800,884161
2019-07-18,20.3500,20.4400,20.0200,20.1500,903451
2019-07-19,20.1600,20.9600,20.0000,20.0100,799288
2019-07-22,20.0000,20.6200,19.8000,20.5700,821938
2019-07-23,20.6500,20.8600,20.3700,20.5900,400888
2019-07-24,20.4700,20.6300,19.9400,20.5200,1349465
2019-07-25,20.5700,20.6800,19.7900,20.0900,489179
2019-07-26,20.2000,20.5100,19.9600,20.0100,350439
2019-07-29,19.9800,20.0250,19.2000,19.3200,660229
2019-07-30,19.2000,19.4200,19.0101,19.3300,768285
2019-07-31,19.3300,19.3800,18.7600,19.0000,1629163
2019-08-01,19.0600,19.2100,18.8100,18.8700,1839649
2019-08-02,18.8800,18.8800,17.9100,18.0400,2129224
2019-08-05,11.6100,12.3100,10.3000,11.8200,15115386
2019-08-06,11.5900,11.6100,9.8650,10.4000,7194063
2019-08-07,10.4300,10.4667,9.7000,9.8800,5544238
2019-08-08,10.0500,10.0550,9.1600,9.2000,7497219
2019-08-09,9.1600,9.2900,8.8700,9.0300,7197413
2019-08-12,8.9500,9.2700,8.7100,9.2550,2771550
2019-08-13,9.1100,9.7000,9.0600,9.5100,2554005
2019-08-14,9.3800,9.4600,9.0200,9.0400,3044001
2019-08-15,9.0900,9.2750,8.9500,9.0300,1626538
2019-08-16,9.0500,9.1900,8.8800,9.0000,1387475
2019-08-19,9.1200,9.2200,8.8400,8.8500,1364673
2019-08-20,8.7500,8.9400,8.6900,8.9000,1294522
2019-08-21,8.9100,9.1200,8.8800,9.0500,1114413
2019-08-22,9.1100,9.1400,8.7800,8.8800,1099908
2019-08-23,8.8000,8.9200,8.2300,8.2800,1382462
2019-08-26,8.3700,8.6500,8.3000,8.6400,1440222
2019-08-27,8.7200,9.0600,8.6500,8.9100,1701581
2019-08-28,8.9000,9.0100,8.8100,8.9200,1651164
2019-08-29,9.0000,9.3400,8.9700,9.1100,1027553
2019-08-30,9.1500,9.1650,8.8400,8.9100,1180236
2019-09-03,8.8200,8.9300,8.4000,8.8500,1851215
2019-09-04,8.9300,9.1200,8.8000,8.9700,935074
2019-09-05,9.1000,9.6800,9.1000,9.5100,1019156
2019-09-06,9.5300,9.6827,9.3900,9.5200,853965
2019-09-09,9.1400,9.2650,8.7000,8.9400,1695546
2019-09-10,8.9300,9.4000,8.7600,9.2800,1635631
2019-09-11,9.2800,9.7400,9.0400,9.7200,1252294
2019-09-12,10.0500,10.2400,9.6600,10.0000,2263714
2019-09-13,10.1000,11.2100,9.6600,10.9400,7243918
2019-09-16,11.2500,11.2900,10.6900,11.0200,3243575
2019-09-17,10.8800,10.9050,10.4700,10.6700,1977680
2019-09-18,10.7000,10.7000,9.7000,10.0000,1892533
2019-09-19,9.9900,10.3300,9.7500,9.8000,1707238
2019-09-20,9.8300,9.8750,9.3400,9.4600,9801181
2019-09-23,9.5300,9.6000,9.1600,9.1800,1897942
2019-09-24,9.2500,9.3000,8.6700,8.7600,1893422
2019-09-25,8.7500,9.0900,8.7500,9.0000,1286675
2019-09-26,8.9400,9.0400,8.7600,8.9100,1448754
2019-09-27,8.8900,9.1000,8.7700,8.8300,1102058
2019-09-30,8.8600,9.0000,8.6600,8.9800,1390424
2019-10-01,8.9900,9.3800,8.9900,9.3200,1445847
2019-10-02,9.2000,9.3500,8.9600,9.2400,1316748
2019-10-03,9.1800,9.2700,8.8000,9.1900,1003628
2019-10-04,9.2300,9.3200,9.0700,9.2700,735196
2019-10-07,9.1700,9.5600,9.0900,9.4900,1175059
2019-10-08,9.3900,9.4700,9.2600,9.3200,531140
2019-10-09,9.4500,9.5100,9.3500,9.4100,1086183
2019-10-10,9.4700,9.7800,9.4200,9.7400,2713706
2019-10-11,9.9000,10.2500,9.8700,10.1100,1629664
2019-10-14,10.0700,10.3300,9.8200,10.3200,786291
2019-10-15,10.2600,10.5600,10.0700,10.4000,782026
2019-10-16,10.4300,10.6500,10.3100,10.6300,704518
2019-10-17,10.6500,10.9500,10.5800,10.9500,767211
2019-10-18,10.9100,10.9999,10.6300,10.6900,889885
2019-10-21,10.7800,10.9100,10.4100,10.4200,616928
2019-10-22,10.4200,10.7800,10.2900,10.7300,1053246
2019-10-23,10.7200,10.7800,10.5700,10.7300,543953
2019-10-24,10.7400,10.7700,10.4700,10.5200,543579
2019-10-25,10.5100,11.1400,10.5100,11.0700,1307937
2019-10-28,11.0800,11.4750,11.0700,11.3500,709533
2019-10-29,11.3000,11.4100,11.0800,11.3800,779771
2019-10-30,11.4500,11.4500,11.2000,11.3200,1052265
2019-10-31,11.3200,11.3700,11.1300,11.3100,960457
2019-11-01,11.3400,12.1167,11.3400,12.0200,876717
2019-11-04,12.1000,12.3500,12.0100,12.0500,1118101
2019-11-05,12.1300,12.3500,11.7850,11.8500,1506385
2019-11-06,11.5200,12.6150,11.5200,12.1400,2268150
2019-11-07,12.3700,12.9200,12.3200,12.7400,2038202
2019-11-08,12.7400,12.8300,12.5400,12.5900,2179405
2019-11-11,12.4500,12.6500,12.2600,12.5900,580267
2019-11-12,12.5800,12.6300,12.3300,12.4800,703597
2019-11-13,12.3700,12.3700,11.9100,12.0800,728217
2019-11-14,12.0400,12.5800,11.8000,12.5100,1062792
2019-11-15,12.6300,12.7400,12.3600,12.6900,625673
2019-11-18,12.5900,12.6000,12.0200,12.2100,944269
2019-11-19,12.2900,12.3000,12.0000,12.0100,658812
2019-11-20,11.9700,12.8600,11.8700,12.8200,1065463
2019-11-21,12.8100,13.0400,12.6200,12.8400,796252
2019-11-22,12.9000,13.1400,12.7800,12.8200,833024
2019-11-25,12.9100,13.3450,12.8150,13.2600,522754
2019-11-26,13.2000,13.5500,12.9900,13.4600,709352
2019-11-27,13.4900,13.5271,12.7500,12.7500,431349
2019-11-29,12.6600,13.3800,12.5923,13.2900,931182
2019-12-02,13.2200,13.2600,12.5500,12.6100,615974
2019-12-03,12.5000,12.5850,12.2400,12.3600,1061369
2019-12-04,12.5200,12.7800,12.3200,12.3900,470863
2019-12-05,12.4500,12.5750,12.1600,12.5300,638083
2019-12-06,12.6800,12.7300,12.3800,12.4300,579542
2019-12-09,12.3700,12.9000,12.3500,12.6100,590868
2019-12-10,12.5100,12.7000,12.4200,12.7000,613581
2019-12-11,12.6600,12.8400,12.5100,12.5200,483489
2019-12-12,12.4900,12.7100,12.4000,12.5000,511824
2019-12-13,12.4700,12.8400,12.4000,12.4100,493941
2019-12-16,12.4400,12.6000,12.2350,12.4700,476518
2019-12-17,12.0300,12.1800,11.1400,11.9700,1415863
2019-12-18,11.9800,12.1550,11.7500,12.1000,604642
2019-12-19,12.1500,12.4100,11.9800,12.3900,1034041
2019-12-20,12.4500,12.6600,12.1850,12.2000,1133535
2019-12-23,12.2200,12.2800,11.8000,12.2500,809165
2019-12-24,12.1700,12.2700,12.1000,12.1100,200624
2019-12-26,12.1200,12.2300,12.0500,12.1000,396614
2019-12-27,12.1800,12.1800,11.8550,11.9000,344194
2019-12-30,11.8500,12.2400,11.7800,11.9100,701330
2019-12-31,11.8900,12.3000,11.7300,12.2200,832170
2020-01-02,12.4000,12.4200,11.9100,12.1000,733717
2020-01-03,11.8800,12.0750,11.8000,11.8600,656396
2020-01-06,11.7100,11.8500,11.5300,11.7000,827951
2020-01-07,11.7200,12.0300,11.2300,11.9800,1352219
2020-01-08,11.9300,11.9700,11.3500,11.4900,1776807
2020-01-09,11.5100,11.7000,11.3800,11.5100,924532
2020-01-10,11.4900,11.5000,11.2400,11.2600,844206
2020-01-13,11.2600,11.3800,11.0600,11.3400,781020
2020-01-14,11.2100,11.6500,11.1100,11.5000,807013
2020-01-15,11.5100,12.1800,11.5000,11.9900,814780
2020-01-16,12.1000,12.9100,12.0000,12.9000,935618
2020-01-17,12.9800,13.0394,12.7400,12.9600,761005
2020-01-21,12.9400,13.2600,12.8100,13.1100,655217
2020-01-22,13.1400,13.1800,12.5900,12.6100,720523
2020-01-23,12.5500,12.8100,12.0800,12.6700,771693
2020-01-24,12.7300,12.8100,11.8300,12.2400,875819
2020-01-27,11.8800,12.1200,11.6200,12.1100,1011285
2020-01-28,12.2500,12.4100,12.1600,12.3700,619548
2020-01-29,12.3900,12.4300,11.9000,12.2500,816173
2020-01-30,12.0600,12.3300,11.9150,12.1500,627726
2020-01-31,12.1000,12.1000,11.4100,11.6700,822945
2020-02-03,11.7800,12.4800,11.7800,12.4700,749980
2020-02-04,12.7000,13.1000,12.5300,12.6200,867333
2020-02-05,12.7800,13.1900,12.7800,13.1500,919107
2020-02-06,13.2400,13.4700,13.0700,13.3100,629593
2020-02-07,13.2000,13.3100,12.8800,12.9200,573672
2020-02-10,12.8300,12.9200,12.3196,12.4700,484953
2020-02-11,12.6100,13.0800,12.4600,12.7700,812299
2020-02-12,12.8700,13.0629,12.2600,12.4000,675361
2020-02-13,12.3000,12.3800,11.4400,11.4900,1199313
2020-02-14,11.3600,11.4600,10.2900,11.0100,1499871
2020-02-18,11.0200,11.0800,10.6800,10.7900,747478
2020-02-19,10.9200,11.6100,10.5800,11.3800,2687873
2020-02-20,11.3400,11.9000,11.3400,11.8400,878976
2020-02-21,11.5900,12.4100,11.4600,12.0200,1331124
2020-02-24,11.5400,12.1100,11.3000,12.0600,894286
2020-02-25,12.1200,12.1600,10.3900,10.5800,2851640
2020-02-26,10.3300,10.4700,8.6200,8.8900,3797016
2020-02-27,8.5800,8.6600,8.1600,8.2200,2397133
2020-02-28,7.9000,9.1100,7.8300,9.0800,2040252
2020-03-02,9.1000,9.1000,7.5500,7.9100,2528446
2020-03-03,8.1200,8.2500,7.3150,7.4800,1813061
2020-03-04,7.6200,7.9000,7.2900,7.7600,992930
2020-03-05,7.8300,7.8900,7.3700,7.4100,1725083
2020-03-06,7.1600,7.6200,6.9900,7.1000,1655063
2020-03-09,6.8200,7.2150,6.4300,6.7100,2297029
2020-03-10,6.8200,7.2200,6.4200,6.8700,1438532
2020-03-11,6.6300,6.7900,6.0500,6.1300,1150284
2020-03-12,5.7500,6.2200,5.6300,5.7700,1199472
2020-03-13,6.1600,7.1600,5.8100,7.1500,1475751
2020-03-16,6.1700,6.7200,6.0450,6.1000,1168296
2020-03-17,6.2000,6.5000,5.6200,6.1500,1405351
2020-03-18,5.7300,5.8800,5.1000,5.4000,1308825
2020-03-19,5.1300,5.2000,4.2550,4.7700,2995233
2020-03-20,4.8300,5.1000,3.9500,4.0900,2482487
2020-03-23,4.1300,4.1500,3.5200,3.7300,1750305
2020-03-24,3.9200,4.0000,3.6883,3.9400,3437505
2020-03-25,3.9200,4.6400,3.5400,4.1500,3029353
2020-03-26,4.2100,4.6500,3.9200,4.2800,4068902
2020-03-27,4.0100,4.0545,3.6800,3.7000,1832032
2020-03-30,3.8300,5.0992,3.7000,4.6700,3328188
2020-03-31,4.5800,4.9200,4.2600,4.3000,2265397
2020-04-01,4.0000,4.1900,3.8500,3.9000,1217928
2020-04-02,3.9700,3.9700,3.5700,3.6100,1199950
2020-04-03,3.6700,3.7700,3.2500,3.6200,1943436
2020-04-06,3.9300,4.1000,3.8100,4.0300,1428837
2020-04-07,4.2500,4.5300,3.8350,3.9400,1536263
2020-04-08,4.0500,4.6500,3.9100,4.4600,2435155
2020-04-09,4.6500,4.6900,4.1100,4.3300,2151672
2020-04-13,4.4300,4.4900,4.0900,4.2200,1547339
2020-04-14,4.2900,4.3956,4.0700,4.2900,1475052
2020-04-15,4.1600,4.2100,3.9200,4.2000,1984298
2020-04-16,4.2600,4.2600,3.8200,3.9200,1589765
2020-04-17,4.0700,4.2000,3.9750,4.1500,2461029
2020-04-20,4.1200,4.3100,3.9800,4.0600,1062883
2020-04-21,3.9500,4.0700,3.8100,4.0500,889859
2020-04-22,4.1300,4.1900,3.9900,4.0300,920565
2020-04-23,4.0900,4.3100,3.9700,4.0500,1415362
2020-04-24,4.0700,4.3100,3.9595,4.2600,1392248
2020-04-27,4.3200,4.8500,4.3200,4.7100,1344344
2020-04-28,4.9000,5.1100,4.6600,4.7900,1348474
2020-04-29,5.1100,5.6150,5.1033,5.4900,2169260
2020-04-30,5.5800,5.5800,4.9700,5.1800,1274915
2020-05-01,4.9800,5.0299,4.6300,4.8900,1183253
2020-05-04,4.8000,4.9600,4.6200,4.9500,733721
2020-05-05,4.7800,4.8300,4.4500,4.5200,1729190
2020-05-06,5.3000,7.4000,5.0250,6.9100,21811446
2020-05-07,6.4100,6.7434,5.5500,5.5700,8170445
2020-05-08,5.7500,6.8700,5.7500,6.0400,6040789
2020-05-11,6.0000,6.0799,5.7000,5.8000,2102221
2020-05-12,5.8100,5.8550,5.2400,5.2800,2046710
2020-05-13,5.2400,5.3000,4.7500,4.9400,1649072
2020-05-14,5.0200,5.0480,4.5500,4.9300,1658083
2020-05-15,4.8600,5.4500,4.7700,5.2900,1964118
2020-05-18,5.5200,5.7800,5.3300,5.5400,1848073
2020-05-19,5.4500,5.6100,5.0900,5.2100,1344264
2020-05-20,5.3600,5.7500,5.3300,5.7500,1749219
2020-05-21,5.6600,6.1450,5.6200,6.1000,1974359
2020-05-22,6.1600,6.1800,5.8300,6.0500,1190274
2020-05-26,6.2500,6.6381,6.1400,6.4900,1664263
2020-05-27,6.7500,6.8800,6.2402,6.7000,1660388
2020-05-28,6.7200,6.8600,6.0202,6.0400,1241801
2020-05-29,6.0600,6.2200,5.9200,6.1700,998110
2020-06-01,6.2000,6.3700,6.0400,6.2600,1224521
2020-06-02,6.3100,6.7000,6.2800,6.6600,1177118
2020-06-03,6.7800,7.2800,6.6900,7.2000,1614496
2020-06-04,7.1200,7.2400,7.0100,7.1400,1537341
2020-06-05,7.5600,8.1700,7.5400,7.6700,2904980
2020-06-08,8.0000,8.2300,7.9100,8.2200,1459924
2020-06-09,8.0000,8.1000,7.7400,7.9100,1343755
2020-06-10,7.7500,7.7500,6.9900,7.0000,1646159
2020-06-11,6.4700,6.6337,6.0100,6.0400,2013072
2020-06-12,6.4900,6.7800,6.1300,6.2800,1430969
2020-06-15,6.0100,6.4490,5.8701,6.2800,1634830
2020-06-16,6.7800,7.1800,6.5000,6.6000,1598271
2020-06-17,6.4900,6.5288,6.0700,6.2300,1340021
2020-06-18,6.1700,6.9500,6.1400,6.8400,1836605
2020-06-19,6.9400,7.0298,6.3950,6.5200,1538991
2020-06-22,6.6100,6.6900,6.4250,6.5300,961338
2020-06-23,6.6000,6.7729,6.3400,6.6300,864826
2020-06-24,6.4600,6.5600,5.9500,6.1600,1147562
2020-06-25,6.0800,6.3000,6.0000,6.1400,679909
2020-06-26,6.0400,6.1300,5.5000,5.5800,1519770
2020-06-29,5.6700,6.0600,5.5100,5.9100,887335
2020-06-30,5.8300,6.0100,5.7100,5.7600,1437956
2020-07-01,5.8200,6.1100,5.6800,5.6800,1366104
2020-07-02,5.8600,5.9700,5.6300,5.6400,799600
2020-07-06,5.8200,5.9900,5.6600,5.8200,926665
2020-07-07,5.7600,5.9100,5.6000,5.6200,624556
2020-07-08,5.6200,5.6950,5.4200,5.6500,933699
2020-07-09,5.6700,5.7200,5.3200,5.3500,1371849
2020-07-10,5.3500,5.8600,5.2491,5.8400,1087411
2020-07-13,5.9000,6.1800,5.7300,5.7400,1336664
2020-07-14,5.7400,5.7550,5.4500,5.5500,1089493
2020-07-15,5.6600,6.1900,5.6600,6.1500,1438890
2020-07-16,6.0000,6.2950,5.9400,6.1100,1246299
2020-07-17,6.1000,6.1500,5.7836,5.9100,771700
2020-07-20,5.8600,5.9400,5.7200,5.9100,607453
2020-07-21,6.0400,6.2100,5.8600,5.9100,780810
2020-07-22,5.8600,6.2500,5.8360,6.2100,666488
2020-07-23,6.1400,6.5500,6.0800,6.3200,1255662
2020-07-24,6.1800,6.3999,6.0900,6.2100,731689
2020-07-27,6.2000,6.5363,6.2000,6.3800,966866
2020-07-28,6.3300,6.8300,6.3201,6.5900,1038307
2020-07-29,6.6000,7.0100,6.3200,6.8900,1977578
2020-07-30,8.0000,8.4400,7.1300,8.3200,5217293
2020-07-31,8.3100,8.3700,7.7700,8.1200,2358362
2020-08-03,8.1200,8.8150,8.1200,8.7700,2298108
2020-08-04,8.7800,9.2000,8.5181,8.7600,1869677
2020-08-05,8.9100,9.0500,8.6050,8.6900,1291396
2020-08-06,8.7900,9.1900,8.7350,9.1500,2259038
2020-08-07,9.1500,9.6600,9.0900,9.2200,3096502
2020-08-10,9.3000,9.4650,8.6900,8.7300,1429339
2020-08-11,8.9500,9.1600,8.6750,8.6900,1581156
2020-08-12,8.7800,8.8199,8.1100,8.2000,1374284
2020-08-13,8.1400,8.5100,8.0300,8.4700,1165428
2020-08-14,8.3900,8.6600,8.2600,8.6400,1078891
2020-08-17,8.6200,8.6500,7.8850,8.1800,1326592
2020-08-18,8.1800,8.6480,8.0100,8.5300,1220380
2020-08-19,8.6000,8.8700,8.4250,8.5000,894917
2020-08-20,8.3400,8.7200,8.1721,8.5800,1150546
2020-08-21,8.5800,8.8585,8.4300,8.7100,1281688
2020-08-24,8.8500,9.4700,8.7800,9.4100,1433097
2020-08-25,9.3600,9.8250,9.1100,9.6700,1882641
2020-08-26,9.6600,9.8800,9.2500,9.2900,1363704
2020-08-27,9.3200,9.4500,8.8000,9.0500,1226229
2020-08-28,9.0500,9.2500,9.0100,9.1700,655884
2020-08-31,9.1700,9.1700,8.5500,8.6800,1029297
2020-09-01,8.7200,8.9700,8.6200,8.8600,634595
2020-09-02,8.8500,9.0400,8.6000,9.0100,886633
2020-09-03,8.9700,9.0899,8.3800,8.4800,980362
2020-09-04,8.6700,8.6700,8.0500,8.3800,721127
2020-09-08,8.1800,8.5900,8.1500,8.3700,465594
2020-09-09,8.4400,8.4500,8.0600,8.2600,763566
2020-09-10,8.3200,8.5200,8.2550,8.2800,623307
2020-09-11,8.3200,8.3400,7.9200,8.0600,695961
2020-09-14,8.1900,8.7000,8.1296,8.5500,902712
2020-09-15,8.6600,8.8400,8.4100,8.4600,771026
2020-09-16,8.9600,9.6200,8.9300,9.1300,2002792
2020-09-17,8.8600,8.8994,8.5600,8.7200,1133056
2020-09-18,8.7900,8.8300,8.2592,8.6000,1534844
2020-09-21,8.4200,8.4700,8.0200,8.4200,915764
2020-09-22,8.4900,8.7200,8.3600,8.3900,1226639
2020-09-23,8.4200,8.6600,8.1700,8.1800,1499207
2020-09-24,8.0900,8.1700,7.5900,7.6000,1032771
2020-09-25,7.5600,7.6000,7.2400,7.5600,1318514
2020-09-28,7.7300,8.1200,7.7300,8.0400,897121
2020-09-29,8.0400,8.1950,7.9066,8.1200,764400
2020-09-30,8.1100,8.4000,8.0350,8.0800,963931
2020-10-01,8.1800,8.7900,8.1200,8.7800,1117593
2020-10-02,8.4200,8.7200,8.2400,8.6100,788837
2020-10-05,8.7000,8.9914,8.6701,8.9300,511168
2020-10-06,9.1000,9.1600,8.6900,8.7000,754799
2020-10-07,8.8100,8.9500,8.6500,8.7500,649349
2020-10-08,8.8900,9.0300,8.7600,8.9100,408522
2020-10-09,9.0000,9.0500,8.5700,8.6600,632789
2020-10-12,8.7300,8.8600,8.4200,8.4400,602480
2020-10-13,8.3200,8.4200,8.1800,8.3000,458815
2020-10-14,8.2700,8.5500,8.0100,8.0100,703765
2020-10-15,9.3000,10.1000,8.9400,10.0600,10943457
2020-10-16,10.0300,10.1500,9.1500,9.2100,3264779
2020-10-19,9.2000,9.2200,8.5100,8.5200,1596856
2020-10-20,8.5800,8.8600,8.3727,8.6500,1306745
2020-10-21,8.6400,8.7097,8.1400,8.4300,1373186
2020-10-22,8.4400,8.9200,8.4300,8.8200,905902
2020-10-23,8.8800,9.3100,8.7800,8.9500,970457
2020-10-26,8.8000,8.9199,8.1611,8.3100,897312
2020-10-27,8.2600,8.3000,7.8700,8.0100,861270
2020-10-28,7.7100,7.9400,7.5601,7.6000,1116891
2020-10-29,7.6500,7.8000,7.5500,7.6800,641576
2020-10-30,7.5900,7.7200,7.2300,7.3900,1110920
2020-11-02,7.5300,8.0600,7.5100,8.0100,1053325
2020-11-03,8.2000,8.3900,8.0600,8.2100,840509
2020-11-04,8.1100,8.4300,8.0600,8.2200,557597
2020-11-05,8.4200,8.7600,8.4200,8.7500,726872
2020-11-06,8.8400,9.4600,8.7000,9.3200,1551473
2020-11-09,9.1000,9.3900,8.4000,8.8500,2642026
2020-11-10,9.0100,9.2950,8.4800,8.8900,1329715
2020-11-11,8.9800,9.4900,8.9200,9.4700,1174226
2020-11-12,9.3200,9.4523,8.6700,8.7600,922114
2020-11-13,8.9600,9.1294,8.8000,8.8100,781640
2020-11-16,9.0100,9.3800,8.9400,9.3000,857057
2020-11-17,9.2100,9.6907,9.1800,9.6000,734801
2020-11-18,9.7000,9.8900,9.5700,9.6800,848407
2020-11-19,9.5800,10.0200,9.5495,10.0200,615798
2020-11-20,10.0000,10.6300,10.0000,10.6200,2971530
2020-11-23,10.7000,11.1600,10.6350,11.0400,1063379
2020-11-24,11.1000,11.7300,10.9800,11.2100,1246245
2020-11-25,11.0800,11.5000,10.7000,11.4900,1124624
2020-11-27,11.6100,11.6300,11.0800,11.3000,553357
2020-11-30,11.2500,11.4500,10.9100,11.1700,700253
2020-12-01,11.2700,11.3800,10.9500,11.0600,947157
2020-12-02,11.0700,11.1248,10.6500,10.9700,825791
2020-12-03,11.0000,11.2400,10.8700,10.9800,553584
2020-12-04,11.0600,11.6800,11.0200,11.5000,935838
2020-12-07,11.4400,11.5400,11.0800,11.2700,492847
2020-12-08,11.1400,11.5300,11.1400,11.4800,720894
2020-12-09,11.5900,12.3900,11.4409,11.7900,1107431
2020-12-10,11.5700,12.5400,11.5200,12.4900,707287
2020-12-11,12.2600,12.6950,12.1300,12.4600,590682
2020-12-14,12.8300,13.3300,12.7300,13.0100,855024
2020-12-15,13.0600,13.4100,12.6600,13.3700,630614
2020-12-16,13.4200,13.4200,12.6800,13.0400,695579
2020-12-17,13.0300,13.0600,12.6800,12.7900,603315
2020-12-18,12.8000,12.9600,12.2600,12.3100,908010
2020-12-21,11.9400,12.2500,11.8300,12.1600,565044
2020-12-22,12.2600,12.3900,11.7100,11.7200,650431
2020-12-23,11.8100,11.9400,11.3400,11.3900,588675
2020-12-24,11.5800,11.7150,11.3100,11.4400,312019
2020-12-28,11.6700,11.9800,11.3307,11.8100,625990
2020-12-29,11.3100,11.4400,10.8700,11.3100,708066
2020-12-30,11.3800,11.7200,11.3700,11.4900,356126
2020-12-31,11.4600,11.4800,11.2400,11.3000,306477
2021-01-04,11.2200,11.5400,11.0800,11.3900,565261
2021-01-05,11.3800,11.6700,11.3100,11.5000,326650
2021-01-06,11.6900,12.4600,11.6100,12.1200,596638
2021-01-07,12.2800,12.3800,11.9900,12.1700,396113
2021-01-08,12.3800,12.3900,11.6900,11.9600,391802
2021-01-11,11.6100,12.3000,11.6100,11.7400,413950
2021-01-12,11.9300,12.2600,11.7355,12.2400,291834
2021-01-13,12.2700,12.4000,11.6300,11.6900,314208
2021-01-14,11.9100,12.9400,11.8200,12.6400,722747
2021-01-15,12.4000,13.0300,12.2806,12.4400,914776
2021-01-19,12.7000,12.7800,12.0500,12.6800,494542
2021-01-20,12.7500,13.0000,12.5200,12.8100,348180
2021-01-21,12.9600,13.8600,12.9550,13.4700,950113
2021-01-22,13.2100,13.6000,12.8700,13.6000,346695
2021-01-25,13.5400,13.9300,13.1300,13.7000,417788
2021-01-26,13.8900,14.1500,13.3100,13.3600,409980
2021-01-27,13.0000,13.0800,12.1700,12.6200,653543
2021-01-28,12.6200,12.7900,11.9700,12.1300,461936
2021-01-29,12.0500,12.1392,11.5000,11.6100,643773
2021-02-01,11.8100,12.4550,11.5100,12.1900,717427
2021-02-02,12.4700,12.5900,12.0700,12.5500,341046
2021-02-03,12.5000,12.8300,12.3900,12.7300,358532
2021-02-04,12.8600,13.0800,12.6000,13.0600,228916
2021-02-05,13.3000,13.4900,13.0700,13.4900,316393
2021-02-08,13.6300,13.8400,13.3100,13.7000,804860
2021-02-09,13.6900,13.7000,13.0400,13.4000,539964
2021-02-10,13.5200,13.7300,13.1700,13.1900,389434
2021-02-11,13.3100,13.7700,13.2500,13.4000,444232
2021-02-12,13.1600,13.5800,13.0611,13.2300,424220
2021-02-16,13.3400,13.3800,12.8600,13.1100,377734
2021-02-17,12.9000,13.0050,12.5255,12.7200,320395
2021-02-18,12.5900,13.0050,12.4200,12.8600,396708
2021-02-19,12.9000,13.2000,12.8600,13.1300,525872
2021-02-22,13.0500,13.6600,12.8700,13.0200,725843
2021-02-23,12.7500,13.3000,12.0200,13.2500,581994
2021-02-24,13.4000,14.4250,12.8900,14.3000,1680854
2021-02-25,13.1100,14.3800,11.9400,12.4700,2050684
2021-02-26,12.3600,12.4800,10.7300,11.6700,1402858
2021-03-01,12.7600,14.2300,12.5200,14.1800,1717493
2021-03-02,14.1000,14.8900,13.6000,14.1500,1053597
2021-03-03,13.8400,14.2100,13.1000,13.1300,700428
2021-03-04,12.8100,13.1650,12.0800,12.6700,614317
2021-03-05,13.0300,13.2600,11.9000,12.9600,456582
2021-03-08,12.9400,13.6150,12.7000,13.2700,525274
2021-03-09,13.7000,14.1100,13.3400,13.8600,526338
2021-03-10,14.0800,14.3600,13.8650,14.0600,468570
2021-03-11,14.4900,14.8500,14.2500,14.5600,531047
2021-03-12,14.7300,15.1878,14.4600,15.0000,1028385
2021-03-15,14.6100,15.3300,14.6003,15.3000,400957
2021-03-16,15.4600,15.7100,14.7500,14.9000,378033
2021-03-17,14.6600,15.1900,14.4300,15.1700,394843
2021-03-18,15.0600,15.4700,14.5000,14.5700,388380
2021-03-19,14.5900,14.8500,14.0300,14.5500,956531
2021-03-22,14.6500,14.7800,14.1000,14.3100,267360
2021-03-23,14.1500,14.3500,13.2800,13.3900,446647
2021-03-24,13.6200,13.8200,12.3000,12.3100,561830
2021-03-25,12.1400,12.9700,12.0000,12.8700,453088
2021-03-26,13.0000,13.0600,12.2500,12.7100,683569
2021-03-29,12.6000,13.0000,12.0500,12.4900,511984
2021-03-30,12.5300,12.9200,12.3700,12.8900,421298
2021-03-31,13.0800,13.6500,12.9000,12.9600,672073
2021-04-01,13.1600,13.4000,13.0300,13.1400,513597
2021-04-05,13.4700,13.6200,12.9100,13.4200,763432
2021-04-06,13.4700,14.2500,13.4300,14.0800,423185
2021-04-07,14.0400,14.0450,13.2400,13.3400,545898
2021-04-08,13.5400,13.7300,13.2800,13.5600,882593
2021-04-09,13.5100,13.9000,13.4400,13.6800,371216
2021-04-12,13.7100,13.9000,13.4600,13.8000,458237
2021-04-13,13.9600,14.5000,13.7001,14.4700,432507
2021-04-14,14.4000,14.8300,14.1800,14.1900,458334
2021-04-15,14.5000,14.5000,13.9200,14.1700,372562
2021-04-16,14.2300,14.3500,13.9100,13.9300,418216
2021-04-19,13.7600,13.9000,13.3400,13.4600,623973
2021-04-20,13.3300,13.4000,12.8100,13.0000,529883
2021-04-21,12.8700,13.0500,12.6300,12.9900,464410
2021-04-22,13.0800,13.6400,13.0317,13.1000,535397
2021-04-23,13.2100,13.4699,13.0000,13.3100,432100
2021-04-26,13.4300,13.7700,13.3650,13.7000,333175
2021-04-27,13.6500,13.7000,13.3400,13.4800,274380
2021-04-28,13.4800,13.6000,13.1500,13.3600,385877
2021-04-29,13.6100,13.6900,13.2800,13.4400,201777
2021-04-30,13.3100,13.4700,13.1200,13.2100,308739
2021-05-03,13.3400,13.6600,13.2501,13.3800,356538
2021-05-04,13.2500,13.2600,12.5550,12.8700,634605
2021-05-05,13.1000,13.4400,12.9500,13.1100,338685
2021-05-06,12.9000,13.5000,12.6100,12.9900,669651
2021-05-07,13.3200,14.3100,13.0100,13.9900,871804
2021-05-10,14.0900,14.2480,13.3400,13.3600,561092
2021-05-11,12.8100,13.5600,12.5900,13.3900,658501
2021-05-12,13.3100,13.4050,12.9000,12.9900,394498
2021-05-13,13.1300,13.5200,12.8300,13.0100,421927
2021-05-14,13.2400,13.6800,13.2100,13.6100,301173
2021-05-17,13.4200,13.5500,13.1500,13.4300,377701
2021-05-18,13.4600,13.8400,13.4600,13.6200,302378
2021-05-19,13.2600,13.7100,13.1500,13.6900,323856
2021-05-20,13.6900,13.8400,13.4900,13.7400,210281
2021-05-21,14.1000,14.1900,13.7800,13.8800,426572
2021-05-24,14.0700,14.6200,13.8300,14.4400,433550
2021-05-25,14.5900,14.7900,13.7900,13.8000,370935
2021-05-26,13.7900,14.5800,13.7900,14.4800,365711
2021-05-27,14.6500,14.9200,14.2000,14.7400,611239
2021-05-28,14.9100,14.9500,14.4300,14.6100,393055
2021-06-01,14.7700,15.0800,14.5000,14.8800,469992
2021-06-02,15.0300,15.2000,14.8600,15.0500,356153
2021-06-03,14.8200,14.8500,14.5300,14.5900,295863
2021-06-04,14.6400,14.8000,14.5100,14.5100,228094
2021-06-07,14.6100,14.7800,14.5400,14.5500,210593
2021-06-08,14.5800,14.6800,14.2500,14.5200,286774
2021-06-09,14.5200,14.6000,13.9800,14.0000,190223
2021-06-10,14.1000,14.2400,13.9300,14.0300,328096
2021-06-11,14.0500,14.2200,14.0500,14.1200,184965
2021-06-14,14.1600,14.6300,13.9600,14.4300,340600
2021-06-15,14.5000,14.5000,14.0200,14.1100,244025
2021-06-16,14.0100,14.2300,13.8200,14.0800,226867
2021-06-17,13.8600,14.1400,13.6100,13.8500,275266
2021-06-18,13.6700,13.8300,13.2100,13.2400,717952
2021-06-21,13.4400,13.9600,13.2800,13.9000,383209
2021-06-22,13.8700,14.1600,13.7700,14.0700,272974
2021-06-23,14.0900,14.8900,14.0900,14.7600,392369
2021-06-24,14.9000,15.1400,14.8000,15.1200,305999
2021-06-25,15.1900,15.3700,15.0600,15.2300,1291968
2021-06-28,15.2100,15.2100,14.7100,14.9100,575514
2021-06-29,15.0400,15.0700,14.7400,14.8100,337984
2021-06-30,14.7900,14.8050,14.3200,14.3300,345708
2021-07-01,14.4600,14.5800,14.1800,14.4300,480376
2021-07-02,14.5300,14.6050,13.7600,13.7800,336263
2021-07-06,13.7900,13.8600,13.2284,13.4300,290525
2021-07-07,13.4200,13.7700,12.8700,12.9600,473793
2021-07-08,12.5700,12.8500,11.9900,12.6600,487449
2021-07-09,12.8500,13.0700,12.6400,13.0100,258363
2021-07-12,12.9300,13.3000,12.7500,13.2900,339707
2021-07-13,13.1800,13.2800,12.8900,13.0800,394885
2021-07-14,13.2900,13.5200,12.8800,12.9100,253690
2021-07-15,12.8000,12.9300,12.5600,12.9100,363861
2021-07-16,13.0600,13.1750,12.6100,12.7500,437048
2021-07-19,12.2400,12.4722,12.0700,12.2000,291235
2021-07-20,12.3600,12.8300,12.2000,12.6000,423999
2021-07-21,12.7900,13.3300,12.7300,13.1000,339645
2021-07-22,12.9700,12.9700,12.3700,12.5700,315927
2021-07-23,12.7700,12.7700,12.2400,12.2900,318302
2021-07-26,12.3700,12.7000,12.2400,12.4500,261848
2021-07-27,12.2300,12.2600,11.8300,12.0400,363439
2021-07-28,12.1800,12.3000,11.9800,12.1500,322697
2021-07-29,12.2500,12.5300,12.2000,12.3300,355461
2021-07-30,12.2100,12.3700,11.9200,12.0800,284551
2021-08-02,12.1700,12.4500,12.1400,12.2200,313150
2021-08-03,12.2500,12.3900,12.0100,12.1400,821679
2021-08-04,11.9700,12.2700,11.7300,11.7500,486929
2021-08-05,12.1300,13.1300,12.0000,12.9300,773868
2021-08-06,13.2500,13.5700,13.0100,13.0400,797438
2021-08-09,13.0100,13.3200,12.6600,13.1900,598774
2021-08-10,13.2000,13.6050,13.1300,13.4900,466700
2021-08-11,13.6000,13.8000,13.4700,13.6800,341198
2021-08-12,13.6500,13.6900,13.1900,13.5300,322163
2021-08-13,13.4800,13.4850,13.0200,13.1300,220600
2021-08-16,12.9500,12.9500,12.5400,12.5400,318983
2021-08-17,12.3200,12.3800,11.8300,12.0200,420287
2021-08-18,12.0500,12.3200,11.9100,11.9800,401541
2021-08-19,11.7600,11.8900,11.5300,11.7600,416618
2021-08-20,11.7600,12.1100,11.7400,11.8500,348552
2021-08-23,11.9600,12.1150,11.8702,11.9100,220757
2021-08-24,11.9900,12.2220,11.9000,12.0600,286654
2021-08-25,12.0300,12.2800,11.9300,12.1100,274753
2021-08-26,12.0400,12.2000,11.9700,12.1000,260296
2021-08-27,12.4500,13.0500,12.4100,12.9500,520866
2021-08-30,12.9700,12.9700,12.5300,12.7600,362856
2021-08-31,12.7200,13.0300,12.5898,12.7200,313461
2021-09-01,12.8400,13.0600,12.6474,12.8800,298703
2021-09-02,12.9300,12.9700,12.5200,12.5800,363188
2021-09-03,12.6000,12.7000,12.4800,12.5900,256327
2021-09-07,12.6200,12.7300,12.1600,12.1700,233672
2021-09-08,12.1000,12.2200,11.9500,12.1400,302924
2021-09-09,12.1200,12.4400,12.0200,12.2100,298164
2021-09-10,12.3700,12.4600,12.2300,12.4000,262543
2021-09-13,12.5000,12.5800,12.3500,12.5300,413173
2021-09-14,12.6100,12.6650,12.3400,12.4100,434388
2021-09-15,12.4100,12.7400,12.2000,12.6600,469485
2021-09-16,12.7300,12.7950,12.5400,12.6700,348361
2021-09-17,12.7000,12.8600,12.3299,12.6400,1090901
2021-09-20,12.2500,12.5900,12.1300,12.5700,513111
2021-09-21,12.6200,12.6800,12.3500,12.4300,362728
2021-09-22,12.5000,12.9100,12.5000,12.5800,322443
2021-09-23,12.6800,12.8400,12.6100,12.7200,516147
2021-09-24,12.6500,13.2800,12.5900,13.2400,399768
2021-09-27,13.2300,13.3800,12.9700,13.1800,472654
2021-09-28,13.0500,13.1761,12.7500,12.9500,558121
2021-09-29,13.0400,13.2300,12.7600,12.7800,346514
2021-09-30,12.7800,12.9600,12.5100,12.6500,451984
2021-10-01,12.7300,12.9800,12.5200,12.8300,352939
2021-10-04,12.7600,12.8000,12.2100,12.2500,247863
2021-10-05,12.2300,12.4400,12.0500,12.0600,313579
2021-10-06,11.9200,12.0300,11.8000,11.8300,354196
2021-10-07,11.9000,12.2350,11.9000,12.1500,386808
2021-10-08,12.1600,12.2200,12.0100,12.1200,269176
2021-10-11,12.1250,12.4500,12.0300,12.0700,351399
2021-10-12,12.1000,12.1210,11.8400,12.0700,525896
2021-10-13,12.0800,12.2150,11.9400,12.1700,514898
2021-10-14,12.3200,12.4300,12.1100,12.3000,380289
2021-10-15,12.5600,12.6700,12.2300,12.2500,536501
2021-10-18,12.1700,12.2500,11.9300,12.2300,618916
2021-10-19,12.2000,12.6100,12.1100,12.5700,381523
2021-10-20,12.5600,12.5600,12.3300,12.5200,577966
2021-10-21,12.5300,12.7800,12.4500,12.7100,494140
2021-10-22,12.7100,12.8600,12.6000,12.6800,576911
2021-10-25,12.6900,13.1500,12.5000,13.0900,670347
2021-10-26,13.2000,13.5600,13.0500,13.3100,678706
2021-10-27,13.2600,13.3250,12.8200,12.8400,477564
2021-10-28,12.9200,13.0600,12.8000,12.9800,326672
2021-10-29,12.8700,13.1100,12.8500,13.0200,423996
2021-11-01,13.0800,13.5900,13.0800,13.5300,461945
2021-11-02,13.5300,14.2000,13.2200,13.4500,1101326
2021-11-03,13.2800,13.6700,13.2710,13.2800,544376
2021-11-04,13.7750,13.8200,12.8000,13.6600,978264
2021-11-05,13.9900,14.2500,13.5250,13.6700,579635
2021-11-08,13.6500,14.1800,13.4300,13.7200,372300
2021-11-09,13.7200,13.8700,13.4300,13.6100,476759
2021-11-10,13.5400,13.8200,13.3500,13.4900,408297
2021-11-11,13.5400,13.6600,13.2800,13.3000,372505
2021-11-12,13.2700,13.3600,13.0800,13.1300,503556
2021-11-15,13.3700,13.4500,12.9750,13.1600,754533
2021-11-16,13.0600,13.1200,12.8000,13.0100,521592
2021-11-17,13.1000,13.1350,12.6400,12.7600,457236
2021-11-18,12.7900,12.7900,12.2000,12.4700,553665
2021-11-19,12.3000,12.5900,12.2900,12.4700,424990
2021-11-22,12.6500,13.0000,12.4601,12.9600,597714
2021-11-23,13.0000,13.3300,12.8800,13.2700,755245
2021-11-24,13.2050,13.6200,13.0400,13.3100,503028
2021-11-26,14.4300,16.2000,14.3800,16.1200,5243963
2021-11-29,16.1000,17.3800,15.9800,16.9700,3760580
2021-11-30,16.8100,17.4000,16.1800,16.6800,2748131
2021-12-01,17.0000,17.6600,16.2990,16.5700,13366535
2021-12-02,16.3400,16.7300,15.7300,16.6000,1912805
2021-12-03,16.6500,16.8000,15.9900,16.2300,1089136
2021-12-06,16.3400,17.0000,16.0100,16.9100,922462
2021-12-07,17.1500,18.0690,17.1100,17.5400,1494969
2021-12-08,17.7500,19.0900,17.6750,19.0400,2443678
2021-12-09,18.7600,19.0100,18.0200,18.1500,913534
2021-12-10,18.4100,18.4650,17.4450,17.6500,732879
2021-12-13,17.5000,17.6082,16.6800,16.7300,1031638
2021-12-14,16.6500,16.8900,16.0900,16.1800,876704
2021-12-15,16.1700,16.2350,15.4400,16.0600,1074194
2021-12-16,16.1700,16.2800,15.3400,15.3600,1294880
2021-12-17,15.2200,15.7800,14.9300,15.6100,1560184
2021-12-20,15.2400,15.2700,14.8400,15.0700,729826
2021-12-21,15.2600,15.9950,15.1900,15.8000,652573
2021-12-22,15.6300,16.0000,15.3800,15.9000,823234
2021-12-23,15.9200,16.3600,15.7800,16.3000,460891
2021-12-27,16.3600,16.8000,16.0850,16.7900,460485
2021-12-28,16.6700,16.9200,16.5100,16.7000,574693
2021-12-29,16.6400,16.7696,16.1420,16.2300,446965
2021-12-30,16.2400,16.7900,16.2400,16.3200,426076
2021-12-31,16.2200,16.4300,16.0700,16.0900,562918
2022-01-03,16.1500,16.8900,16.1300,16.5400,570733
2022-01-04,16.7600,17.0300,16.5600,16.9500,496541
2022-01-05,16.8700,17.1800,16.0000,16.1300,491379
2022-01-06,16.1000,16.4000,15.8300,16.2300,464183
2022-01-07,16.2200,16.5300,15.9200,15.9300,286684
2022-01-10,15.8200,16.2800,15.3350,16.2500,586242
2022-01-11,16.1300,16.2500,15.8200,16.0300,439862
2022-01-12,16.2600,16.3000,15.8400,16.1500,390910
2022-01-13,16.2200,16.9800,16.2200,16.3500,621526
2022-01-14,16.1000,16.5500,15.9518,16.4100,410286
2022-01-18,16.1300,16.7300,15.6400,15.6800,489033
2022-01-19,15.6600,15.8400,15.1900,15.4200,593468
2022-01-20,15.6600,15.9361,15.2000,15.2000,433834
2022-01-21,15.1000,15.5000,14.8750,14.8900,706273
2022-01-24,14.5100,15.2650,14.1179,15.1900,581506
2022-01-25,14.8800,15.1400,14.4800,14.9400,542356
2022-01-26,15.3200,15.6500,14.8000,14.9100,467322
2022-01-27,15.0100,15.5500,14.5100,14.6300,496125
2022-01-28,14.6800,14.8600,14.3800,14.8500,286717
2022-01-31,14.7400,15.5900,14.7400,15.5800,400134
2022-02-01,15.7000,15.9900,15.3700,15.9000,504884
2022-02-02,15.9100,15.9700,15.3700,15.5900,474037
2022-02-03,15.2600,15.6000,15.0400,15.1200,280362
2022-02-04,14.9900,15.4600,14.8000,15.3400,279426
2022-02-07,15.4000,15.9300,15.1800,15.2700,301603
2022-02-08,15.3300,16.1000,15.3300,15.9500,861671
2022-02-09,16.1700,16.4800,15.7918,16.1000,384681
2022-02-10,15.6600,16.0500,15.5000,15.6100,304818
2022-02-11,15.7000,16.0400,15.3900,15.5900,289273
2022-02-14,15.6800,15.8600,15.2300,15.5100,377513
2022-02-15,15.7700,16.2000,15.7700,16.1900,376554
2022-02-16,15.9800,16.2900,15.9800,16.2200,262886
2022-02-17,16.0200,16.2700,15.7100,15.8400,281596
2022-02-18,15.7900,15.9700,15.1000,15.3100,438222
2022-02-22,15.1500,15.3300,14.3800,14.4100,591746
2022-02-23,14.6000,14.7400,14.0700,14.1500,571615
2022-02-24,13.4000,15.0200,13.0000,14.9400,833138
2022-02-25,14.9900,16.1200,14.9900,15.9500,686908
2022-02-28,15.6200,16.2600,15.6000,16.1800,645798
2022-03-01,16.1100,16.4300,15.7903,16.0100,528527
2022-03-02,16.1600,16.5248,15.7450,16.0600,458611
2022-03-03,16.1000,16.1600,15.7500,15.9300,507581
2022-03-04,15.6300,15.7000,15.2700,15.3800,436777
2022-03-07,15.2500,15.4700,14.1800,14.2000,526354
2022-03-08,14.2000,14.4300,13.7600,13.8400,1065056
2022-03-09,14.1300,14.6900,14.0600,14.5000,737975
2022-03-10,14.1500,14.4100,13.8800,14.3900,435087
2022-03-11,14.4900,14.7600,14.3800,14.5700,411757
2022-03-14,14.5200,14.6600,13.8900,14.0200,502325
2022-03-15,14.1000,14.4400,13.8500,14.3100,390151
2022-03-16,14.5600,15.1400,14.5020,15.0700,469874
2022-03-17,14.9000,15.3700,14.8500,15.3300,391819
2022-03-18,15.2500,15.5850,15.2500,15.4200,745545
2022-03-21,15.4200,15.4600,14.8100,15.0900,329714
2022-03-22,15.1300,15.6000,15.0100,15.3100,219219
2022-03-23,15.1000,15.2490,14.7700,14.9400,295995
2022-03-24,15.0500,15.0800,14.6600,15.0100,152152
2022-03-25,15.0000,15.0000,14.6250,14.8600,261202
2022-03-28,14.8100,14.8500,14.3400,14.6400,298447
2022-03-29,14.8800,15.6500,14.7300,15.0500,496623
2022-03-30,14.9400,15.4200,14.7800,14.8700,232960
2022-03-31,14.7400,14.7900,14.3300,14.4300,387897
2022-04-01,14.5300,14.7300,14.3500,14.6100,367489
2022-04-04,14.5900,14.9300,14.5900,14.6800,279104
2022-04-05,14.3900,14.6500,13.5600,13.8400,532322
2022-04-06,13.5800,13.8100,13.1600,13.2500,565767
2022-04-07,13.1800,13.4200,12.8200,13.0600,463061
2022-04-08,13.0000,13.2500,12.7200,12.7300,363392
2022-04-11,12.5300,12.8500,12.4100,12.6800,456870
2022-04-12,12.9500,13.2500,12.6800,12.7400,341195
2022-04-13,12.7100,12.9900,12.7100,12.8900,325405
2022-04-14,12.9500,13.0750,12.7600,12.8200,256640
2022-04-18,12.7300,12.9900,12.5820,12.6700,278584
2022-04-19,12.5900,12.9300,12.5900,12.6300,510124
2022-04-20,12.7800,12.9100,12.3400,12.4100,321750
2022-04-21,12.5500,12.6694,11.9500,12.0300,349423
2022-04-22,11.9900,12.0250,11.6400,11.7500,283790
2022-04-25,11.6700,12.1100,11.6100,12.0400,336669
2022-04-26,11.9000,11.9450,11.4900,11.5000,342163
2022-04-27,11.4600,11.6600,11.3100,11.3700,340261
2022-04-28,11.5000,11.7100,11.0300,11.4500,429635
2022-04-29,11.3400,11.6200,11.0700,11.1200,461511
2022-05-02,11.1400,11.4700,11.0900,11.4500,466544
2022-05-03,11.3500,11.4300,11.0200,11.2900,437647
2022-05-04,11.2900,11.7500,10.9400,11.6900,472786
2022-05-05,10.9500,11.0700,10.5700,10.8400,727747
2022-05-06,10.6500,10.7150,9.7200,9.9400,894919
2022-05-09,9.7300,9.8500,9.4000,9.4100,508812
2022-05-10,9.4400,9.4500,8.7900,9.0900,723162
2022-05-11,8.9200,9.3900,8.8300,8.8700,649755
2022-05-12,8.7600,9.4087,8.7500,9.1300,655182
2022-05-13,9.3100,9.9800,9.3100,9.8500,562502
2022-05-16,9.9000,10.2800,9.8700,10.1500,603534
2022-05-17,10.4100,10.7000,10.3200,10.6600,447779
2022-05-18,10.4300,10.7200,10.2100,10.3100,570153
2022-05-19,10.1800,10.4300,10.0800,10.1300,497241
2022-05-20,10.3000,10.4300,9.8900,10.1600,414859
2022-05-23,10.2600,10.2600,9.5200,9.7100,513067
2022-05-24,9.6100,9.8500,9.4300,9.8000,406623
2022-05-25,9.8000,9.9000,9.5900,9.8000,1201907
2022-05-26,9.8600,10.3200,9.8600,10.1500,463765
2022-05-27,10.1900,10.6500,10.1900,10.5700,383106
2022-05-31,10.4200,10.4750,10.1800,10.3500,660581
2022-06-01,10.2900,10.4500,10.0350,10.2500,452214
2022-06-02,10.2600,10.6600,10.2600,10.5600,360400
2022-06-03,10.4400,10.5400,10.2400,10.3400,399210
2022-06-06,10.4400,10.4500,10.2200,10.2700,768940
2022-06-07,10.1600,10.4200,10.1600,10.3700,632837
2022-06-08,10.3600,10.5000,10.2400,10.3800,311953
2022-06-09,10.2700,10.3600,9.8300,9.8500,414119
2022-06-10,9.7100,9.9100,9.2750,9.3100,432818
2022-06-13,8.8800,9.0300,8.7800,8.9600,488930
2022-06-14,8.9600,9.1850,8.7850,9.1500,743629
2022-06-15,9.3100,9.6200,9.2420,9.5100,612762
2022-06-16,9.1500,9.2800,9.0300,9.1500,1181319
2022-06-17,9.2600,9.5500,9.1200,9.2100,915846
2022-06-21,9.3400,9.4900,9.1500,9.2700,573182
2022-06-22,9.2100,9.5900,9.0780,9.3200,538316
2022-06-23,9.3900,9.6900,9.3900,9.6900,509539
2022-06-24,9.7800,10.0400,9.7440,9.9300,819327
2022-06-27,10.0000,10.0600,9.7400,9.9700,417082
2022-06-28,10.0200,10.3200,9.7400,9.7400,581406
2022-06-29,9.7200,9.7900,9.4100,9.4900,434743
2022-06-30,9.3500,9.4500,9.0553,9.4300,653386
2022-07-01,9.4000,10.1000,9.4000,10.0800,561876
2022-07-05,9.8100,10.0600,9.5500,10.0300,555964
2022-07-06,10.0400,10.0900,9.7800,9.9000,352505
2022-07-07,10.0400,10.1100,9.8950,9.9700,352928
2022-07-08,9.9200,10.1450,9.7200,10.1100,330607
2022-07-11,9.9600,9.9600,9.5900,9.6700,283640
2022-07-12,9.6900,9.8900,9.6400,9.7400,374166
2022-07-13,9.5500,9.7800,9.3600,9.6900,356827
2022-07-14,9.4900,9.6900,9.4200,9.6600,238764
2022-07-15,9.9600,10.1600,9.7600,10.1100,322414
2022-07-18,10.2300,10.5950,10.2000,10.2500,392042
2022-07-19,10.4100,10.8300,10.4100,10.7200,443781
2022-07-20,10.7000,11.3600,10.6800,11.3300,403448
2022-07-21,11.2700,11.6100,11.2100,11.6000,278050
2022-07-22,11.5300,11.5300,11.0700,11.2300,385174
2022-07-25,11.2300,11.2300,10.8350,10.8700,359734
2022-07-26,10.7500,10.8700,10.6200,10.8700,201424
2022-07-27,11.0300,11.3100,11.0300,11.2500,344112
2022-07-28,11.2600,11.6700,11.1950,11.6300,378953
2022-07-29,11.5200,11.7650,11.4150,11.7600,313585
2022-08-01,11.6100,11.8100,11.3400,11.6800,353011
2022-08-02,11.6700,11.9550,11.5600,11.8100,308820
2022-08-03,12.1000,12.8600,11.9000,12.2900,546000
2022-08-04,12.4200,12.7500,12.2700,12.4700,410138
2022-08-05,12.2100,13.0600,12.1200,12.9900,468271
2022-08-08,13.0100,13.2300,12.9543,13.0200,384724
2022-08-09,12.6700,12.8100,12.3800,12.5800,500780
2022-08-10,12.9400,13.0700,12.6400,12.9500,514170
2022-08-11,13.1500,13.3100,12.9700,13.0800,464477
2022-08-12,13.2600,13.8800,13.2599,13.8300,382580
2022-08-15,13.6400,13.8200,13.4000,13.8100,350278
2022-08-16,13.8200,14.3200,13.7250,14.1000,411192
2022-08-17,13.8500,13.9450,13.5900,13.9100,279837
2022-08-18,13.9000,13.9800,13.7400,13.9600,216236
2022-08-19,13.8200,13.8400,13.3950,13.4400,350075
2022-08-22,13.1500,13.2150,12.9600,13.1500,360830
2022-08-23,13.0300,13.3160,13.0000,13.0200,325945
2022-08-24,13.0800,13.3700,13.0500,13.3300,360877
2022-08-25,13.4300,13.8100,13.4300,13.7800,303182
2022-08-26,13.6700,13.7500,13.2701,13.3000,196098
2022-08-29,13.0600,13.3100,13.0600,13.1800,211620
2022-08-30,13.1500,13.2500,12.8100,12.9700,259525
2022-08-31,13.0500,13.0640,12.7400,12.7500,386404
2022-09-01,12.4900,12.5300,11.8700,12.3600,504392
2022-09-02,12.5500,12.6650,12.1400,12.2700,495967
2022-09-06,12.3000,12.3000,11.6482,11.7000,462247
2022-09-07,11.6800,11.7200,11.2900,11.6000,684231
2022-09-08,11.4700,11.7200,11.3400,11.5900,432510
2022-09-09,11.7400,11.8600,11.6300,11.8500,301740
2022-09-12,12.0200,12.2700,11.9350,12.0500,428739
2022-09-13,11.6000,11.7600,11.2550,11.2800,458197
2022-09-14,11.3200,11.3600,11.1100,11.3200,355062
2022-09-15,11.1800,11.3700,11.0900,11.1000,368327
2022-09-16,10.9200,11.1100,10.5500,11.1100,1534627
2022-09-19,11.0300,11.6000,11.0300,11.5400,597437
2022-09-20,11.4100,11.7000,11.4100,11.6500,422017
2022-09-21,11.8400,12.0400,11.6200,11.6300,401927
2022-09-22,11.5300,11.6000,11.4250,11.4900,312570
2022-09-23,11.2600,11.4000,10.9100,11.3900,508574
2022-09-26,11.3200,11.6400,11.2100,11.3000,400844
2022-09-27,11.4400,11.6300,11.3350,11.4300,315609
2022-09-28,11.4500,12.0600,11.4300,12.0100,605979
2022-09-29,11.6900,11.7300,10.9500,11.4700,605649
2022-09-30,11.4000,11.8300,11.3800,11.5000,475774
2022-10-03,11.7100,12.0600,11.5200,12.0100,274413
2022-10-04,12.3100,12.6000,12.2800,12.3500,417560
2022-10-05,12.1000,12.2650,11.9600,12.2100,324143
2022-10-06,12.1700,12.4550,12.0100,12.1700,267770
2022-10-07,11.9700,12.0400,11.8300,11.9300,261768
2022-10-10,12.0000,12.2200,11.8500,12.0100,285266
2022-10-11,11.9700,12.1150,11.6700,12.0500,496075
2022-10-12,12.0000,12.2100,11.8600,12.1500,335077
2022-10-13,11.8800,12.7000,11.7500,12.7000,316130
2022-10-14,12.8700,12.9300,12.4400,12.4600,257983
2022-10-17,12.8000,13.1300,12.7000,12.7100,369464
2022-10-18,12.9900,13.1900,12.6600,12.8500,334297
2022-10-19,12.6400,12.9800,12.4300,12.4600,297788
2022-10-20,12.4200,12.8300,11.8400,11.9000,680135
2022-10-21,11.9300,12.3700,11.8100,12.2900,630238
2022-10-24,12.3700,12.5550,12.1300,12.5100,351618
2022-10-25,12.5000,13.1250,12.4400,13.0600,320591
2022-10-26,13.0400,13.4300,13.0000,13.0100,412622
2022-10-27,13.0800,13.3900,12.9500,13.0600,367609
2022-10-28,13.2100,13.5200,12.9250,13.4900,262930
