"MacroTrends Data Download"
"TKC - Historical Price and Volume Data"
"Note: Historical prices are adjusted for stock splits."

"Disclaimer and Terms of Use: Historical stock data is provided 'as is' and solely for informational purposes, not for trading purposes or advice."
"MacroTrends LLC expressly disclaims the accuracy, adequacy, or completeness of any data and shall not be liable for any errors, omissions or other defects in, "
"delays or interruptions in such data, or for any actions taken in reliance thereon.  Neither MacroTrends LLC nor any of our information providers will be liable"
"for any damages relating to your use of the data provided."


"ATTRIBUTION: Proper attribution requires clear indication of the data source as ""www.macrotrends.net""."
"A ""dofollow"" backlink to the originating page is also required if the data is displayed on a web page."


date,open,high,low,close,volume
2000-07-11,84.4519,87.3608,82.6690,82.6690,6445500
2000-07-12,83.2789,84.1704,82.9974,84.1704,1023100
2000-07-13,84.1704,85.3433,83.2789,83.8419,1453900
2000-07-14,83.8419,84.4519,83.2789,83.8419,773900
2000-07-17,82.3875,82.6690,80.0416,80.0416,1608800
2000-07-18,79.7601,79.7601,72.7224,73.2855,2286500
2000-07-19,77.4142,78.3056,76.8043,77.6957,470200
2000-07-20,79.1502,81.2145,78.8687,80.9330,445600
2000-07-21,82.6690,83.5604,82.3875,83.5604,491800
2000-07-24,83.5604,84.4519,82.9974,82.9974,314000
2000-07-25,82.6690,83.2789,82.1060,82.6690,228200
2000-07-26,81.4961,81.8245,79.7601,79.7601,152100
2000-07-27,80.0416,80.0416,78.5872,78.5872,147600
2000-07-28,79.1502,80.0416,78.8687,78.8687,130400
2000-07-31,78.8687,79.1502,78.5872,78.5872,106700
2000-08-01,80.0416,80.3231,79.7601,80.0416,73700
2000-08-02,80.9330,82.1060,80.3231,82.1060,89600
2000-08-03,80.3231,80.9330,80.3231,80.6515,64500
2000-08-04,80.3231,82.1060,80.3231,82.1060,92200
2000-08-07,81.4961,81.8245,80.3231,80.3231,197000
2000-08-08,79.1502,79.4786,78.3056,78.5872,259100
2000-08-09,78.5872,78.5872,77.6957,78.3056,329600
2000-08-10,78.3056,78.5872,77.6957,78.5872,262900
2000-08-11,78.3056,78.5872,78.3056,78.5872,166100
2000-08-14,77.1327,77.4142,74.7868,76.2413,535800
2000-08-15,73.8954,73.8954,71.8310,72.7224,174100
2000-08-16,71.8310,72.4409,71.8310,72.4409,128400
2000-08-17,70.3766,70.9396,69.2036,70.3766,291100
2000-08-18,70.9396,71.5495,70.9396,70.9396,60200
2000-08-21,70.0951,70.0951,66.2478,67.4207,148600
2000-08-22,67.4207,69.4851,66.8577,66.8577,103700
2000-08-23,67.1392,68.0307,66.2478,67.4207,151700
2000-08-24,66.8577,66.8577,65.4033,65.6848,242400
2000-08-25,64.5118,64.5118,60.9930,62.7290,307900
2000-08-28,62.7290,65.6848,62.7290,65.6848,49200
2000-08-29,64.5118,64.5118,61.8845,61.8845,113700
2000-08-30,63.3389,63.6204,62.4475,63.0574,572500
2000-08-31,63.0574,63.6204,62.7290,63.0574,94500
2000-09-01,63.3389,66.2478,63.3389,66.2478,517300
2000-09-05,66.5762,67.7492,66.5762,67.4207,75500
2000-09-06,67.4207,67.4207,65.6848,66.8577,178500
2000-09-07,64.2303,64.5118,63.6204,64.2303,111700
2000-09-08,63.3389,63.3389,61.8845,61.8845,62700
2000-09-11,60.9930,61.2745,60.3831,60.3831,83500
2000-09-12,60.9930,63.6204,60.9930,62.1660,160000
2000-09-13,61.2745,61.5560,60.9930,61.2745,25500
2000-09-14,60.1016,62.7290,60.1016,62.4475,116900
2000-09-15,62.4475,62.4475,61.5560,62.1660,60700
2000-09-18,56.8643,58.6471,56.3012,56.3012,130400
2000-09-19,56.8643,57.7557,56.3012,57.4742,108100
2000-09-20,59.8201,60.3831,58.0372,58.9286,251500
2000-09-21,58.3656,58.3656,55.1283,55.1283,241400
2000-09-22,50.9995,50.9995,47.4807,47.4807,414800
2000-09-25,49.5451,49.5451,46.6362,46.6362,288500
2000-09-26,49.2636,49.2636,46.9177,47.4807,887400
2000-09-27,47.8091,48.0906,47.8091,48.0906,107600
2000-09-28,49.5451,51.3280,49.5451,51.3280,216900
2000-09-29,51.3280,52.1725,50.9995,51.6095,73700
2000-10-02,52.7824,53.0639,51.8910,52.1725,130400
2000-10-03,52.1725,53.3454,52.1725,52.5009,50000
2000-10-04,52.1725,52.5009,51.6095,52.1725,102400
2000-10-05,52.1725,52.5009,51.6095,52.5009,108100
2000-10-06,53.9554,54.8468,53.9554,54.5184,280100
2000-10-09,54.2369,54.8468,54.2369,54.5184,51400
2000-10-10,58.6471,59.2101,57.7557,58.9286,184200
2000-10-11,57.4742,57.4742,56.0197,56.3012,298600
2000-10-12,56.0197,56.3012,53.9554,53.9554,129200
2000-10-13,54.5184,56.3012,54.2369,56.0197,169200
2000-10-16,56.8643,57.4742,56.5828,56.8643,121600
2000-10-17,56.3012,56.3012,55.4098,55.4098,116400
2000-10-18,52.7824,52.7824,49.8266,51.8910,237100
2000-10-19,51.6095,52.7824,50.9995,51.6095,88200
2000-10-20,51.6095,51.6095,49.2636,49.8266,141900
2000-10-23,49.2636,49.5451,48.3722,49.5451,52600
2000-10-24,50.4365,50.9995,49.5451,49.8266,97400
2000-10-25,49.2636,49.5451,48.6537,48.6537,115600
2000-10-26,48.6537,48.9821,48.0906,48.9821,14800
2000-10-27,49.2636,50.9995,48.9821,50.9995,138000
2000-10-30,51.6095,51.6095,50.7180,50.7180,116400
2000-10-31,50.7180,51.6095,50.4365,51.3280,23700
2000-11-01,52.1725,52.7824,51.8910,52.1725,46400
2000-11-02,53.3454,55.6913,53.0639,54.8468,98400
2000-11-03,55.1283,55.6913,55.1283,55.4098,49200
2000-11-06,53.6739,53.6739,52.5009,52.7824,93200
2000-11-07,51.3280,51.6095,51.3280,51.3280,41200
2000-11-08,48.6537,50.9995,48.6537,49.5451,300400
2000-11-09,49.5451,50.9995,49.5451,50.9995,119500
2000-11-10,50.7180,50.9995,49.8266,50.4365,260300
2000-11-13,48.0906,49.2636,48.0906,48.6537,376100
2000-11-14,49.2636,49.5451,48.9821,49.2636,2900
2000-11-15,49.5451,49.5451,46.3078,46.3078,153000
2000-11-16,46.0263,46.3078,46.0263,46.0263,32400
2000-11-17,46.3078,46.3078,44.5718,45.1348,45100
2000-11-20,42.5074,42.7889,41.9444,42.2259,48200
2000-11-21,41.6160,43.1174,41.3345,43.1174,141100
2000-11-22,44.5718,44.5718,42.2259,43.1174,196600
2000-11-24,43.1174,43.1174,42.7889,43.1174,3300
2000-11-27,42.5074,42.5074,41.6160,41.6160,20000
2000-11-28,38.7071,38.7071,33.4054,35.1883,257700
2000-11-29,35.4698,35.4698,31.9510,32.5609,187700
2000-11-30,29.8866,30.4965,28.1506,29.0421,346600
2000-12-01,26.3678,32.2325,26.3678,30.7780,605500
2000-12-04,28.7136,28.7136,26.9777,27.8691,279300
2000-12-05,29.3236,32.8424,29.3236,32.5609,643200
2000-12-06,36.6427,37.2527,36.6427,36.6427,357600
2000-12-07,32.5609,32.5609,30.7780,30.7780,85200
2000-12-08,31.9510,36.3612,31.9510,35.7513,302200
2000-12-11,35.1883,35.1883,33.1239,34.0153,114600
2000-12-12,33.7338,33.7338,31.6695,31.9510,211900
2000-12-13,31.6695,32.2325,31.3879,32.2325,57000
2000-12-14,36.3612,36.6427,35.4698,36.0797,142900
2000-12-15,36.9242,36.9242,35.7513,36.3612,25800
2000-12-18,34.0153,34.0153,33.1239,33.1239,43000
2000-12-19,32.8424,33.7338,32.5609,32.5609,19200
2000-12-20,32.8424,33.7338,32.5609,33.1239,57500
2000-12-21,33.4054,33.4054,31.9510,32.2325,15700
2000-12-22,32.2325,33.7338,31.9510,31.9510,32000
2000-12-26,34.0153,34.0153,33.1239,33.1239,23200
2000-12-27,32.5609,32.5609,31.6695,31.6695,26600
2000-12-28,31.6695,32.5609,31.0595,31.6695,25000
2000-12-29,31.6695,33.4054,31.6695,32.8424,30200
2001-01-02,34.5783,35.1883,33.4054,33.4054,49200
2001-01-03,32.8424,35.7513,32.8424,35.7513,105400
2001-01-04,35.7513,39.8800,35.7513,39.2701,220300
2001-01-05,39.2701,39.5985,38.4256,38.7071,87400
2001-01-08,39.2701,39.2701,38.7071,38.7071,60200
2001-01-09,39.8800,40.7715,39.8800,40.4431,25500
2001-01-10,44.5718,45.4633,44.5718,45.4633,200000
2001-01-11,43.9619,44.5718,43.1174,44.5718,100200
2001-01-12,44.2903,44.2903,42.7889,42.7889,121600
2001-01-16,39.8800,40.1616,38.9886,39.2701,229100
2001-01-17,39.8800,41.9444,39.8800,41.3345,68500
2001-01-18,39.8800,39.8800,38.7071,39.8800,153000
2001-01-19,40.1616,40.1616,38.7071,38.9886,148900
2001-01-22,38.4256,39.5985,38.0972,39.5985,80700
2001-01-23,38.9886,40.1616,38.7071,39.8800,50500
2001-01-24,39.2701,40.1616,38.7071,40.1616,27000
2001-01-25,39.8800,40.4431,39.5985,39.5985,124400
2001-01-26,38.9886,38.9886,38.7071,38.7071,2000
2001-01-29,37.5342,37.7688,37.4403,37.4872,42500
2001-01-30,37.2527,37.5342,37.2527,37.4403,55200
2001-01-31,37.2996,38.0972,37.2057,37.2996,42500
2001-02-01,36.8304,38.7540,36.8304,38.7540,79400
2001-02-02,38.2379,38.2848,38.0033,38.0033,30700
2001-02-05,36.5958,36.5958,35.8920,35.8920,59700
2001-02-06,36.1266,36.8304,36.1266,36.7835,38100
2001-02-07,36.0797,36.0797,35.0475,35.0475,69000
2001-02-08,35.1883,35.7982,35.1883,35.6575,17400
2001-02-09,34.4845,34.4845,33.6869,33.7807,29700
2001-02-12,31.9040,32.3732,31.9040,32.3732,25500
2001-02-13,32.3732,33.0301,32.3732,32.8424,81200
2001-02-14,33.4523,33.7807,33.3116,33.4523,106700
2001-02-15,31.6695,31.9040,31.3410,31.6695,17000
2001-02-16,32.1386,32.1386,31.6695,31.8571,102000
2001-02-20,26.7431,27.2123,26.4616,26.8369,467300
2001-02-21,22.0513,23.4589,21.9106,22.2390,878100
2001-02-22,19.4708,21.0660,19.4239,20.0339,792400
2001-02-23,19.7054,19.7054,18.5325,19.4708,876600
2001-02-26,21.8167,21.8167,20.8784,21.2537,550800
2001-02-27,21.1130,21.2537,20.1746,20.1746,156200
2001-02-28,20.1746,22.5674,20.1746,22.5205,576800
2001-03-01,22.5205,22.7082,21.8167,22.6143,167100
2001-03-02,22.7551,24.6318,22.6143,24.1157,163600
2001-03-05,24.1157,24.1626,22.9897,23.2243,57000
2001-03-06,23.6934,25.1948,23.6934,24.8664,112900
2001-03-07,25.3356,25.5701,24.3972,24.8195,144200
2001-03-08,24.6318,24.9602,24.1626,24.3972,110300
2001-03-09,24.3972,24.3972,24.0219,24.3034,73300
2001-03-12,22.2859,23.0366,22.0513,22.8020,133100
2001-03-13,22.9897,22.9897,22.0513,22.5205,77300
2001-03-14,20.6438,21.1130,20.3154,20.9253,74700
2001-03-15,20.8784,20.8784,19.9400,20.0808,155200
2001-03-16,19.7054,20.1746,19.7054,19.9400,11200
2001-03-19,19.4708,19.8462,19.2363,19.7993,21400
2001-03-20,20.1746,20.6438,19.9400,19.9400,399300
2001-03-21,18.7671,19.6585,18.7671,19.4708,76900
2001-03-22,18.5325,18.5325,17.5941,17.8756,145500
2001-03-23,18.2979,18.2979,17.9226,18.0633,52100
2001-03-26,18.0633,18.1572,17.3596,17.3596,72400
2001-03-27,16.8904,16.9842,16.1866,16.4212,164000
2001-03-28,14.5445,15.2483,14.0753,14.5445,561000
2001-03-29,13.6531,14.0753,13.5123,14.0753,169200
2001-03-30,14.3568,14.7322,14.3568,14.6852,129700
2001-04-02,14.2161,14.2630,14.0753,14.2161,169200
2001-04-03,12.5739,12.9024,12.4801,12.6678,365000
2001-04-04,12.7616,13.1370,12.6678,12.7147,136200
2001-04-05,13.6061,14.5914,13.6061,14.5914,148100
2001-04-06,14.1222,14.1691,13.8407,14.0753,129200
2001-04-09,14.5445,14.5445,14.1222,14.4037,81200
2001-04-10,14.4037,14.4037,14.2630,14.3099,20500
2001-04-11,14.5445,14.9198,14.4037,14.4976,270900
2001-04-12,14.7791,15.1075,14.6852,15.1075,171100
2001-04-16,15.7174,17.1250,15.7174,16.6089,92200
2001-04-17,15.4828,15.7174,15.2952,15.3421,16600
2001-04-18,15.0137,15.4828,14.5914,15.3890,212900
2001-04-19,15.3890,15.3890,14.8729,14.8729,81700
2001-04-20,14.7791,14.7791,14.0284,14.5445,125700
2001-04-23,14.5445,14.7791,14.1691,14.4037,34200
2001-04-24,14.5445,15.0137,14.4507,14.9198,48700
2001-04-25,14.0753,15.2483,14.0753,15.2483,120900
2001-04-26,15.4828,21.3945,15.0137,20.8784,2610400
2001-04-27,21.1130,22.7551,20.5500,20.5500,667500
2001-04-30,20.6438,20.6438,19.4708,19.9400,42500
2001-05-01,18.7671,19.0017,18.5325,18.6263,436800
2001-05-02,18.0633,18.8140,18.0633,18.7671,70200
2001-05-03,19.7054,19.7054,19.0017,19.2363,241900
2001-05-04,19.0017,19.3301,18.9078,19.0486,82100
2001-05-07,18.5325,18.6732,18.4856,18.6732,35400
2001-05-08,19.1424,19.1424,18.4856,18.6732,174400
2001-05-09,18.5325,18.5325,18.3917,18.3917,1500
2001-05-10,18.3917,18.7671,18.0164,18.2041,81200
2001-05-11,17.8287,17.8287,17.2657,17.2657,85200
2001-05-14,16.8904,17.1250,16.6089,16.7496,65400
2001-05-15,16.7965,17.3596,16.6558,17.3596,62200
2001-05-16,17.8287,17.8287,16.4212,16.6558,414800
2001-05-17,17.1719,17.1719,16.6089,16.6558,107600
2001-05-18,17.2657,17.5941,17.1719,17.3126,43000
2001-05-21,17.1719,17.4534,16.9373,17.2657,130100
2001-05-22,17.3596,17.6411,16.9373,17.2188,153400
2001-05-23,17.1250,17.1250,16.6558,16.7027,58000
2001-05-24,16.7965,16.8904,16.4212,16.6558,32000
2001-05-25,16.8904,17.2657,16.8904,16.8904,38100
2001-05-29,16.6558,16.6558,16.3274,16.4212,138800
2001-05-30,15.2952,15.4828,15.1544,15.2013,45500
2001-05-31,15.4828,15.4828,14.7791,15.1075,166100
2001-06-01,15.4359,15.4359,15.0137,15.1075,68000
2001-06-04,15.1075,15.1544,14.8729,14.8729,84400
2001-06-05,14.3099,14.3099,14.2161,14.2630,53000
2001-06-06,14.4507,14.7322,14.3099,14.3099,346600
2001-06-07,14.6852,14.6852,14.0753,14.2630,290300
2001-06-08,14.6852,15.2952,14.5914,15.2952,156900
2001-06-11,15.3890,15.3890,14.6383,14.7791,310100
2001-06-12,14.7791,14.7791,13.9815,14.3099,330800
2001-06-13,14.3568,14.5445,14.1691,14.4976,22200
2001-06-14,15.1075,15.2952,15.0137,15.0606,82500
2001-06-15,14.7791,14.7791,14.6383,14.7322,26600
2001-06-18,13.6061,13.9815,13.6061,13.8407,34200
2001-06-19,13.6061,13.7000,13.6061,13.6531,32400
2001-06-20,13.4654,13.6061,13.2308,13.3715,42200
2001-06-21,13.5592,13.5592,12.7616,13.0431,46400
2001-06-22,13.3715,14.3099,13.1370,14.1222,124800
2001-06-25,13.3715,13.4185,12.6678,13.0900,34500
2001-06-26,12.9024,13.2308,12.9024,12.9024,162700
2001-06-27,12.9962,13.0900,12.8085,12.9024,52100
2001-06-28,12.9493,13.7469,12.9024,13.6061,125200
2001-06-29,13.6531,13.6531,13.1370,13.1370,190800
2001-07-02,13.3715,13.6061,11.8702,12.3863,262900
2001-07-03,12.6678,13.1370,12.5739,12.7147,123400
2001-07-05,12.4332,12.4332,11.9640,12.1986,153000
2001-07-06,10.5565,10.6972,9.2897,9.3835,612500
2001-07-09,9.6181,10.1342,9.6181,9.8058,313600
2001-07-10,9.7589,10.1811,9.5712,9.7120,176300
2001-07-11,9.2428,9.2428,8.6798,8.9144,428000
2001-07-12,9.1490,9.1490,8.9144,8.9144,499300
2001-07-13,8.6798,8.8205,8.4452,8.4921,104400
2001-07-16,8.4921,8.4921,8.3044,8.3983,33300
2001-07-17,6.9907,8.3983,6.8969,8.2106,1939300
2001-07-18,7.5068,7.5068,6.9438,7.3192,255900
2001-07-19,7.3192,7.8353,7.3192,7.6476,523000
2001-07-20,7.6945,8.5859,7.6945,8.4452,362100
2001-07-23,7.0377,7.5068,5.6301,7.2722,454000
2001-07-24,7.9760,8.3983,7.9760,8.1168,153400
2001-07-25,7.0377,7.4130,7.0377,7.4130,70200
2001-07-26,7.4130,7.4130,7.2722,7.4130,147600
2001-07-27,7.4130,7.4130,7.0377,7.0846,53900
2001-07-30,7.5068,7.8822,7.5068,7.5068,115600
2001-07-31,7.5068,8.9144,7.5068,8.9144,436000
2001-08-01,8.9144,8.9613,8.6798,8.9144,424600
2001-08-02,8.7736,8.7736,8.2106,8.2106,97100
2001-08-03,8.3983,8.3983,8.1637,8.2106,28900
2001-08-06,7.7414,7.7414,6.5685,6.8969,366000
2001-08-07,6.8031,7.0377,6.4746,7.0377,238400
2001-08-08,4.0732,4.3677,4.0241,4.2695,327300
2001-08-09,4.4167,4.4167,4.0241,4.1714,547700
2001-08-10,4.1714,4.2204,3.9751,4.1223,328600
2001-08-13,4.0241,4.1714,3.9751,4.0241,203100
2001-08-14,3.8769,3.9751,3.8769,3.8769,225900
2001-08-15,3.9260,3.9260,3.7788,3.7788,95700
2001-08-16,3.7788,4.0732,3.7788,4.0241,58800
2001-08-17,3.9751,4.0732,3.9260,3.9751,111700
2001-08-20,3.9260,3.9751,3.8769,3.9751,139300
2001-08-21,3.9260,4.1223,3.9260,4.0732,20000
2001-08-22,4.0732,4.4167,4.0732,4.1223,287100
2001-08-23,4.2204,4.2695,4.1714,4.2695,196600
2001-08-24,4.4167,4.9075,4.3677,4.7112,350600
2001-08-27,4.8093,4.9075,4.7603,4.8093,96600
2001-08-28,4.7603,4.7603,4.5640,4.6621,103300
2001-08-29,4.6621,4.6621,4.4658,4.5149,68000
2001-08-30,4.4167,4.5149,4.1223,4.1714,296800
2001-08-31,4.0732,4.4658,4.0732,4.4167,56600
2001-09-04,4.3677,4.3677,4.0732,4.0732,55200
2001-09-05,4.0241,4.1714,4.0241,4.1714,78600
2001-09-06,4.2204,4.4658,4.2204,4.3677,184200
2001-09-07,4.3186,4.3677,4.1223,4.1714,205900
2001-09-10,4.1714,4.1714,4.1223,4.1714,54700
2001-09-17,2.9445,3.6806,2.8954,3.4843,165200
2001-09-18,3.6806,3.6806,3.4352,3.4843,124800
2001-09-19,3.4843,3.5334,3.1899,3.3371,416500
2001-09-20,3.3371,3.3371,3.1408,3.1899,362900
2001-09-21,3.1899,3.3371,3.0426,3.1899,59300
2001-09-24,3.6806,3.7788,3.2389,3.4352,59300
2001-09-25,3.4352,3.4352,3.2389,3.3862,42500
2001-09-26,3.8769,3.8769,3.2880,3.3862,32400
2001-09-27,3.2389,3.5825,3.2389,3.3371,46900
2001-09-28,3.3371,3.7788,3.2389,3.7788,244900
2001-10-01,3.6806,3.7297,3.5334,3.6315,129200
2001-10-02,3.6315,3.7297,3.4843,3.5825,26600
2001-10-03,3.6806,3.6806,3.4352,3.4843,63200
2001-10-04,3.5579,3.5579,3.2880,3.4451,4061000
2001-10-05,3.2880,3.4352,3.1899,3.3420,220700
2001-10-08,3.3862,3.5089,3.3420,3.4107,98900
2001-10-09,3.4352,3.4451,3.4107,3.4352,48200
2001-10-10,3.8769,4.1027,3.8769,4.0487,669600
2001-10-11,4.4266,4.6621,4.4266,4.6621,254600
2001-10-12,4.6376,4.6376,4.3431,4.4609,437300
2001-10-15,4.4609,4.4903,4.3726,4.4903,77300
2001-10-16,4.5394,4.8093,4.4903,4.8093,75100
2001-10-17,5.0056,5.0056,4.9026,4.9418,361100
2001-10-18,4.9075,4.9075,4.5640,4.6621,128800
2001-10-19,4.6376,4.6376,4.5100,4.5394,95700
2001-10-22,4.7848,5.1283,4.7848,5.1283,498000
2001-10-23,5.5455,5.6436,5.4473,5.5945,158200
2001-10-24,5.5455,5.5455,5.4031,5.4473,128800
2001-10-25,5.3982,5.5160,5.3982,5.4228,172400
2001-10-26,5.6436,5.7663,5.6436,5.6436,426200
2001-10-29,5.6681,5.8890,5.6534,5.7908,182800
2001-10-30,5.6927,5.9626,5.6927,5.9135,491800
2001-10-31,6.1098,6.1834,5.9381,6.1834,229100
2001-11-01,6.2816,6.5270,6.2570,6.5122,497500
2001-11-02,7.3612,7.4839,7.3318,7.3612,462800
2001-11-05,7.1404,7.3612,6.9686,7.0177,271800
2001-11-06,6.9686,7.3612,6.8852,7.3612,369500
2001-11-07,7.1159,7.1159,6.6251,6.6251,575400
2001-11-08,6.8067,6.9686,6.8067,6.9441,128800
2001-11-09,6.6251,6.6889,6.4779,6.6889,189100
2001-11-12,6.5760,7.2385,6.5024,7.2140,305300
2001-11-13,7.2631,7.7293,7.2631,7.5968,629200
2001-11-14,7.5575,7.7047,7.4839,7.4839,300400
2001-11-15,7.5330,7.6066,7.5330,7.6017,428000
2001-11-16,7.6311,7.6311,7.4594,7.5575,500700
2001-11-19,7.9747,8.0728,7.9747,8.0483,455800
2001-11-20,8.1219,8.1268,8.0041,8.1268,333000
2001-11-21,8.0237,8.0237,7.7636,7.7636,631800
2001-11-23,7.7784,7.7784,7.7195,7.7391,42200
2001-11-26,7.8618,8.0973,7.8618,8.0973,196600
2001-11-27,7.7538,7.9845,7.7538,7.9256,274100
2001-11-28,7.4201,7.4348,7.2140,7.2140,575400
2001-11-29,7.1649,7.3612,6.9441,7.3367,855400
2001-11-30,7.4594,7.6066,7.4201,7.6066,138800
2001-12-03,7.6066,7.6066,7.3858,7.3858,42500
2001-12-04,7.3858,7.4103,7.3612,7.4054,86500
2001-12-05,8.0237,8.1464,8.0237,8.1317,534100
2001-12-06,9.3242,9.3733,9.2015,9.2457,617200
2001-12-07,9.1230,9.2506,8.9660,9.1819,163600
2001-12-10,9.2261,9.2261,9.0298,9.0298,78900
2001-12-11,9.0788,9.0788,8.9562,8.9562,172900
2001-12-12,9.0788,9.0788,8.9316,9.0200,131400
2001-12-13,9.0936,9.2015,9.0543,9.0788,246300
2001-12-14,9.0052,9.0739,8.9316,9.0396,51400
2001-12-17,8.9807,9.0788,8.9660,9.0543,197400
2001-12-18,9.0543,9.0788,9.0101,9.0788,330800
2001-12-19,9.0788,9.1279,8.9856,8.9856,169700
2001-12-20,8.9316,8.9611,8.9071,8.9071,82100
2001-12-21,8.9414,9.0788,8.9414,9.0347,682000
2001-12-24,9.1279,9.1525,9.0788,9.0838,86200
2001-12-26,9.3242,9.7414,9.3242,9.7168,119200
2001-12-27,10.0849,10.4039,10.0603,10.0603,681100
2001-12-28,10.0702,10.1340,9.9622,9.9622,299100
2001-12-31,10.0702,10.0800,10.0358,10.0751,169700
2002-01-02,10.0702,10.1830,10.0702,10.1781,234800
2002-01-03,10.2076,10.3057,10.1830,10.2027,346600
2002-01-04,10.2321,10.2321,10.1781,10.2321,178100
2002-01-07,10.8063,11.0418,10.8014,10.9241,601400
2002-01-08,10.8946,10.9928,10.8750,10.9241,431600
2002-01-09,10.1340,10.1536,9.9622,10.0652,477700
2002-01-10,9.5696,9.6677,9.4175,9.5549,448300
2002-01-11,9.4960,9.5647,9.3733,9.3733,222600
2002-01-14,9.4960,9.6923,9.4960,9.5745,113300
2002-01-15,9.4469,9.5156,9.3978,9.3978,162700
2002-01-16,9.1279,9.1279,8.9022,8.9071,254100
2002-01-17,9.0788,9.2359,9.0788,9.2359,129200
2002-01-18,9.3242,9.3978,9.2751,9.2751,42500
2002-01-22,9.1770,9.2359,9.0887,9.2261,109400
2002-01-23,9.2997,9.2997,9.1770,9.1819,11700
2002-01-24,9.2751,9.4224,9.2261,9.2261,457500
2002-01-25,9.2261,9.2261,8.8138,8.8237,108100
2002-01-28,9.0788,9.1279,8.9856,9.0298,211900
2002-01-29,9.0788,9.1525,9.0396,9.0788,241400
2002-01-30,9.0788,9.1279,9.0788,9.0788,60900
2002-01-31,9.5696,9.9671,9.5598,9.9229,650300
2002-02-01,9.9131,9.9426,9.8640,9.8690,211100
2002-02-04,9.5696,9.5696,9.3978,9.4469,211900
2002-02-05,8.9807,9.0690,8.9071,9.0298,245800
2002-02-06,8.4899,8.5145,8.4507,8.4507,187400
2002-02-07,8.1955,8.1955,7.8520,7.8716,73300
2002-02-08,8.0483,8.0483,7.5085,7.7047,404300
2002-02-11,7.7784,8.0041,7.7784,8.0041,81200
2002-02-12,7.9550,7.9550,7.8029,7.9060,312600
2002-02-13,8.0973,8.1366,8.0973,8.1366,64000
2002-02-14,8.4899,8.5783,8.4752,8.5537,241100
2002-02-15,8.3771,8.3771,8.1219,8.1464,345300
2002-02-19,7.8520,7.8912,7.8029,7.8078,192900
2002-02-20,7.7538,7.8520,7.7538,7.8520,156400
2002-02-21,7.8520,7.9403,7.8520,7.9010,38100
2002-02-22,7.9060,7.9354,7.8520,7.9354,45500
2002-02-25,7.8912,7.9010,7.8520,7.9010,67200
2002-02-26,7.8274,7.8274,7.5821,7.6557,174100
2002-02-27,7.6557,7.8274,7.6557,7.8029,155700
2002-02-28,7.7293,7.7538,7.6998,7.7293,324100
2002-03-01,8.1710,8.2936,8.1464,8.2936,509000
2002-03-04,8.4163,8.5734,8.4163,8.5734,276700
2002-03-05,8.4899,8.4899,8.3427,8.3427,39000
2002-03-06,8.3329,8.5145,8.3329,8.5145,149900
2002-03-07,8.6519,8.7108,8.6519,8.6666,148900
2002-03-08,8.6862,8.7844,8.6862,8.7255,497000
2002-03-11,8.4163,8.4507,8.3133,8.3231,505900
2002-03-12,7.8373,7.8373,7.6851,7.7293,418300
2002-03-13,7.1159,7.2631,7.0913,7.1159,111200
2002-03-14,7.0668,7.0668,6.9784,7.0619,34900
2002-03-15,7.1109,7.3514,7.1109,7.3514,27900
2002-03-18,7.1404,7.2140,7.1011,7.2140,88200
2002-03-19,7.0275,7.0570,6.9686,6.9932,89100
2002-03-20,7.0668,7.1796,7.0668,7.1404,99200
2002-03-21,7.3367,7.5575,7.3367,7.5575,80400
2002-03-22,7.5870,7.7047,7.5428,7.6802,116900
2002-03-25,8.1710,8.1955,8.1023,8.1023,155700
2002-03-26,8.0434,8.0434,7.9256,7.9256,210600
2002-03-27,7.9894,7.9894,7.8029,7.8029,606800
2002-03-28,7.9501,7.9747,7.8618,7.9747,83500
2002-04-01,7.8274,7.8274,7.7784,7.7980,100200
2002-04-02,7.9010,8.0237,7.9010,7.9501,66300
2002-04-03,7.9109,7.9501,7.8814,7.9010,104400
2002-04-04,7.9747,8.0875,7.9747,7.9992,32900
2002-04-05,8.2200,8.2446,8.2004,8.2004,83500
2002-04-08,7.9992,8.0483,7.9747,8.0483,10700
2002-04-09,8.1121,8.2446,8.1121,8.2200,21800
2002-04-10,8.3673,8.4409,8.3673,8.3869,83900
2002-04-11,8.6862,8.8433,8.6862,8.7893,206700
2002-04-12,8.7844,8.8825,8.7844,8.7844,331100
2002-04-15,8.8335,8.9660,8.8335,8.9562,280600
2002-04-16,8.8335,8.8580,8.7942,8.7942,76000
2002-04-17,8.7353,8.8335,8.7353,8.8286,69300
2002-04-18,8.8335,8.8335,8.7402,8.7991,78100
2002-04-19,8.7108,8.7353,8.6912,8.7353,146400
2002-04-22,8.4654,8.4752,8.3673,8.3673,12200
2002-04-23,8.3525,8.3673,8.3035,8.3035,33300
2002-04-24,8.3525,8.4654,8.3525,8.4654,122900
2002-04-25,8.3427,8.3427,8.2200,8.2446,107200
2002-04-26,8.3673,8.4654,8.3673,8.4114,281400
2002-04-29,8.4114,8.4114,8.3280,8.3329,181700
2002-04-30,8.2936,8.3329,8.2936,8.3329,12500
2002-05-01,8.2446,8.2495,8.1464,8.1513,29200
2002-05-02,7.9501,7.9599,7.9010,7.9060,51400
2002-05-03,7.8618,7.8618,7.8078,7.8422,98900
2002-05-06,7.7784,7.8274,7.7293,7.7980,32000
2002-05-07,7.8520,7.9060,7.8520,7.8618,8500
2002-05-08,8.1366,8.3427,8.1366,8.3427,167100
2002-05-09,8.3329,8.3673,8.3182,8.3182,4200
2002-05-10,8.1710,8.1710,8.1710,8.1710,2400
2002-05-13,8.0483,8.0728,8.0041,8.0090,47400
2002-05-14,7.9501,7.9992,7.9501,7.9845,78900
2002-05-15,7.9501,7.9501,7.8323,7.8765,68500
2002-05-16,7.7293,7.9403,7.7293,7.9060,89600
2002-05-17,7.4839,7.5085,7.4103,7.4299,232200
2002-05-20,7.3612,7.3612,7.2238,7.2385,126600
2002-05-21,7.2631,7.3907,7.2631,7.3465,179400
2002-05-22,7.1895,7.1895,7.0668,7.1060,48700
2002-05-23,7.1895,7.1895,7.1404,7.1453,123900
2002-05-24,7.1698,7.2778,7.1502,7.2778,36700
2002-05-28,7.3612,7.4594,7.3612,7.4496,8300
2002-05-29,7.2876,7.3023,7.2238,7.2631,29200
2002-05-30,6.9932,7.0668,6.9932,7.0668,25500
2002-05-31,7.0913,7.1159,7.0177,7.0177,30200
2002-06-03,6.8950,6.9441,6.8950,6.9196,20000
2002-06-04,7.0422,7.0422,7.0128,7.0177,86500
2002-06-05,7.0030,7.0030,6.9932,6.9932,175800
2002-06-06,7.0422,7.0422,6.9932,6.9932,65400
2002-06-07,6.8705,6.8705,6.7723,6.8018,139700
2002-06-10,6.7478,6.7478,6.6742,6.6791,75500
2002-06-11,6.3307,6.3307,6.2816,6.2816,12200
2002-06-12,6.2816,6.2816,6.1344,6.1540,99700
2002-06-13,6.1540,6.1540,6.0313,6.0509,70600
2002-06-14,5.7418,5.7418,5.6681,5.7123,70200
2002-06-17,5.5700,5.5700,5.3835,5.4375,122600
2002-06-18,5.5945,5.6829,5.5945,5.6485,180700
2002-06-19,5.3001,5.3001,5.2706,5.2952,48200
2002-06-20,4.8093,5.0792,4.8044,5.0792,672200
2002-06-21,4.9075,5.0547,4.9075,5.0547,13500
2002-06-24,4.9075,4.9566,4.9075,4.9517,89100
2002-06-25,5.2755,5.3393,5.2461,5.3393,147600
2002-06-26,4.9467,5.0302,4.9369,5.0302,138500
2002-06-27,5.3982,5.7663,5.3099,5.7418,196100
2002-06-28,5.4473,5.9871,5.4473,5.9871,210100
2002-07-01,5.7418,5.8301,5.7418,5.7908,101500
2002-07-02,5.5945,5.6436,5.5553,5.5553,242900
2002-07-03,5.5209,5.5455,5.4473,5.5455,140100
2002-07-05,5.6436,5.8694,5.6436,5.8694,48700
2002-07-08,5.4473,5.5209,5.2265,5.3884,341800
2002-07-09,5.4031,5.4031,5.2510,5.3001,441300
2002-07-10,5.4228,5.5945,5.4228,5.4571,91400
2002-07-11,5.7172,5.8154,5.7172,5.8154,13900
2002-07-12,6.7233,6.7233,6.5858,6.6349,76900
2002-07-15,6.9932,6.9932,6.7478,6.7625,78100
2002-07-16,6.7331,6.7969,6.6742,6.7674,131400
2002-07-17,7.3612,7.7538,7.3612,7.7538,299900
2002-07-18,7.7931,7.7931,7.4594,7.4594,82500
2002-07-19,7.4594,7.5330,7.2238,7.2238,59700
2002-07-22,7.1747,7.1747,7.0668,7.0668,103300
2002-07-23,7.2631,7.2631,7.1502,7.1698,79400
2002-07-24,7.0668,7.0668,6.6006,7.0471,210600
2002-07-25,6.9932,6.9932,6.9196,6.9196,24000
2002-07-26,6.9294,6.9490,6.9196,6.9245,3300
2002-07-29,7.0422,7.2385,7.0030,7.2385,22200
2002-07-30,7.3612,7.3612,7.2925,7.3367,5500
2002-07-31,7.2876,7.2974,7.2140,7.2140,24500
2002-08-01,7.2876,7.3367,7.1895,7.2385,163200
2002-08-02,7.6557,7.6557,7.4839,7.4839,24500
2002-08-05,7.4496,7.4888,7.4496,7.4790,27000
2002-08-06,7.4005,7.5722,7.4005,7.5722,97100
2002-08-07,7.5330,7.5477,7.5330,7.5477,11700
2002-08-08,7.6066,7.6066,7.5183,7.5477,73700
2002-08-09,7.5821,7.5821,7.4692,7.4692,16200
2002-08-12,7.3465,7.3465,7.3220,7.3269,3700
2002-08-13,7.2925,7.2925,7.2434,7.2434,83000
2002-08-14,7.2140,7.2631,7.1649,7.2631,39000
2002-08-15,6.8459,7.0668,6.6987,7.0668,208300
2002-08-16,6.9441,7.2238,6.9196,7.1895,43400
2002-08-19,6.7723,6.7969,6.7134,6.7380,108500
2002-08-20,6.5368,6.6006,6.4779,6.4975,223400
2002-08-21,6.4533,6.5024,6.4141,6.5024,171100
2002-08-22,6.3061,6.3110,6.3061,6.3110,68500
2002-08-23,6.2718,6.2767,6.2129,6.2325,69700
2002-08-26,6.1982,6.2570,6.1834,6.2570,38500
2002-08-27,6.2570,6.2570,6.2423,6.2423,20900
2002-08-28,6.2570,6.2570,6.2472,6.2472,5500
2002-08-29,6.2669,6.3405,6.2669,6.2816,18200
2002-08-30,6.3797,6.6153,6.3797,6.5024,43000
2002-09-03,6.5073,6.5073,6.4288,6.4288,4700
2002-09-04,6.2325,6.2816,6.2227,6.2570,35400
2002-09-05,6.2619,6.4533,6.2619,6.3797,44700
2002-09-06,6.4288,6.4288,6.3797,6.3797,1500
2002-09-09,6.3552,6.3552,6.3208,6.3307,35900
2002-09-10,6.0607,6.0607,5.9626,5.9675,78900
2002-09-11,6.0068,6.1834,6.0068,6.1834,17700
2002-09-12,6.2080,6.2129,6.1834,6.2031,3300
2002-09-13,6.2325,6.2325,6.1589,6.2031,13500
2002-09-16,6.1834,6.1834,6.0853,6.1245,11200
2002-09-17,6.1736,6.1736,6.1294,6.1294,7300
2002-09-18,6.0853,6.0853,5.9381,5.9871,24000
2002-09-19,5.9381,5.9381,5.8399,5.8890,130100
2002-09-20,5.8890,5.9331,5.8694,5.8694,25000
2002-09-23,5.8890,5.9381,5.8154,5.9135,91400
2002-09-24,5.8890,5.9773,5.8890,5.8988,35400
2002-09-25,5.8497,5.9331,5.8497,5.9135,21400
2002-09-26,5.9282,5.9430,5.8890,5.9430,39900
2002-09-27,5.9430,5.9430,5.5945,5.6436,55700
2002-09-30,5.5945,5.7663,5.5209,5.7663,109900
2002-10-01,5.7908,6.0166,5.7908,6.0166,21400
2002-10-02,5.9969,5.9969,5.9135,5.9184,6500
2002-10-03,5.8890,5.9381,5.8890,5.9381,1500
2002-10-04,5.9135,5.9381,5.8399,5.8399,6900
2002-10-07,5.8399,5.8890,5.8399,5.8792,4200
2002-10-08,5.9381,6.0362,5.9381,5.9724,17000
2002-10-09,6.1344,6.2178,6.1344,6.2129,30700
2002-10-10,6.2767,6.6742,6.2767,6.6742,24000
2002-10-11,6.6742,6.7429,6.5858,6.5858,15300
2002-10-14,6.5024,6.5024,6.2816,6.3748,20500
2002-10-15,6.6496,6.9686,6.6496,6.9588,104400
2002-10-16,6.9637,6.9637,6.8214,6.9196,20000
2002-10-17,7.1649,7.2434,7.0177,7.1895,37700
2002-10-18,7.2385,7.5330,7.2385,7.4545,27900
2002-10-21,7.5821,7.5821,7.4839,7.5821,158200
2002-10-22,7.8274,7.8274,7.5575,7.6557,200400
2002-10-23,7.4594,7.4594,7.3171,7.4545,18200
2002-10-24,7.5085,7.5821,7.4594,7.5821,31500
2002-10-25,7.6557,7.7293,7.5722,7.7293,86500
2002-10-28,7.7784,7.7784,7.7440,7.7538,4200
2002-10-29,7.7047,7.7047,7.6557,7.7047,29700
2002-10-30,7.5330,7.5575,7.3710,7.5575,73300
2002-10-31,7.3858,7.5330,7.3858,7.5281,20900
2002-11-01,7.5575,7.5575,7.5281,7.5575,13000
2002-11-04,8.0483,8.1464,8.0237,8.0286,27000
2002-11-05,8.6862,8.8335,8.5390,8.5881,91800
2002-11-06,8.6862,8.6862,8.2740,8.3378,39900
2002-11-07,9.2015,9.4371,9.2015,9.3684,183300
2002-11-08,9.0788,9.2997,8.9316,9.2997,163200
2002-11-11,8.7108,8.7108,8.6323,8.6519,54700
2002-11-12,8.0728,8.2200,8.0728,8.1513,319400
2002-11-13,8.1513,8.5390,8.1513,8.5341,317100
2002-11-14,8.5341,8.5341,8.2200,8.3427,179400
2002-11-15,8.3918,8.6617,8.3918,8.6126,155700
2002-11-18,9.0543,9.0543,8.6862,8.7353,51800
2002-11-19,8.4409,8.4409,8.1611,8.1906,116400
2002-11-20,8.2887,8.4507,8.2887,8.4409,8500
2002-11-21,8.8237,9.0298,8.7648,8.7697,242900
2002-11-22,8.8335,9.2261,8.8335,9.1083,73300
2002-11-25,8.9611,8.9611,8.7795,8.8335,124800
2002-11-26,8.7844,8.7844,8.6862,8.6862,10700
2002-11-27,9.0101,9.3242,9.0101,9.1181,69300
2002-11-29,9.4469,9.4469,9.3046,9.3095,8500
2002-12-02,9.6432,9.6923,9.5205,9.5843,95700
2002-12-03,9.3242,9.3242,9.1525,9.1721,14800
2002-12-04,9.1279,9.1917,9.0739,9.1917,11200
2002-12-05,9.5205,9.5205,9.2850,9.2850,17400
2002-12-06,9.4076,9.4224,9.3438,9.3537,58800
2002-12-09,9.0200,9.0298,8.8335,8.9022,22200
2002-12-10,8.8580,8.9709,8.8580,8.9709,7300
2002-12-11,8.9709,8.9709,8.8776,8.8776,5500
2002-12-12,8.9022,9.1377,8.9022,9.1377,20500
2002-12-13,9.0788,9.5451,9.0690,9.5156,507700
2002-12-16,9.2261,9.2261,9.0887,9.1426,15700
2002-12-17,8.7108,8.7108,8.4409,8.4409,151200
2002-12-18,8.4654,8.4850,8.4409,8.4409,28400
2002-12-19,7.9992,8.0188,7.8225,7.8225,77300
2002-12-20,7.8765,7.9256,7.7538,7.9256,239200
2002-12-23,7.5722,7.8225,7.5673,7.8078,64500
2002-12-24,7.3858,7.5085,7.3858,7.4594,41700
2002-12-26,7.4594,7.5379,7.2385,7.3612,51400
2002-12-27,7.3858,7.4692,7.3858,7.4594,24000
2002-12-30,7.1159,7.3612,7.1159,7.3318,34200
2002-12-31,7.3318,7.6066,7.3318,7.6066,86500
2003-01-02,7.4348,7.5428,7.4348,7.5379,73700
2003-01-03,7.6606,7.6753,7.6066,7.6753,17400
2003-01-06,7.4594,7.4594,7.3367,7.4103,70200
2003-01-07,7.1159,7.1649,7.0815,7.1109,159600
2003-01-08,7.0079,7.2091,7.0079,7.1649,117700
2003-01-09,7.2140,7.4348,7.1993,7.4250,19200
2003-01-10,7.3858,7.3858,7.0422,7.3023,207200
2003-01-13,7.3612,7.4152,7.3612,7.4152,7800
2003-01-14,7.3612,7.4152,7.1944,7.2876,132700
2003-01-15,7.2876,7.3809,7.2827,7.3710,21800
2003-01-16,7.4103,7.8520,7.4103,7.6066,560500
2003-01-17,7.4103,7.6066,7.4103,7.5624,284600
2003-01-21,7.8029,7.8029,7.7538,7.7538,6500
2003-01-22,7.8765,7.8765,7.6066,7.6802,123400
2003-01-23,7.9010,8.0336,7.9010,8.0336,50500
2003-01-24,7.9501,7.9501,7.8667,7.8765,209300
2003-01-27,8.3673,8.3673,8.1464,8.1464,23200
2003-01-28,8.0973,8.0973,7.9992,7.9992,13900
2003-01-29,7.9501,7.9747,7.8520,7.9747,40800
2003-01-30,8.0973,8.2936,8.0973,8.1268,55700
2003-01-31,8.2200,8.2200,8.0973,8.1562,11700
2003-02-03,8.1562,8.1562,8.1562,8.1562,0
2003-02-04,8.1562,8.3427,8.1562,8.2299,41700
2003-02-05,8.0973,8.0973,7.9845,7.9845,9400
2003-02-06,7.9747,7.9747,7.8667,7.8667,27900
2003-02-07,7.8716,7.9550,7.8716,7.9550,37700
2003-02-10,7.9845,7.9845,7.9452,7.9452,12500
2003-02-11,7.9305,7.9305,7.8667,7.8814,17400
2003-02-12,7.8814,7.8814,7.8814,7.8814,7300
2003-02-13,7.8520,7.8765,7.8471,7.8471,14400
2003-02-14,7.8765,7.9747,7.8765,7.9747,40800
2003-02-18,8.0434,8.3820,8.0434,8.3673,13500
2003-02-19,8.3427,8.3427,8.0875,8.0875,27500
2003-02-20,8.0483,8.1464,8.0237,8.0385,43700
2003-02-21,8.1661,8.2200,8.0973,8.0973,16600
2003-02-24,8.0237,8.0237,7.8029,7.8520,508100
2003-02-25,7.7293,7.8127,7.7293,7.7980,36700
2003-02-26,7.9501,8.0237,7.9501,8.0237,18200
2003-02-27,8.0728,8.0875,8.0679,8.0679,8300
2003-02-28,8.2200,8.2249,7.9010,8.0483,90400
2003-03-03,7.1159,7.1649,6.9686,7.0619,448300
2003-03-04,7.1109,7.2876,7.0913,7.2876,123900
2003-03-05,7.3367,7.3367,7.1747,7.2631,119500
2003-03-06,7.1944,7.2140,6.9245,7.0668,92700
2003-03-07,7.1159,7.1649,7.0422,7.1551,32900
2003-03-10,7.2631,7.2876,7.1109,7.1109,45100
2003-03-11,6.9932,7.0570,6.9196,6.9539,27500
2003-03-12,6.9686,6.9686,6.8950,6.8999,4200
2003-03-13,6.8852,7.0177,6.8508,6.9981,116000
2003-03-14,6.8214,6.8410,6.5760,6.6104,389300
2003-03-17,5.6436,6.5024,5.5700,6.0313,3385800
2003-03-18,6.0607,6.4288,6.0117,6.1982,1348700
2003-03-19,5.6436,5.8644,5.4718,5.6681,1350900
2003-03-20,5.6436,5.8546,5.5945,5.8399,1098800
2003-03-21,5.7908,5.9135,5.6681,5.6681,1416400
2003-03-24,5.4964,5.5945,5.2755,5.3443,473000
2003-03-25,5.4964,6.0853,5.4964,5.8792,1182300
2003-03-26,5.7908,5.8301,5.6829,5.7565,244000
2003-03-27,5.7908,5.9381,5.7908,5.8988,68500
2003-03-28,6.0853,6.2816,6.0804,6.2325,722900
2003-03-31,6.1834,6.2031,6.0068,6.1344,127500
2003-04-01,6.3110,6.4975,6.3061,6.4533,341300
2003-04-02,6.5760,6.6987,6.5515,6.5908,86900
2003-04-03,6.8214,6.8950,6.7380,6.8705,659900
2003-04-04,7.0668,7.1159,6.9686,6.9932,225900
2003-04-07,7.0422,7.0668,6.9686,6.9932,407400
2003-04-08,6.9196,6.9588,6.8705,6.9245,133100
2003-04-09,6.9735,7.0668,6.9735,7.0226,200900
2003-04-10,6.9196,6.9196,6.8459,6.8508,323300
2003-04-11,6.7723,6.7723,6.5711,6.5760,182400
2003-04-14,6.9196,7.0619,6.8950,7.0619,52100
2003-04-15,7.0913,7.0913,6.8950,6.9588,42200
2003-04-16,7.0962,7.1159,7.0913,7.0913,11700
2003-04-17,7.0422,7.1109,7.0422,7.0913,176300
2003-04-21,7.1649,7.2042,7.1257,7.1698,20900
2003-04-22,7.1159,7.1159,6.9686,7.0815,62200
2003-04-23,7.0668,7.0766,6.9932,7.0422,124800
2003-04-24,6.8214,6.8459,6.6889,6.7134,47700
2003-04-25,6.8950,7.0913,6.8950,6.9932,62700
2003-04-28,7.0422,7.3122,7.0422,7.1159,231800
2003-04-29,7.2140,7.3514,7.1796,7.2385,70200
2003-04-30,7.2876,7.3661,7.2385,7.3367,259100
2003-05-01,7.3612,7.3612,7.3122,7.3122,11200
2003-05-02,7.3612,7.3759,7.3171,7.3367,75100
2003-05-05,7.3809,7.4103,7.3612,7.3612,163200
2003-05-06,7.3612,7.3612,7.1159,7.2091,596700
2003-05-07,7.2189,7.2876,7.2189,7.2680,72400
2003-05-08,7.2729,7.2729,7.2042,7.2091,49500
2003-05-09,7.2189,7.2434,7.1060,7.1208,86900
2003-05-12,7.0962,7.1159,7.0717,7.1159,96600
2003-05-13,7.0422,7.0422,6.9392,6.9686,653700
2003-05-14,6.9048,6.9196,6.8705,6.8705,175400
2003-05-15,6.8214,6.8214,6.7134,6.7183,228200
2003-05-16,6.7233,6.7674,6.6938,6.7233,347000
2003-05-19,6.7674,6.8263,6.7134,6.7183,531400
2003-05-20,6.8214,6.9686,6.8214,6.9343,225500
2003-05-21,6.9097,6.9343,6.8852,6.9196,51800
2003-05-22,6.9048,6.9686,6.8950,6.9686,186400
2003-05-23,7.0521,7.3122,7.0521,7.2680,166600
2003-05-27,7.3612,7.4201,7.3514,7.3563,250300
2003-05-28,7.7538,7.7538,7.6311,7.7293,651500
2003-05-29,7.7538,7.8274,7.7538,7.8274,267400
2003-05-30,7.9747,7.9747,7.9305,7.9403,410000
2003-06-02,8.2200,8.5194,8.2200,8.3427,339100
2003-06-03,8.1955,8.2102,8.1415,8.1611,113300
2003-06-04,8.1219,8.2053,8.0434,8.0483,167900
2003-06-05,7.9501,7.9501,7.8029,7.8274,63200
2003-06-06,7.8520,7.9060,7.5968,7.6066,363400
2003-06-09,7.5085,7.5575,7.4839,7.4839,149400
2003-06-10,7.5134,7.5134,7.4201,7.4250,56600
2003-06-11,7.4839,7.5526,7.4594,7.5526,98900
2003-06-12,7.5330,7.5526,7.5134,7.5134,74200
2003-06-13,7.4839,7.6557,7.4839,7.5183,366000
2003-06-16,7.8765,7.9501,7.8471,7.9452,138500
2003-06-17,8.0728,8.0728,7.9992,8.0483,44200
2003-06-18,7.9747,7.9747,7.9550,7.9599,20900
2003-06-19,7.8569,7.8716,7.8127,7.8716,410300
2003-06-20,7.8274,7.8520,7.8029,7.8520,16200
2003-06-23,7.8520,7.8520,7.7293,7.7293,1041900
2003-06-24,7.7293,7.7833,7.7293,7.7538,95700
2003-06-25,7.8520,7.9501,7.8471,7.8520,375600
2003-06-26,7.9501,7.9501,7.9010,7.9207,20500
2003-06-27,8.0483,8.0973,8.0483,8.0875,72900
2003-06-30,8.1121,8.3427,8.0973,8.2936,628700
2003-07-01,8.3035,8.3427,8.2691,8.3427,773000
2003-07-02,8.3918,8.3918,8.3182,8.3378,553500
2003-07-03,8.3231,8.3427,8.3182,8.3427,1310000
2003-07-07,7.8520,7.8961,7.8029,7.8323,754700
2003-07-08,7.8274,7.8274,7.7538,7.7980,54400
2003-07-09,7.5575,7.5821,7.4790,7.4839,441800
2003-07-10,7.4790,7.4839,7.4447,7.4839,320300
2003-07-11,7.4839,7.5477,7.4594,7.4839,246700
2003-07-14,7.6557,7.7882,7.6557,7.7293,451300
2003-07-15,7.7538,7.8471,7.7293,7.8471,167400
2003-07-16,7.7538,7.7980,7.7489,7.7784,1588500
2003-07-17,7.7784,7.9010,7.7784,7.8569,1466300
2003-07-18,7.8765,7.9354,7.8520,7.9354,457100
2003-07-21,7.9354,7.9501,7.8863,7.9501,1235600
2003-07-22,7.9010,7.9109,7.8520,7.8765,1070000
2003-07-23,7.9256,7.9256,7.6164,7.7146,835900
2003-07-24,7.7146,7.8618,7.7146,7.7931,24500
2003-07-25,7.8765,8.0286,7.8765,8.0237,20000
2003-07-28,8.0973,8.1611,7.9599,8.0090,58400
2003-07-29,8.0090,8.0483,7.9501,7.9747,70600
2003-07-30,7.9256,7.9747,7.9010,7.9747,48700
2003-07-31,7.9501,7.9747,7.8274,7.8274,95200
2003-08-01,7.9010,7.9648,7.9010,7.9256,34900
2003-08-04,8.0973,8.2200,8.0483,8.1955,180700
2003-08-05,8.2936,8.5390,8.2936,8.4899,199600
2003-08-06,8.3329,8.3329,8.1906,8.2004,93700
2003-08-07,8.4654,8.5390,8.4163,8.4409,83900
2003-08-08,8.5881,8.6421,8.5145,8.5832,52100
2003-08-11,8.8335,9.0298,8.8335,9.0249,216900
2003-08-12,8.9071,8.9954,8.9071,8.9905,91800
2003-08-13,9.0298,9.0298,8.8335,8.8531,204400
2003-08-14,8.8825,8.9071,8.7599,8.8580,266600
2003-08-15,8.8580,9.0788,8.8580,9.0788,28400
2003-08-18,9.0396,9.0396,8.6617,8.7599,215100
2003-08-19,8.7599,8.9316,8.7599,8.9316,41700
2003-08-20,8.9316,8.9316,8.7599,8.8825,97100
2003-08-21,8.8825,8.9954,8.8825,8.9267,50500
2003-08-22,9.0788,9.1279,8.9807,8.9807,117700
2003-08-25,9.0543,9.0543,8.9807,8.9807,20500
2003-08-26,8.9611,9.1525,8.9611,9.1279,401600
2003-08-27,9.1770,9.2015,9.0052,9.0052,157800
2003-08-28,9.0298,9.0298,8.7844,8.9267,212900
2003-08-29,8.8335,8.8825,8.7402,8.8825,247100
2003-09-02,8.8335,8.8727,8.7500,8.8531,83900
2003-09-03,8.8580,8.8580,8.8286,8.8335,171900
2003-09-04,8.5881,8.5881,8.3918,8.4212,1322200
2003-09-05,8.4212,8.4654,8.3427,8.4409,126200
2003-09-08,8.2446,8.2936,8.1710,8.1955,162700
2003-09-09,8.1464,8.4409,8.1464,8.3673,589200
2003-09-10,8.2691,8.2691,8.0973,8.1268,246300
2003-09-11,8.2446,8.3820,8.2446,8.3427,1497400
2003-09-12,8.5636,8.6028,8.5341,8.5930,91800
2003-09-15,8.6274,8.6274,8.5685,8.6126,188200
2003-09-16,8.7599,8.7697,8.7108,8.7206,192600
2003-09-17,8.7844,8.7844,8.6126,8.6175,757200
2003-09-18,8.7108,8.8825,8.7108,8.8825,202200
2003-09-19,9.1034,9.2163,9.0788,9.0788,214600
2003-09-22,9.4469,9.4469,9.2015,9.2015,498800
2003-09-23,9.2015,9.3144,9.2015,9.2850,188700
2003-09-24,9.1574,9.1623,9.0200,9.0445,291600
2003-09-25,9.0200,9.0445,8.8825,8.9316,240100
2003-09-26,8.8825,8.9071,8.7599,8.7844,282400
2003-09-29,8.6126,8.6126,8.4654,8.5881,552200
2003-09-30,8.4654,8.4899,8.3918,8.4899,340800
2003-10-01,8.4654,8.5881,8.4654,8.5881,273100
2003-10-02,8.6862,8.7353,8.6617,8.7353,150300
2003-10-03,8.8825,9.0003,8.8825,8.9807,153900
2003-10-06,10.1732,10.1830,10.0113,10.1585,603200
2003-10-07,10.1732,10.4333,10.0849,10.4088,562300
2003-10-08,10.1830,10.2321,10.0849,10.1585,632700
2003-10-09,9.8150,9.9229,9.8150,9.9229,280100
2003-10-10,9.7315,9.7364,9.5941,9.6923,456200
2003-10-13,9.3488,9.3488,9.1525,9.2261,1439400
2003-10-14,9.1770,9.3389,9.1721,9.3242,190800
2003-10-15,9.3733,9.3733,9.2850,9.3193,91400
2003-10-16,9.4224,9.5843,9.4224,9.5156,70200
2003-10-17,9.4960,9.6579,9.4960,9.6236,93200
2003-10-20,9.5549,9.5598,9.4714,9.4960,229600
2003-10-21,9.5696,9.5696,9.3488,9.3684,283300
2003-10-22,9.2506,9.3242,9.2408,9.3242,232200
2003-10-23,8.9807,9.0298,8.9660,9.0200,113700
2003-10-24,9.0788,9.1279,8.9856,9.0788,189100
2003-10-27,8.6617,9.0298,8.6274,8.6862,357100
2003-10-28,8.7353,8.8924,8.7353,8.7844,1101500
2003-10-29,8.8580,8.8580,8.7599,8.7795,756700
2003-10-30,9.0543,9.2506,9.0543,9.1770,151200
2003-10-31,9.3242,9.4322,9.3046,9.3242,174400
2003-11-03,9.5205,9.8150,9.5205,9.7904,713600
2003-11-04,10.0113,10.0603,10.0064,10.0554,798900
2003-11-05,10.1830,10.2076,9.8150,9.8150,824900
2003-11-06,9.6825,9.6825,9.5205,9.6727,126200
2003-11-07,9.5451,9.8101,9.5205,9.7806,539300
2003-11-10,9.6923,9.6972,9.5205,9.6039,112500
2003-11-11,9.4714,9.5598,9.4469,9.5451,197000
2003-11-12,9.6677,9.8150,9.6628,9.7806,273600
2003-11-13,10.3303,10.4726,10.3057,10.4284,513400
2003-11-14,10.4529,10.4529,10.3303,10.3303,313100
2003-11-17,10.2517,10.2517,10.1585,10.1634,158700
2003-11-18,10.2076,10.3401,10.2076,10.2812,420500
2003-11-19,10.0849,10.1389,10.0554,10.0554,164800
2003-11-20,9.2751,9.6874,9.2751,9.5696,729400
2003-11-21,9.6432,9.7659,9.6432,9.7659,192600
2003-11-24,9.7659,9.8837,9.7414,9.8640,105400
2003-11-25,9.9131,9.9377,9.8542,9.9377,1127300
2003-11-26,9.9377,10.0603,9.9180,10.0603,203600
2003-11-28,10.0849,10.0849,10.0260,10.0407,97900
2003-12-01,10.3793,10.4775,10.3744,10.4628,182100
2003-12-02,10.5020,10.5020,10.4284,10.4480,399300
2003-12-03,10.5511,10.5805,10.5069,10.5364,126200
2003-12-04,10.2076,10.2125,10.1094,10.2076,109000
2003-12-05,10.1340,10.2812,10.1192,10.2615,65400
2003-12-08,10.6002,10.6002,10.5216,10.5266,66700
2003-12-09,10.4529,10.4529,10.3793,10.3891,45100
2003-12-10,10.3401,10.3548,10.3204,10.3204,35900
2003-12-11,10.3253,10.5020,10.3253,10.5020,71500
2003-12-12,10.5511,10.5560,10.4529,10.5020,90000
2003-12-15,10.5511,10.6443,10.5020,10.5364,147600
2003-12-16,10.5364,10.5953,10.5020,10.5805,51400
2003-12-17,10.6002,10.6443,10.5756,10.6247,60900
2003-12-18,11.0418,11.2136,10.9879,11.2136,292600
2003-12-19,11.7780,11.7780,11.6062,11.6406,204400
2003-12-22,12.7104,12.7595,12.3423,12.5681,1714500
2003-12-23,12.6858,12.6858,12.4650,12.5877,300400
2003-12-24,12.5632,12.7742,12.5141,12.6122,451000
2003-12-26,12.4650,12.4699,12.3178,12.3227,80700
2003-12-29,12.3816,12.4159,12.2687,12.3669,137700
2003-12-30,12.1706,12.3178,12.1706,12.3178,159600
2003-12-31,12.3669,13.0294,12.3669,13.0294,285900
2004-01-02,12.9558,12.9558,12.7595,12.8429,407400
2004-01-05,13.6919,14.5752,13.6772,14.5507,599600
2004-01-06,13.6919,13.8882,13.3974,13.3974,819300
2004-01-07,13.1766,13.4760,13.0048,13.3238,2225300
2004-01-08,13.4220,13.4465,13.2747,13.3336,328100
2004-01-09,13.8636,14.2808,13.7900,14.1090,379600
2004-01-12,14.2072,14.2072,13.8980,13.9127,255100
2004-01-13,13.2109,13.6673,13.2109,13.4220,1559100
2004-01-14,13.1521,13.2257,12.9558,13.0539,244000
2004-01-15,13.0539,13.4220,13.0048,13.3287,252400
2004-01-16,12.7104,13.0392,12.5141,13.0146,578500
2004-01-20,12.9067,13.1030,12.9067,13.0392,192600
2004-01-21,13.2993,13.2993,13.0539,13.0637,1172600
2004-01-22,12.9067,13.2011,12.7595,12.7595,222600
2004-01-23,12.7595,12.9263,12.4650,12.5141,1015100
2004-01-26,12.9067,12.9705,12.8331,12.9705,404800
2004-01-27,12.8478,12.9803,12.6613,12.6613,549500
2004-01-28,12.7349,12.7349,12.1166,12.1166,439500
2004-01-29,12.1951,12.3767,12.1460,12.2442,339500
2004-01-30,12.2442,12.4257,12.0724,12.1509,150700
2004-02-02,12.1706,12.3031,12.0233,12.1706,134900
2004-02-03,12.2442,12.2442,12.0528,12.1313,131800
2004-02-04,12.1706,12.3914,12.1706,12.2932,190000
2004-02-05,12.2687,12.3423,12.1264,12.2000,132700
2004-02-06,12.2442,12.5141,12.2442,12.4552,151200
2004-02-09,12.5141,12.8429,12.5141,12.8085,452200
2004-02-10,12.8576,12.8969,12.8085,12.8380,249900
2004-02-11,13.1766,13.4416,13.1177,13.3925,232700
2004-02-12,13.8833,14.0894,13.7410,13.8587,527500
2004-02-13,14.0354,14.4378,14.0109,14.2562,972300
2004-02-17,15.0905,15.0905,14.9678,14.9678,228600
2004-02-18,16.1947,16.4401,15.9493,16.0229,1221200
2004-02-19,15.5567,15.5567,15.3604,15.4439,767400
2004-02-20,15.1151,15.2279,15.0169,15.1936,354600
2004-02-23,14.9678,14.9678,14.3544,14.4280,397300
2004-02-24,14.4771,14.5752,14.3053,14.5507,336600
2004-02-25,14.9678,15.2132,14.8893,15.2132,714900
2004-02-26,15.0905,15.1739,14.8648,15.0905,259100
2004-02-27,15.1151,15.2034,15.0660,15.1298,86900
2004-03-01,15.1151,15.4586,15.1101,15.4586,574100
2004-03-02,15.5813,15.7285,15.5322,15.5567,221200
2004-03-03,15.7039,15.7285,15.5813,15.5911,432900
2004-03-04,15.5813,15.6745,15.5224,15.6303,176700
2004-03-05,15.7039,15.7383,15.6794,15.7039,227300
2004-03-08,15.8855,15.8855,15.8021,15.8119,1256300
2004-03-09,15.8266,15.9002,15.7530,15.7579,1145500
2004-03-10,15.8021,15.9052,15.5175,15.5420,281900
2004-03-11,15.2132,15.2181,14.9678,15.0660,354600
2004-03-12,15.0169,15.4586,15.0169,15.4389,145100
2004-03-15,15.5567,15.5567,15.1887,15.1887,112500
2004-03-16,15.2377,15.3948,15.1543,15.2623,84400
2004-03-17,15.3359,15.4144,15.2672,15.3114,149900
2004-03-18,15.4095,15.6303,15.3114,15.3359,554800
2004-03-19,15.9493,16.0720,15.8610,15.9395,336900
2004-03-22,16.1211,16.1456,15.9493,15.9493,905900
2004-03-23,16.1211,16.1849,15.9591,15.9591,104400
2004-03-24,16.1947,16.2290,16.0229,16.1456,902800
2004-03-25,16.6854,16.6854,16.4891,16.5382,539300
2004-03-26,17.6179,17.7209,17.5688,17.6522,1302400
2004-03-29,17.9123,17.9270,17.2449,17.2743,445600
2004-03-30,17.0535,17.5197,17.0535,17.3480,1297200
2004-03-31,17.6179,18.2068,17.5443,17.5443,1583300
2004-04-01,17.7160,18.0595,17.6424,17.8632,938500
2004-04-02,18.1332,18.2313,18.0252,18.1577,939300
2004-04-05,18.2166,18.3785,17.9123,17.9908,1148900
2004-04-06,17.9123,17.9123,17.5688,17.6277,359300
2004-04-07,17.3725,17.4216,16.9063,17.2498,582900
2004-04-08,16.9799,17.0879,16.8032,16.8817,349300
2004-04-12,16.4401,16.5529,16.1211,16.4891,482200
2004-04-13,16.1456,16.1702,15.6500,15.7039,1561800
2004-04-14,15.3114,15.6549,15.3114,15.5322,1063500
2004-04-15,15.2868,15.6549,14.9040,15.1151,2008800
2004-04-16,15.4586,16.2094,15.4586,16.1702,1439400
2004-04-19,16.5873,16.5873,16.2732,16.3272,336100
2004-04-20,15.9002,15.9248,15.2574,15.2868,505000
2004-04-21,14.7225,15.3015,14.7126,15.1936,886600
2004-04-22,15.1151,15.1592,14.8206,15.0905,690700
2004-04-23,15.0169,15.3114,15.0169,15.2132,300900
2004-04-26,14.2808,14.4035,13.7704,14.0354,793300
2004-04-27,12.9558,13.3729,12.9067,13.3238,829400
2004-04-28,13.1766,13.2747,13.0048,13.0097,336600
2004-04-29,12.8331,12.9509,12.6613,12.8134,1014800
2004-04-30,13.0539,14.2857,13.0539,13.9618,1565200
2004-05-03,13.1521,13.5496,12.9214,13.1275,706600
2004-05-04,13.4465,13.5692,13.2600,13.4465,282800
2004-05-05,13.5201,13.5937,13.1521,13.1521,1541000
2004-05-06,12.7595,12.8674,12.5632,12.5877,358500
2004-05-07,12.3423,12.4650,11.9301,12.0381,961000
2004-05-10,12.0479,12.1215,11.5817,11.6945,1290200
2004-05-11,12.4650,12.6613,12.3178,12.5632,869800
2004-05-12,12.9067,12.9067,12.4650,12.8085,961400
2004-05-13,12.7840,12.7840,12.4846,12.4846,256400
2004-05-14,12.7104,12.7104,12.3914,12.4405,146900
2004-05-17,11.7780,12.0037,11.7780,11.8123,1085900
2004-05-18,11.9252,11.9988,11.8761,11.8957,1588500
2004-05-19,11.9252,12.3325,11.9252,12.1460,2276000
2004-05-20,11.9006,12.0724,11.7780,11.8025,968900
2004-05-21,12.0969,12.2147,11.9350,12.1706,164800
2004-05-24,12.7595,12.7938,12.3178,12.4650,269600
2004-05-25,12.5632,12.7104,12.4699,12.6122,188700
2004-05-26,12.7202,12.8085,12.6368,12.6613,114200
2004-05-27,12.7104,13.2502,12.7104,13.0883,634400
2004-05-28,13.0048,13.1766,12.9607,12.9656,569800
2004-06-01,12.8429,12.8625,12.6711,12.6760,113700
2004-06-02,12.8821,13.0441,12.8085,13.0392,252800
2004-06-03,13.2993,13.2993,13.0048,13.2257,570200
2004-06-04,14.2317,14.2317,13.7410,13.9618,780600
2004-06-07,14.5998,14.9040,14.4035,14.7813,675000
2004-06-08,14.3789,14.3789,14.1336,14.3053,343600
2004-06-09,14.2317,14.3299,13.8440,13.9618,183300
2004-06-10,14.2317,14.3789,14.0550,14.3544,607500
2004-06-14,13.9863,13.9863,13.4269,13.5447,293400
2004-06-15,13.9465,14.1679,13.8973,14.1679,543800
2004-06-16,14.0203,14.0203,13.9072,13.9564,100200
2004-06-17,14.0203,14.0695,13.8481,13.9465,96600
2004-06-18,13.8973,14.2171,13.8973,14.0498,176300
2004-06-21,14.0449,14.2171,13.8973,13.9170,144200
2004-06-22,13.6268,13.7104,13.5628,13.5776,189600
2004-06-23,13.5284,13.7399,13.5235,13.7104,287100
2004-06-24,13.7006,13.7744,13.5677,13.5727,180700
2004-06-25,13.9957,14.0400,13.9465,13.9515,154700
2004-06-28,14.1679,14.2023,14.1187,14.1187,136700
2004-06-29,14.4139,14.5664,14.3548,14.5615,419200
2004-06-30,14.9550,15.1518,14.8074,15.1026,323300
2004-07-01,15.1764,15.1764,14.8074,14.8419,309200
2004-07-02,15.4961,15.7421,15.2748,15.7421,484000
2004-07-06,15.4961,15.5109,15.1420,15.2256,343100
2004-07-07,15.2256,15.4125,15.1764,15.3978,207600
2004-07-08,15.2502,15.2502,15.0485,15.0485,62700
2004-07-09,15.2748,15.4273,15.2403,15.3978,96100
2004-07-12,15.2994,15.3387,15.2453,15.2994,55700
2004-07-13,15.3732,15.3978,15.2256,15.3436,61900
2004-07-14,15.4470,15.4666,15.3584,15.4470,153000
2004-07-15,15.8405,15.8651,15.6683,15.7175,884900
2004-07-16,16.1357,16.1357,15.9389,15.9881,490000
2004-07-19,15.9389,16.0570,15.8749,16.0127,285900
2004-07-20,15.7421,16.1012,15.6437,16.0914,1026500
2004-07-21,15.1764,15.2502,14.3155,14.3893,900700
2004-07-22,14.3893,14.4090,14.2417,14.3155,482600
2004-07-23,14.2909,14.2909,14.1040,14.1433,151700
2004-07-26,14.1433,14.1433,13.9515,13.9515,116400
2004-07-27,13.9219,14.2269,13.8481,14.1335,182100
2004-07-28,14.1925,14.2663,14.0006,14.1827,141500
2004-07-29,14.2663,14.4877,14.2417,14.4237,78100
2004-07-30,14.4631,14.6746,14.4631,14.6648,164800
2004-08-02,14.7582,15.0091,14.7336,14.8615,164000
2004-08-03,14.6598,14.7189,14.5467,14.7090,279300
2004-08-04,14.0695,14.2269,14.0695,14.1138,205900
2004-08-05,14.2368,14.3056,14.1187,14.1482,249400
2004-08-06,13.9957,14.1286,13.9564,14.0302,388500
2004-08-09,13.6268,13.8580,13.6169,13.7252,333000
2004-08-10,13.6268,13.8186,13.6120,13.7990,256900
2004-08-11,4.6784,4.6784,4.4226,4.4275,522200
2004-08-12,4.3537,4.4275,4.3045,4.3045,405600
2004-08-13,4.2799,4.3980,4.2799,4.3537,314600
2004-08-16,4.3783,4.3881,4.3438,4.3537,192800
2004-08-17,4.3881,4.6242,4.3881,4.5997,429400
2004-08-18,4.6144,4.6144,4.5160,4.5701,309900
2004-08-19,4.5259,4.5505,4.4767,4.5259,173700
2004-08-20,4.5259,4.6193,4.4865,4.5947,114800
2004-08-23,4.4521,4.4717,4.4029,4.4570,632000
2004-08-24,4.4029,4.4275,4.3438,4.4275,380600
2004-08-25,4.4029,4.4275,4.3734,4.3783,242600
2004-08-26,4.4275,4.4767,4.3980,4.4767,958300
2004-08-27,4.5259,4.5259,4.4275,4.4275,407000
2004-08-30,4.4668,4.4767,4.4275,4.4471,73100
2004-08-31,4.5013,4.5160,4.4422,4.5160,34800
2004-09-01,4.5652,4.6636,4.5455,4.6242,230500
2004-09-02,4.5751,4.7030,4.5751,4.6734,201300
2004-09-03,4.7226,4.7964,4.6488,4.6784,86800
2004-09-07,4.9194,4.9194,4.8456,4.8850,224500
2004-09-08,5.1162,5.1605,5.0670,5.1162,371000
2004-09-09,5.3130,5.3622,5.2097,5.3523,441900
2004-09-10,5.2392,5.2834,5.1014,5.2638,150000
2004-09-13,5.2146,5.4015,5.1900,5.3474,351700
2004-09-14,5.4605,5.7803,5.4360,5.7410,1104700
2004-09-15,5.6573,5.6622,5.5294,5.5540,150300
2004-09-16,5.5540,5.7459,5.5393,5.6327,392900
2004-09-17,5.3622,5.4851,5.3376,5.4064,576900
2004-09-20,5.2638,5.3130,5.2146,5.2539,500500
2004-09-21,5.3326,5.5639,5.3179,5.5491,230800
2004-09-22,5.5442,5.5442,5.4114,5.4310,259200
2004-09-23,5.6573,5.8049,5.6573,5.7557,205400
2004-09-24,5.7557,5.7705,5.5589,5.5786,139400
2004-09-27,5.5786,5.5786,5.4163,5.4950,204200
2004-09-28,5.5442,5.7262,5.5393,5.7262,200600
2004-09-29,5.7262,5.7262,5.5589,5.6770,218000
2004-09-30,5.5097,5.5540,5.4851,5.5147,161500
2004-10-01,5.5245,5.8197,5.5245,5.8197,609700
2004-10-04,5.7557,5.8049,5.7065,5.7852,627500
2004-10-05,5.7262,5.7557,5.6622,5.7311,575900
2004-10-06,5.9033,6.1493,5.9033,6.1247,501000
2004-10-07,6.1247,6.1886,6.0410,6.0410,264800
2004-10-08,6.2231,6.3805,6.2231,6.2968,334200
2004-10-11,6.3460,6.3854,6.2723,6.2723,198900
2004-10-12,6.0755,6.3264,6.0312,6.3067,303600
2004-10-13,6.3067,6.3067,6.3067,6.3067,0
2004-10-14,6.3067,6.3067,6.3067,6.3067,0
2004-10-15,6.5920,6.6658,6.0952,6.4838,627500
2004-10-18,6.4444,6.4444,6.2968,6.3165,276400
2004-10-19,6.4198,6.4690,6.3264,6.3608,319400
2004-10-20,6.3116,6.3706,6.2427,6.3362,356300
2004-10-21,6.3706,6.5920,6.3510,6.5182,307400
2004-10-22,6.6412,6.7888,6.5920,6.6904,503700
2004-10-25,6.7150,6.8331,6.5920,6.7396,423600
2004-10-26,6.9856,7.1282,6.9118,7.0643,481200
2004-10-27,7.1282,7.2315,7.0840,7.1823,317000
2004-10-28,7.5759,7.8219,7.5759,7.6989,899300
2004-10-29,7.7481,7.7481,7.4578,7.5267,454800
2004-11-01,7.1331,7.2807,7.1036,7.2758,415400
2004-11-02,6.9856,7.1282,6.9019,7.0594,598000
2004-11-03,7.1086,7.3791,7.1086,7.2512,470200
2004-11-04,7.0594,7.1676,6.9856,7.1381,498100
2004-11-05,7.0790,7.2119,7.0790,7.1331,298600
2004-11-08,6.8380,6.8577,6.7839,6.7937,359200
2004-11-09,6.8380,6.8773,6.6510,6.7150,292100
2004-11-10,6.8626,6.9757,6.7199,6.9610,817300
2004-11-11,6.7642,6.8970,6.7642,6.8134,337200
2004-11-12,6.8527,6.9708,6.8331,6.9413,256700
2004-11-15,7.0298,7.2512,6.9856,7.1331,1354800
2004-11-16,7.1823,7.1823,7.0200,7.1381,1054200
2004-11-17,7.4283,7.6694,7.3939,7.5365,996400
2004-11-18,7.5021,7.7038,7.4775,7.6694,464500
2004-11-19,7.6005,7.6005,7.4677,7.5021,718500
2004-11-22,7.4775,7.6743,7.4234,7.5808,200800
2004-11-23,7.6005,7.7235,7.5956,7.6398,210700
2004-11-24,7.7727,7.9301,7.7727,7.8514,270700
2004-11-26,8.2154,8.2400,8.0482,8.0531,212000
2004-11-29,7.9449,7.9449,7.7923,7.7973,519600
2004-11-30,7.6743,7.7776,7.5759,7.7481,371300
2004-12-01,7.7973,7.9350,7.7973,7.8711,433700
2004-12-02,7.9940,8.2351,7.9694,8.1662,312800
2004-12-03,8.1662,8.2941,8.0924,8.0924,292200
2004-12-06,8.1662,8.2794,8.1515,8.1957,329200
2004-12-07,8.2154,8.3630,8.1662,8.1662,279400
2004-12-08,7.8858,7.9449,7.7727,7.9301,631100
2004-12-09,7.8219,7.9203,7.6989,7.7628,368900
2004-12-10,7.7235,7.8563,7.6841,7.7530,587200
2004-12-13,7.8711,8.1810,7.8711,8.1662,269000
2004-12-14,7.9940,8.0629,7.8809,7.9203,343400
2004-12-15,7.8957,7.9498,7.8317,7.8563,179900
2004-12-16,8.3138,8.3138,8.1170,8.1170,618400
2004-12-17,8.2154,8.3089,8.0728,8.0924,319500
2004-12-20,8.1662,8.2351,8.0678,8.1170,179600
2004-12-21,8.0678,8.1416,8.0186,8.1170,189600
2004-12-22,8.0186,8.0383,7.9055,7.9940,284700
2004-12-23,8.0432,8.3040,7.9940,8.2843,233100
2004-12-27,8.5106,8.6286,8.4860,8.6139,329700
2004-12-28,8.6139,8.8156,8.5745,8.7172,281300
2004-12-29,8.7812,8.8057,8.4368,8.5106,126300
2004-12-30,8.4614,8.8795,8.4614,8.8599,290900
2004-12-31,8.8303,8.9779,8.7762,8.9041,212500
2005-01-03,9.0763,9.1747,8.9533,8.9533,390500
2005-01-04,8.9779,9.0025,8.5893,8.6090,674800
2005-01-05,8.4368,8.4909,8.2990,8.3581,287700
2005-01-06,8.3581,8.4614,8.0678,8.2646,309200
2005-01-07,8.6336,8.8057,8.4712,8.5007,611400
2005-01-10,8.9041,9.1501,8.8549,9.0271,907800
2005-01-11,9.2239,9.2387,9.0763,9.1796,457700
2005-01-12,9.4207,9.4207,9.2239,9.3715,462200
2005-01-13,9.4207,9.4207,9.1157,9.1649,974600
2005-01-14,9.2485,9.3961,9.2042,9.2485,415300
2005-01-18,9.5929,9.7749,9.4256,9.4994,823000
2005-01-19,9.7404,9.7601,9.6175,9.6912,830300
2005-01-20,9.7158,9.7650,9.6420,9.7011,379500
2005-01-21,9.7650,9.8142,9.6470,9.6666,556600
2005-01-24,9.5191,9.5191,9.1501,9.1550,852300
2005-01-25,9.1255,9.1698,8.8107,8.9582,1132900
2005-01-26,8.9582,9.1993,8.9582,9.0025,599200
2005-01-27,8.8549,9.0370,8.8500,8.9779,671900
2005-01-28,9.0419,9.0812,8.8599,8.9484,659300
2005-01-31,8.9041,8.9779,8.8057,8.8156,806600
2005-02-01,8.8156,8.8156,8.8156,8.8156,0
2005-02-02,8.7959,8.8156,8.5204,8.5450,1133500
2005-02-03,8.5450,8.5795,8.3581,8.5007,1261500
2005-02-04,8.5352,8.8057,8.5352,8.7812,1009000
2005-02-07,8.9779,9.0714,8.8746,9.0222,401100
2005-02-08,8.9533,8.9779,8.7320,8.7418,478900
2005-02-09,8.2154,8.3630,8.1810,8.2646,1832600
2005-02-10,8.3138,8.3581,8.1416,8.1761,569800
2005-02-11,8.3876,8.5499,8.3040,8.5106,707200
2005-02-14,8.5598,8.5795,8.4024,8.4073,351600
2005-02-15,8.7566,8.8549,8.7320,8.8303,1203800
2005-02-16,8.7467,8.8353,8.6877,8.7812,494000
2005-02-17,8.7221,8.8303,8.7074,8.7861,459700
2005-02-18,8.8156,9.0271,8.8156,8.9533,610800
2005-02-22,9.0025,9.0025,8.6090,8.6582,1076700
2005-02-23,8.6336,8.7812,8.6090,8.6582,325300
2005-02-24,8.6582,8.6582,8.3728,8.4860,933300
2005-02-25,9.0271,9.1009,8.9337,9.0566,1316300
2005-02-28,9.0862,9.1304,8.9189,8.9779,508800
2005-03-01,8.8795,8.8845,8.7320,8.8057,473200
2005-03-02,8.6090,8.7762,8.5696,8.7221,393100
2005-03-03,8.8697,8.9533,8.7566,8.8943,333700
2005-03-04,8.9287,9.1895,8.9189,9.1550,512900
2005-03-07,9.1255,9.1501,9.0025,9.0370,158700
2005-03-08,8.8549,8.8549,8.6582,8.7123,259400
2005-03-09,8.6336,8.6582,8.4220,8.4220,458600
2005-03-10,8.3876,8.5303,8.2941,8.3630,759200
2005-03-11,8.4712,8.6975,8.4712,8.6582,447300
2005-03-14,8.3630,8.4171,8.2892,8.3630,261500
2005-03-15,8.2646,8.3630,7.7628,7.8957,774000
2005-03-16,7.5021,7.6497,7.3004,7.5759,1434100
2005-03-17,7.4775,7.9498,7.3791,7.8760,1673200
2005-03-18,7.8711,7.9203,7.7481,7.8219,455300
2005-03-21,7.5267,7.6152,7.4529,7.5267,447100
2005-03-22,7.7825,8.1810,7.7776,7.8071,1691400
2005-03-23,7.7727,8.1515,7.7727,8.0531,1115500
2005-03-24,8.3876,8.4614,8.2646,8.3876,1082100
2005-03-28,8.4122,8.4122,8.1219,8.2105,440900
2005-03-29,7.8711,7.9153,7.7628,7.8711,466900
2005-03-30,7.9694,8.1908,7.8907,8.1908,347000
2005-03-31,8.3876,8.5303,8.3384,8.4024,1245600
2005-04-01,8.7074,8.7467,8.3630,8.4614,760400
2005-04-04,8.3138,8.3384,8.1662,8.2007,828000
2005-04-05,8.3630,8.4122,8.2400,8.3040,484800
2005-04-06,8.4024,8.4515,8.2892,8.3630,241800
2005-04-07,8.3630,8.5499,8.2646,8.5106,537700
2005-04-08,8.3630,8.4122,8.3138,8.3974,237200
2005-04-11,8.2400,8.2400,8.0482,8.1662,416400
2005-04-12,8.0580,8.6041,8.0236,8.2646,506200
2005-04-13,8.2695,8.3236,8.1761,8.2203,294100
2005-04-14,8.0186,8.1072,7.8957,7.9449,566800
2005-04-15,7.5759,7.6497,7.4824,7.6202,1097800
2005-04-18,7.3299,7.5365,7.3299,7.5021,1024300
2005-04-19,7.7481,7.9940,7.6497,7.9498,602700
2005-04-20,7.8957,7.9055,7.6743,7.7038,643300
2005-04-21,7.9940,8.0924,7.9498,8.0875,322500
2005-04-22,8.0875,8.0924,7.9153,8.0777,380100
2005-04-25,8.2007,8.2794,8.1219,8.2695,262000
2005-04-26,8.2154,8.2154,7.9842,8.0088,465100
2005-04-27,7.7481,7.8022,7.7087,7.8022,560600
2005-04-28,7.5759,7.7235,7.5267,7.5611,1564300
2005-04-29,7.5513,7.7284,7.5513,7.6546,573800
2005-05-02,7.7087,7.8612,7.6743,7.7333,245400
2005-05-03,7.6497,7.7530,7.5857,7.6497,225200
2005-05-04,7.8219,8.0186,7.8219,7.9055,259700
2005-05-05,8.0186,8.1170,7.9891,8.0432,259600
2005-05-06,8.0777,8.2253,8.0777,8.1908,544800
2005-05-09,8.0678,8.2154,8.0678,8.2056,550500
2005-05-10,7.9449,8.0482,7.9153,7.9350,909300
2005-05-11,7.9694,8.0580,7.9449,8.0580,440200
2005-05-12,8.2205,8.3002,8.1956,8.2105,433900
2005-05-13,8.2304,8.3201,8.2205,8.2753,184300
2005-05-16,8.0461,8.1956,8.0461,8.1407,653100
2005-05-17,8.0710,8.1208,8.0311,8.1109,266700
2005-05-18,8.1457,8.3948,8.0710,8.3649,406700
2005-05-19,8.2952,8.3899,8.2753,8.3749,492800
2005-05-20,8.3749,8.3749,8.2753,8.3400,292000
2005-05-23,7.5977,8.0660,7.5977,7.9963,1277500
2005-05-24,7.9464,8.0610,7.9464,8.0361,669400
2005-05-25,8.0062,8.2304,7.9863,8.0212,668400
2005-05-26,7.8219,7.9464,7.8069,7.8468,875200
2005-05-27,7.7970,7.8219,7.5977,7.7422,1625500
2005-05-31,8.0959,8.1208,7.9464,8.0013,531600
2005-06-01,7.9215,8.1856,7.8020,8.0311,346400
2005-06-02,8.0361,8.1457,8.0311,8.1358,252400
2005-06-03,7.9215,8.0511,7.8916,7.9265,232700
2005-06-06,7.5977,7.8169,7.5927,7.7521,734000
2005-06-07,7.7223,7.7472,7.7123,7.7223,831300
2005-06-08,7.7272,7.8518,7.7223,7.7671,372400
2005-06-09,7.7223,7.7472,7.6724,7.7223,756000
2005-06-10,6.2774,6.3970,6.2077,6.3173,421400
2005-06-13,6.1878,6.2774,6.1678,6.2326,462800
2005-06-14,6.2376,6.2575,6.1778,6.2077,261200
2005-06-15,6.2077,6.2725,6.1479,6.2177,282800
2005-06-16,6.2774,6.3771,6.2426,6.3621,865400
2005-06-17,6.4767,6.5066,6.4070,6.4618,378300
2005-06-20,6.5016,6.5265,6.3273,6.4917,322900
2005-06-21,6.4419,6.4767,6.3871,6.4717,252000
2005-06-22,6.4219,6.4219,6.3273,6.3522,471900
2005-06-23,6.2276,6.3024,6.1778,6.1828,692900
2005-06-24,6.1778,6.2476,6.1330,6.2027,536800
2005-06-27,6.0881,6.1629,6.0383,6.1379,483200
2005-06-28,6.1878,6.2625,6.1579,6.2476,380300
2005-06-29,6.2027,6.2525,6.1529,6.1977,284600
2005-06-30,6.2774,6.3621,6.2127,6.3024,814700
2005-07-01,6.4070,6.6910,6.3821,6.6710,902600
2005-07-05,6.3920,6.4120,6.3223,6.3621,619500
2005-07-06,6.3970,6.4419,6.3621,6.3721,259400
2005-07-07,6.2027,6.3970,6.1878,6.3771,148200
2005-07-08,6.3771,6.4319,6.3273,6.4169,104200
2005-07-11,6.3671,6.3721,6.2924,6.3522,221400
2005-07-12,6.3024,6.4169,6.3024,6.4020,883400
2005-07-13,6.4020,6.4070,6.3024,6.4070,1226500
2005-07-14,6.5315,6.6013,6.5016,6.5365,339300
2005-07-15,6.5515,6.5515,6.4817,6.5116,686500
2005-07-18,6.5515,6.5515,6.4867,6.5016,207500
2005-07-19,6.6760,6.8205,6.6511,6.7009,582300
2005-07-20,6.8255,6.9251,6.8255,6.8902,466200
2005-07-21,6.9251,6.9500,6.8354,6.9450,240600
2005-07-22,7.0497,7.0497,6.8404,6.8603,273200
2005-07-25,6.8504,6.8603,6.6959,6.7856,147500
2005-07-26,6.7258,6.7757,6.6760,6.7009,333600
2005-07-27,6.7009,6.8504,6.6760,6.8354,489000
2005-07-28,6.8504,6.8753,6.7806,6.8404,204000
2005-07-29,6.8255,6.9002,6.8155,6.8554,181100
2005-08-01,6.9500,6.9749,6.8454,6.8653,110700
2005-08-02,6.8753,6.8753,6.7657,6.7906,501100
2005-08-03,6.8006,6.8703,6.7657,6.8255,306900
2005-08-04,6.8006,6.8853,6.8006,6.8055,671500
2005-08-05,6.8504,6.9251,6.7009,6.7209,181500
2005-08-08,6.7009,6.7956,6.6312,6.6611,83500
2005-08-09,6.4269,6.6362,6.4070,6.5614,148700
2005-08-10,6.5963,6.7009,6.5814,6.6212,98200
2005-08-11,6.5913,6.5963,6.5016,6.5515,256100
2005-08-12,6.3273,6.4369,6.2525,6.3322,452200
2005-08-15,6.3273,6.4169,6.2824,6.4070,230200
2005-08-16,6.3572,6.3671,6.2824,6.3073,134900
2005-08-17,6.3123,6.3721,6.3024,6.3073,67200
2005-08-18,6.3073,6.4120,6.2027,6.2276,333700
2005-08-19,6.2774,6.3522,6.1678,6.1778,296900
2005-08-22,6.3024,6.5365,6.2974,6.4468,292200
2005-08-23,6.4867,6.6212,6.4419,6.4917,310400
2005-08-24,6.4468,6.5614,6.4070,6.4419,204600
2005-08-25,6.4668,6.5863,6.4369,6.4419,108100
2005-08-26,6.5265,6.6212,6.4468,6.4867,154100
2005-08-29,6.5265,6.5515,6.4169,6.4717,60600
2005-08-30,6.4717,6.5764,6.4269,6.5016,186800
2005-08-31,6.5515,6.6910,6.5515,6.6910,475200
2005-09-01,6.7707,7.0397,6.7607,6.9899,365400
2005-09-02,6.9500,6.9749,6.8404,6.9650,196600
2005-09-06,6.8504,7.0198,6.7707,6.9998,757900
2005-09-07,6.7757,6.9650,6.7757,6.9500,510600
2005-09-08,7.0497,7.1892,6.9899,7.1244,454900
2005-09-09,7.1742,7.1742,7.0696,7.1144,1159800
2005-09-12,7.2141,7.3885,7.2041,7.2838,1746200
2005-09-13,7.1742,7.1742,6.9849,7.0696,565000
2005-09-14,7.3984,7.4731,7.3635,7.3885,727500
2005-09-15,7.5479,7.5828,7.4283,7.4831,2231800
2005-09-16,7.6226,7.7123,7.4981,7.6126,1781200
2005-09-19,7.6176,7.6525,7.5230,7.5828,1251200
2005-09-20,7.6027,7.6226,7.4532,7.5180,1043600
2005-09-21,7.5728,7.6027,7.3885,7.4582,807100
2005-09-22,7.1244,7.1493,6.8803,6.9749,2106700
2005-09-23,6.9500,7.0248,6.8255,6.9251,1476500
2005-09-26,7.8169,7.8169,6.8354,6.9251,1153100
2005-09-27,6.8504,6.8753,6.7856,6.8255,685400
2005-09-28,6.7009,6.7906,6.6810,6.7856,451500
2005-09-29,6.8354,6.8454,6.6561,6.7209,750000
2005-09-30,6.7159,6.8205,6.6411,6.8006,172800
2005-10-03,6.8404,6.9201,6.7757,6.8853,1912200
2005-10-04,6.9749,7.0397,6.8902,6.9500,2123700
2005-10-05,6.9002,6.9251,6.6860,6.7258,887000
2005-10-06,6.7258,6.7557,6.5515,6.5913,160700
2005-10-07,6.6411,6.7507,6.6411,6.6910,781500
2005-10-10,6.6910,6.6910,6.5814,6.6162,1146600
2005-10-11,6.6660,6.7607,6.6312,6.6760,378600
2005-10-12,6.5913,6.6013,6.5016,6.5365,360200
2005-10-13,6.5016,6.5714,6.4767,6.5515,716000
2005-10-14,6.5016,6.5764,6.4668,6.5116,415400
2005-10-17,6.5913,6.6910,6.5863,6.6013,384400
2005-10-18,6.5764,6.5764,6.4668,6.4767,349300
2005-10-19,6.2525,6.3970,6.2027,6.3273,309300
2005-10-20,6.3522,6.4518,6.2426,6.3123,135400
2005-10-21,6.4269,6.5515,6.4020,6.5016,184600
2005-10-24,6.5265,6.5963,6.5116,6.5515,517800
2005-10-25,6.4618,6.6212,6.4618,6.5764,399000
2005-10-26,6.4369,6.4967,6.3322,6.3522,184500
2005-10-27,6.3273,6.3273,6.2276,6.2376,256700
2005-10-28,6.2276,6.3273,6.2027,6.3223,142800
2005-10-31,6.4020,6.5913,6.4020,6.5664,382800
2005-11-01,6.7009,6.8753,6.7009,6.8354,900600
2005-11-02,6.9899,7.0796,6.9002,7.0347,346400
2005-11-03,7.1991,7.3486,7.0696,7.1294,421600
2005-11-04,7.1792,7.1792,7.0746,7.1194,100400
2005-11-07,7.0995,7.1792,6.9849,7.0796,89900
2005-11-08,7.0995,7.1493,7.0297,7.0696,115100
2005-11-09,7.1095,7.2240,7.1095,7.2240,104300
2005-11-10,7.2739,7.4532,7.2041,7.4532,253800
2005-11-11,7.2240,7.2490,7.0596,7.0596,228700
2005-11-14,7.0746,7.2091,6.9949,7.0347,128600
2005-11-15,7.0248,7.0248,6.8753,6.9251,867500
2005-11-16,7.0497,7.1892,7.0347,7.1692,177300
2005-11-17,7.2888,7.3486,7.1842,7.3287,392200
2005-11-18,7.3287,7.3785,7.2639,7.3735,181500
2005-11-21,7.4881,7.5977,7.4731,7.5728,305500
2005-11-22,7.5728,7.5728,7.4233,7.4233,2559200
2005-11-23,7.7223,7.8319,7.6774,7.7920,1687100
2005-11-25,8.1706,8.1706,7.8618,7.8717,230800
2005-11-28,7.8468,7.8468,7.6774,7.7123,481200
2005-11-29,7.8717,7.9614,7.7771,7.8966,677800
2005-11-30,7.5977,7.8219,7.5280,7.5977,682100
2005-12-01,7.6226,7.8418,7.6226,7.8219,378100
2005-12-02,7.7671,7.7671,7.6475,7.7073,152500
2005-12-05,7.9315,8.0162,7.8568,7.9265,1573500
2005-12-06,7.8219,7.9963,7.7970,7.9265,1054300
2005-12-07,7.9265,7.9265,7.8020,7.8468,444100
2005-12-08,7.8468,7.8618,7.8020,7.8468,992500
2005-12-09,7.8219,7.8368,7.7472,7.7970,429200
2005-12-12,7.8717,7.9365,7.8468,7.9215,308500
2005-12-13,7.4233,7.6326,7.3336,7.6176,2091800
2005-12-14,7.6724,7.8717,7.5977,7.8169,895200
2005-12-15,7.6724,7.7123,7.6176,7.6475,201300
2005-12-16,7.6226,7.6874,7.5130,7.5329,296700
2005-12-19,7.5329,7.5728,7.4831,7.4831,112400
2005-12-20,7.4731,7.4831,7.3735,7.4433,200500
2005-12-21,7.4333,7.6874,7.4333,7.6674,346500
2005-12-22,7.3038,7.6575,7.3038,7.5778,285900
2005-12-23,7.5479,7.6625,7.5479,7.6475,93100
2005-12-27,7.4482,7.5927,7.3586,7.5678,188200
2005-12-28,7.5828,7.7223,7.5828,7.6575,254100
2005-12-29,7.5828,7.8468,7.5828,7.7870,773500
2005-12-30,7.7472,7.7970,7.6226,7.6525,80400
2006-01-03,7.7123,7.9166,7.6625,7.8867,293200
2006-01-04,7.9963,8.0311,7.9166,8.0062,350900
2006-01-05,7.9066,8.0112,7.8966,7.9763,175300
2006-01-06,7.9215,8.1607,7.9215,8.1607,142800
2006-01-09,8.2205,8.2952,8.0561,8.1208,244000
2006-01-10,7.9714,8.0162,7.7472,7.8069,381900
2006-01-11,7.7721,8.0710,7.7721,7.9714,403200
2006-01-12,7.8717,7.9913,7.8717,7.9614,304500
2006-01-13,7.8966,7.9016,7.5977,7.6625,1301200
2006-01-17,7.6973,7.7870,7.6724,7.7322,889400
2006-01-18,7.5728,7.7422,7.5230,7.6525,345000
2006-01-19,7.8468,8.2852,7.8468,8.1956,846400
2006-01-20,8.4696,8.4945,8.2753,8.2902,579200
2006-01-23,8.2852,8.3002,8.1009,8.1856,253400
2006-01-24,8.1457,8.2902,8.0710,8.2603,279800
2006-01-25,8.3002,8.3649,8.0461,8.1607,267300
2006-01-26,8.1956,8.2553,8.0262,8.2454,491700
2006-01-27,8.2304,8.3799,8.1706,8.3351,978800
2006-01-30,8.7685,8.7685,8.5294,8.5443,243900
2006-01-31,8.7436,8.7685,8.5194,8.6738,445400
2006-02-01,8.6489,8.7187,8.6091,8.6190,327200
2006-02-02,8.6439,8.7685,8.6190,8.6589,435000
2006-02-03,8.6439,8.7087,8.4845,8.5493,408000
2006-02-06,8.6938,8.7187,8.5692,8.6140,386000
2006-02-07,8.7187,8.8183,8.4297,8.4945,271700
2006-02-08,8.4945,8.7386,8.4945,8.6738,201300
2006-02-09,8.6738,8.7237,8.5543,8.5692,129600
2006-02-10,8.6938,8.7585,8.5842,8.6439,153800
2006-02-13,8.7187,8.8084,8.4347,8.4496,304100
2006-02-14,8.5343,8.7087,8.4347,8.7087,256400
2006-02-15,8.6788,9.1123,8.5294,8.7237,338000
2006-02-16,8.8681,9.4112,8.8681,9.3165,434800
2006-02-17,9.3663,9.7649,9.3663,9.5357,751900
2006-02-21,9.4909,9.6055,9.2667,9.4959,685900
2006-02-22,9.3913,9.4510,9.2418,9.4361,363500
2006-02-23,9.3663,9.6603,9.3663,9.4660,393000
2006-02-24,9.2667,9.5407,9.2268,9.5357,209200
2006-02-27,9.5357,9.5407,9.3414,9.3663,394000
2006-02-28,9.4560,9.4560,8.7735,8.9628,437300
2006-03-01,9.0425,9.1422,8.9678,9.0923,461500
2006-03-02,9.1422,9.1422,9.0425,9.1172,376700
2006-03-03,9.1172,9.2119,8.9927,9.1422,220000
2006-03-06,9.2169,9.3414,9.1870,9.2368,555800
2006-03-07,8.8432,8.8432,8.4696,8.6938,713600
2006-03-08,8.4945,8.6041,8.4496,8.5443,596700
2006-03-09,8.6938,8.7785,8.6240,8.7187,679000
2006-03-10,8.7436,8.8432,8.7087,8.7286,345900
2006-03-13,8.7685,8.9429,8.7187,8.7934,310600
2006-03-14,8.6938,8.7286,8.4895,8.7237,773000
2006-03-15,8.7934,8.8432,8.6938,8.8233,152600
2006-03-16,8.8881,9.1920,8.8731,9.1720,684100
2006-03-17,9.0923,9.1671,8.9678,9.1073,172300
2006-03-20,9.0873,9.1671,9.0126,9.1222,649000
2006-03-21,9.0126,9.0973,8.9180,8.9927,382500
2006-03-22,8.9877,9.0674,8.9777,9.0176,399000
2006-03-23,8.9180,9.0923,8.9180,9.0027,163900
2006-03-24,8.6689,8.8781,8.4945,8.7336,305000
2006-03-27,8.4945,8.6439,8.4945,8.5543,330000
2006-03-28,7.9714,8.3699,7.7472,8.2703,994700
2006-03-29,8.2703,8.4646,8.2703,8.3948,387400
2006-03-30,8.4696,8.6439,8.2802,8.3600,287700
2006-03-31,8.3948,8.4247,8.1258,8.3052,257700
2006-04-03,8.3101,8.4646,8.3052,8.3849,195200
2006-04-04,8.4197,8.4596,8.3251,8.3600,437300
2006-04-05,8.3600,8.5094,8.3600,8.3948,368600
2006-04-06,8.2703,8.3351,8.1657,8.2454,298100
2006-04-07,8.3201,8.3899,8.3201,8.3301,183800
2006-04-10,8.2205,8.3400,8.1457,8.2504,286600
2006-04-11,8.1208,8.1706,7.9763,8.0511,349000
2006-04-12,8.1208,8.4148,8.1208,8.3849,703500
2006-04-13,8.5393,8.6290,8.4696,8.5194,777300
2006-04-17,8.6689,9.0176,8.5493,8.5891,649800
2006-04-18,8.7934,9.0027,8.7436,8.9180,792400
2006-04-19,8.9429,8.9777,8.7785,8.8632,691000
2006-04-20,8.9678,9.0126,8.6938,8.7386,446400
2006-04-21,8.7187,8.9180,8.7187,8.8532,490000
2006-04-24,8.8183,8.9628,8.7187,8.7486,265200
2006-04-25,8.8183,8.8681,8.7486,8.7585,158100
2006-04-26,8.8183,8.9478,8.7635,8.8482,114100
2006-04-27,8.8183,8.8382,8.6240,8.6689,104700
2006-04-28,8.6738,8.7934,8.4945,8.4945,384600
2006-05-01,8.5941,8.8133,8.5194,8.6987,207200
2006-05-02,8.7237,8.9080,8.6689,8.8781,255800
2006-05-03,9.1671,9.2069,8.7934,9.0076,566700
2006-05-04,8.9429,9.1920,8.8681,9.0674,537500
2006-05-05,8.8432,9.3165,8.8283,9.1571,606400
2006-05-08,9.2816,9.4162,9.1820,9.3614,158700
2006-05-09,9.4162,9.4311,9.3165,9.3265,209200
2006-05-10,9.2916,9.3165,8.9927,9.0425,265600
2006-05-11,9.0923,9.1671,8.4995,8.6041,2721300
2006-05-12,8.0262,8.0262,7.3635,7.7223,2571900
2006-05-15,7.2240,7.6973,7.1792,7.5977,1843400
2006-05-16,7.5977,7.7721,7.5977,7.6674,962500
2006-05-17,7.4482,7.4731,7.0198,7.0198,3687700
2006-05-18,6.9500,7.0895,6.6910,6.7258,1985800
2006-05-19,6.8504,6.9749,6.7757,6.8753,792100
2006-05-22,6.2276,6.3721,6.0084,6.2774,2730500
2006-05-23,6.4767,7.0696,6.4319,6.4767,1528000
2006-05-24,6.6545,6.6545,6.1490,6.2625,1382900
2006-05-25,6.4482,6.5978,6.3554,6.5823,408000
2006-05-26,6.7061,6.8299,6.5720,6.6958,2023000
2006-05-30,6.6958,6.6958,6.4688,6.4740,735900
2006-05-31,6.5256,6.5772,6.3657,6.4482,1518500
2006-06-01,6.3708,6.7422,6.3450,6.6597,589000
2006-06-02,6.9125,7.0311,6.2058,6.2625,2488600
2006-06-05,6.3141,6.4379,6.2006,6.2212,941600
2006-06-06,6.2728,6.3811,6.1232,6.3244,1230600
2006-06-07,6.2161,6.8764,6.2161,6.7835,1652400
2006-06-08,6.2677,6.6030,6.1387,6.5256,1444700
2006-06-09,6.5256,6.6855,6.5256,6.5875,662600
2006-06-12,6.6081,6.6288,6.2934,6.3038,798100
2006-06-13,6.1645,6.3450,6.1026,6.1542,1190800
2006-06-14,6.1903,6.5720,6.1800,6.4688,1330800
2006-06-15,6.6288,6.8609,6.6288,6.8351,1114500
2006-06-16,7.0930,7.0930,6.7061,6.7526,917200
2006-06-19,6.8867,6.9383,6.7061,6.7577,712800
2006-06-20,6.7061,6.7990,6.5823,6.7474,1127700
2006-06-21,6.6030,6.9022,6.6030,6.8557,1122000
2006-06-22,6.7061,6.7319,6.4534,6.6442,1472500
2006-06-23,6.3038,6.5307,6.2419,6.5307,836700
2006-06-26,5.9220,5.9220,5.2514,5.3546,1116700
2006-06-27,5.4268,5.5455,5.3133,5.4010,381600
2006-06-28,5.7363,5.7518,5.4887,5.6022,795300
2006-06-29,5.7002,5.9014,5.6435,5.8292,1641500
2006-06-30,6.1129,6.1800,5.9169,6.1181,990800
2006-07-03,6.1387,6.3760,6.1232,6.3657,753400
2006-07-05,6.1129,6.1129,5.8395,5.8911,665100
2006-07-06,5.9427,6.0149,5.8756,5.9066,618800
2006-07-07,5.9066,5.9066,5.6796,5.7002,1370100
2006-07-10,5.8447,5.8447,5.6435,5.6744,245200
2006-07-11,5.5351,5.6589,5.5197,5.6332,348200
2006-07-12,5.6847,5.6847,5.5455,5.5506,334200
2006-07-13,5.4165,5.4629,5.2514,5.2721,725800
2006-07-14,5.2256,5.2669,5.1121,5.1328,635600
2006-07-17,4.9522,5.1070,4.9058,5.0141,590200
2006-07-18,5.1173,5.1586,5.0348,5.1328,569700
2006-07-19,5.0554,5.4526,5.0244,5.4320,907900
2006-07-20,5.4732,5.5558,5.4526,5.4836,612600
2006-07-21,5.5197,5.5197,5.2927,5.4113,322700
2006-07-24,5.4629,5.6022,5.4526,5.5970,327800
2006-07-25,5.5197,5.6074,5.4681,5.5970,254700
2006-07-26,5.5970,5.6486,5.5403,5.5919,266300
2006-07-27,5.9581,6.0562,5.8704,5.9375,1435800
2006-07-28,5.8808,5.9736,5.7518,5.9323,536500
2006-07-31,5.8704,5.9272,5.8550,5.8756,113900
2006-08-01,5.8240,5.8808,5.6693,5.6899,380900
2006-08-02,5.6744,5.8137,5.6693,5.8085,571500
2006-08-03,5.7570,5.9530,5.6228,5.9323,1087200
2006-08-04,5.9117,5.9994,5.8550,5.9736,883700
2006-08-07,5.9685,6.0613,5.9478,6.0149,167200
2006-08-08,6.1129,6.2109,6.1129,6.1954,515600
2006-08-09,6.2934,6.3192,6.1129,6.2470,1724100
2006-08-10,6.2677,6.3141,6.1903,6.2212,660500
2006-08-11,6.3192,6.3347,6.1903,6.2677,392400
2006-08-14,6.2161,6.2728,6.0613,6.1387,790600
2006-08-15,6.2419,6.2780,6.1181,6.1284,491500
2006-08-16,6.1439,6.3450,6.1387,6.3450,1560000
2006-08-17,6.3966,6.3966,6.1645,6.3502,597400
2006-08-18,6.1903,6.2934,6.1748,6.2161,207500
2006-08-21,6.1903,6.2677,6.1129,6.2006,135600
2006-08-22,6.1490,6.2419,6.1232,6.2058,56000
2006-08-23,6.1645,6.2470,6.1129,6.1181,155900
2006-08-24,6.0871,6.1387,5.9581,6.0252,197900
2006-08-25,5.9839,6.0871,5.9736,5.9994,203100
2006-08-28,5.9478,6.1645,5.9478,6.1232,177900
2006-08-29,6.1490,6.1800,6.0355,6.0871,233800
2006-08-30,6.0871,6.2161,6.0871,6.1800,202900
2006-08-31,6.2315,6.2625,6.1851,6.1903,321400
2006-09-01,6.1903,6.3192,6.1387,6.2934,354900
2006-09-05,6.4069,6.5514,6.3966,6.5204,506300
2006-09-06,6.3966,6.4637,6.2986,6.2986,195200
2006-09-07,6.1542,6.3399,6.0974,6.2419,387700
2006-09-08,6.2780,6.3760,6.2470,6.3038,236200
2006-09-11,6.1593,6.3605,6.1593,6.2831,279900
2006-09-12,6.2522,6.3450,6.2522,6.3192,356700
2006-09-13,6.3966,6.4224,6.2625,6.3038,314400
2006-09-14,6.2161,6.3966,6.2161,6.3399,502500
2006-09-15,6.5978,6.5978,6.4534,6.5926,585700
2006-09-18,6.6855,6.7422,6.6133,6.6494,304000
2006-09-19,6.6545,6.6545,6.4276,6.5256,778600
2006-09-20,6.4998,6.6597,6.4585,6.5514,303800
2006-09-21,6.5514,6.5514,6.2109,6.2109,442700
2006-09-22,6.2109,6.2522,6.0613,6.0768,411200
2006-09-25,6.0871,6.3915,6.0871,6.3347,281200
2006-09-26,6.3502,6.6442,6.3399,6.6339,878800
2006-09-27,6.4740,6.8351,6.4482,6.7113,1233600
2006-09-28,6.7577,6.9537,6.7577,6.8609,765200
2006-09-29,6.9641,6.9641,6.8609,6.8609,672400
2006-10-02,6.9641,7.0363,6.9176,6.9847,382200
2006-10-03,6.8970,7.0363,6.8970,7.0156,512100
2006-10-04,6.9383,7.1807,6.9073,7.1395,383900
2006-10-05,7.0672,7.2220,7.0208,7.2220,1090100
2006-10-06,7.1910,7.2065,7.0414,7.0569,304500
2006-10-09,7.0930,7.1601,7.0672,7.0879,189500
2006-10-10,7.1137,7.1291,7.0414,7.1085,277800
2006-10-11,7.1446,7.1446,7.0053,7.0827,503600
2006-10-12,7.0982,7.2478,7.0414,7.1962,609800
2006-10-13,7.3458,7.3458,7.1962,7.2375,209200
2006-10-16,7.2375,7.2994,7.1446,7.2065,285200
2006-10-17,7.0672,7.1498,7.0105,7.1188,128700
2006-10-18,7.1704,7.2014,7.0982,7.1446,101800
2006-10-19,7.1498,7.2168,7.1498,7.1962,87100
2006-10-20,7.1704,7.2220,7.1446,7.1756,101400
2006-10-23,7.0672,7.2736,6.9486,7.2426,245600
2006-10-24,7.1962,7.2271,7.1756,7.2220,231200
2006-10-25,7.2220,7.4541,7.2220,7.3510,555900
2006-10-26,7.4025,7.4696,7.2736,7.4129,228500
2006-10-27,7.4283,7.4387,7.3458,7.3613,166600
2006-10-30,7.3097,7.5831,7.2736,7.4799,432500
2006-10-31,7.4799,7.4851,7.3974,7.4490,445700
2006-11-01,7.4387,7.5057,7.3200,7.3716,417400
2006-11-02,7.3252,7.3561,7.2271,7.2736,831300
2006-11-03,7.2891,7.4283,7.2787,7.3458,156300
2006-11-06,7.3355,7.6037,7.3355,7.5934,229700
2006-11-07,7.5934,7.6295,7.4490,7.5367,435100
2006-11-08,7.4644,7.4799,7.3406,7.4490,326200
2006-11-09,7.2220,7.2220,6.8712,6.9692,993900
2006-11-10,7.0724,7.0724,6.9589,7.0414,596000
2006-11-13,7.1188,7.1910,7.0105,7.1756,342200
2006-11-14,7.2736,7.2891,7.1446,7.2323,261300
2006-11-15,7.2839,7.2942,7.1704,7.2529,1347300
2006-11-16,6.9125,7.0311,6.5772,6.9641,2177900
2006-11-17,6.8351,6.8918,6.7938,6.8609,1543600
2006-11-20,6.8351,6.8867,6.8041,6.8196,285000
2006-11-21,6.8351,6.9073,6.8351,6.8557,252200
2006-11-22,6.7319,6.8041,6.6545,6.7061,520000
2006-11-24,6.6958,6.7474,6.5772,6.7319,452300
2006-11-27,6.6803,6.6855,6.5256,6.5669,468700
2006-11-28,6.4482,6.4482,6.1903,6.3192,1108200
2006-11-29,6.6133,6.6133,6.3399,6.3915,1444000
2006-11-30,6.4482,6.6700,6.4224,6.5823,858500
2006-12-01,6.4482,6.4534,6.3192,6.3399,567700
2006-12-04,6.2677,6.3450,6.1954,6.3141,862600
2006-12-05,6.4224,6.5823,6.3605,6.5514,703100
2006-12-06,6.5772,6.6803,6.5050,6.6288,464900
2006-12-07,6.8609,6.9280,6.8041,6.8351,659100
2006-12-08,6.8867,6.9073,6.7268,6.7319,271200
2006-12-11,6.6803,6.9795,6.6700,6.9486,516400
2006-12-12,6.9383,6.9383,6.7422,6.7938,400000
2006-12-13,6.8041,6.8764,6.7165,6.8093,445500
2006-12-14,6.8609,6.9486,6.7680,6.8454,470600
2006-12-15,6.8867,6.9125,6.8609,6.9125,532900
2006-12-18,6.9641,6.9692,6.8454,6.8609,182800
2006-12-19,6.7371,6.7577,6.5875,6.6649,431000
2006-12-20,6.6803,6.8506,6.6597,6.7165,584000
2006-12-21,6.8093,6.8093,6.6700,6.7010,682600
2006-12-22,6.7010,6.7784,6.6391,6.6494,299500
2006-12-26,6.6184,6.7835,6.6081,6.7732,167100
2006-12-27,6.7629,6.9537,6.7629,6.9383,337100
2006-12-28,7.0053,7.0414,6.9383,6.9589,304300
2006-12-29,6.9125,6.9795,6.7061,6.9022,399400
2007-01-03,6.9537,7.1601,6.9331,7.0518,428000
2007-01-04,6.9383,6.9899,6.8351,6.9383,220100
2007-01-05,6.9537,7.0156,6.7629,6.8351,245800
2007-01-08,6.8454,6.9073,6.8041,6.8454,396800
2007-01-09,6.7938,6.7938,6.5462,6.5514,890300
2007-01-10,6.4740,6.6649,6.3915,6.5926,321800
2007-01-11,6.7577,6.9228,6.7113,6.7165,1050800
2007-01-12,6.7010,6.7784,6.6288,6.6855,544500
2007-01-16,6.7165,6.7577,6.5256,6.6391,506800
2007-01-17,6.7319,6.8351,6.7165,6.7835,414000
2007-01-18,6.9383,7.1807,6.8712,7.1240,1313500
2007-01-19,7.2220,7.3097,7.1704,7.3045,658300
2007-01-22,7.4541,7.5831,7.3767,7.4851,1890300
2007-01-23,7.3252,7.4541,7.2581,7.3922,1069800
2007-01-24,7.2994,7.4232,7.2426,7.2736,1012100
2007-01-25,7.2478,7.4799,7.2478,7.2942,1561700
2007-01-26,7.4799,7.6502,7.4541,7.5728,913400
2007-01-29,7.5109,7.5160,7.4077,7.4180,296200
2007-01-30,7.4541,7.5728,7.4438,7.5160,255800
2007-01-31,7.5418,7.5573,7.4025,7.4593,726900
2007-02-01,7.5831,7.6605,7.5315,7.6192,403100
2007-02-02,7.6708,7.6811,7.5057,7.5676,257200
2007-02-05,7.6192,7.6244,7.4490,7.4799,875500
2007-02-06,7.5831,7.6192,7.5006,7.5934,237500
2007-02-07,7.5315,7.5779,7.4799,7.5263,128300
2007-02-08,7.4748,7.5573,7.3767,7.4954,198200
2007-02-09,7.5831,7.6089,7.3767,7.3974,286000
2007-02-12,7.4799,7.5831,7.3458,7.4180,162800
2007-02-13,7.4696,7.5470,7.4438,7.4799,281000
2007-02-14,7.3767,7.5728,7.3767,7.5315,431100
2007-02-15,7.6966,7.7069,7.5882,7.6347,195500
2007-02-16,7.6244,7.7017,7.5367,7.5728,230500
2007-02-20,7.4799,7.5057,7.2736,7.3767,755300
2007-02-21,7.2478,7.3303,7.1807,7.2787,527100
2007-02-22,7.3252,7.5986,7.3252,7.4490,955800
2007-02-23,7.2736,7.3716,7.2065,7.2839,873200
2007-02-26,7.4025,7.4541,7.2942,7.3510,411100
2007-02-27,7.2220,7.2375,6.7577,6.7577,951200
2007-02-28,7.3510,7.3510,6.6030,6.9176,1532500
2007-03-01,6.3450,6.9486,6.3450,6.7732,1370500
2007-03-02,6.7371,6.9744,6.7371,6.7474,946900
2007-03-05,6.7061,6.7113,6.5256,6.5514,693200
2007-03-06,6.7577,6.8609,6.6649,6.7887,1069700
2007-03-07,6.7422,6.8557,6.7165,6.7835,382600
2007-03-08,6.9073,6.9795,6.8557,6.9383,439900
2007-03-09,6.9176,7.0156,6.8248,6.9537,285400
2007-03-12,7.0156,7.1188,6.8351,7.0621,1188100
2007-03-13,7.1549,7.1601,6.8248,6.8403,770200
2007-03-14,6.9434,6.9641,6.6700,6.7474,1404900
2007-03-15,6.7577,6.8403,6.6803,6.7474,694400
2007-03-16,6.7474,6.9434,6.7319,6.8041,516900
2007-03-19,6.7835,6.9125,6.7835,6.8248,341600
2007-03-20,6.7835,6.8557,6.7268,6.8041,465900
2007-03-21,6.7835,7.0724,6.7835,7.0414,1774900
2007-03-22,7.0672,7.0776,6.9125,6.9434,416800
2007-03-23,6.8506,6.9692,6.8351,6.8815,413200
2007-03-26,6.8815,6.9486,6.6803,6.8454,775300
2007-03-27,6.7835,6.8712,6.7061,6.8248,552300
2007-03-28,6.3708,6.7835,6.3708,6.6803,702100
2007-03-29,6.7577,6.8609,6.7577,6.7887,630600
2007-03-30,6.9073,6.9073,6.8093,6.8351,995400
2007-04-02,6.8351,6.8661,6.7319,6.8145,805800
2007-04-03,6.9641,7.1962,6.9125,7.1343,853500
2007-04-04,7.1704,7.1859,7.0724,7.1188,544900
2007-04-05,7.1756,7.4025,7.1343,7.2323,1118000
2007-04-09,7.2736,7.3974,7.1859,7.3510,691800
2007-04-10,7.2478,7.4799,7.2478,7.3716,808700
2007-04-11,7.5090,7.5357,7.3650,7.4077,795700
2007-04-12,8.1063,8.1063,7.3597,7.4130,556000
2007-04-13,7.4664,7.5837,7.3384,7.5624,725800
2007-04-16,7.6264,7.6530,7.4770,7.5944,674500
2007-04-17,7.6104,7.6157,7.5410,7.6050,684400
2007-04-18,7.5464,7.6264,7.5250,7.6264,829000
2007-04-19,7.6264,7.8183,7.5784,7.7917,597800
2007-04-20,7.8450,7.8823,7.8024,7.8397,384500
2007-04-23,7.8823,7.8823,7.7330,7.7810,456300
2007-04-24,7.7490,7.8397,7.6850,7.7330,676600
2007-04-25,7.7704,8.0210,7.7704,8.0103,732900
2007-04-26,7.9783,8.0050,7.8503,7.8823,522400
2007-04-27,7.8610,7.9410,7.7917,7.9090,329300
2007-04-30,7.6157,7.7224,7.5304,7.5410,1051200
2007-05-01,7.4717,7.9517,7.4717,7.8450,1147900
2007-05-02,7.7650,7.9837,7.7650,7.9037,347100
2007-05-03,8.0637,8.3037,8.0637,8.2450,874100
2007-05-04,8.0797,8.1917,7.8983,8.0210,694100
2007-05-07,8.0103,8.1010,7.9463,7.9943,558800
2007-05-08,7.9197,7.9997,7.8024,7.9890,746800
2007-05-09,8.0210,8.0210,7.9143,7.9623,2046400
2007-05-10,8.0263,8.1383,7.9197,7.9570,1692400
2007-05-11,7.9677,8.1117,7.8290,8.0317,1477600
2007-05-14,7.9890,8.1330,7.9250,7.9623,927500
2007-05-15,7.9997,8.0797,7.9677,7.9837,475100
2007-05-16,8.0157,8.0797,7.9197,8.0210,1173100
2007-05-17,7.9730,8.0263,7.9463,7.9997,2829000
2007-05-18,8.0477,8.1010,7.9730,7.9837,244500
2007-05-21,8.0210,8.2130,8.0210,8.1223,725400
2007-05-22,8.1757,8.1757,8.0317,8.0903,373000
2007-05-23,8.1810,8.2930,8.1543,8.2077,443500
2007-05-24,8.1650,8.2397,8.0850,8.1063,3618500
2007-05-25,8.1917,8.2450,8.1383,8.2397,661400
2007-05-29,8.3357,8.4797,8.2610,8.4637,663000
2007-05-30,8.3303,8.5703,8.3197,8.5223,380000
2007-05-31,8.7730,8.9276,8.7676,8.8796,685800
2007-06-01,8.9330,9.0930,8.9330,9.0290,896100
2007-06-04,8.9223,9.0343,8.8476,8.9010,667000
2007-06-05,8.8690,8.8690,8.7036,8.7623,287800
2007-06-06,8.6023,8.7623,8.4850,8.5170,811900
2007-06-07,8.4103,8.4477,8.2397,8.3463,971700
2007-06-08,8.1063,8.2663,8.0530,8.2557,2734100
2007-06-11,8.1597,8.2290,8.0850,8.1917,813600
2007-06-12,8.0743,8.2077,7.9090,8.0637,970400
2007-06-13,8.0797,8.1597,8.0370,8.1597,740300
2007-06-14,8.2023,8.2397,8.1437,8.1863,1531100
2007-06-15,8.1863,8.5597,8.1650,8.4690,1391000
2007-06-18,8.5330,8.6343,8.4797,8.5117,444500
2007-06-19,8.4370,8.5437,8.3890,8.5277,339100
2007-06-20,8.6023,8.6077,8.3837,8.4210,359100
2007-06-21,8.4637,8.5597,8.3943,8.5330,1434600
2007-06-22,8.4797,8.5597,8.4103,8.4637,709200
2007-06-25,8.4103,8.5597,8.3837,8.4477,527700
2007-06-26,8.4637,8.5330,8.4157,8.4317,332000
2007-06-27,8.2663,8.5597,8.2397,8.5490,504100
2007-06-28,8.5543,8.6876,8.5383,8.6716,521100
2007-06-29,8.8263,9.0663,8.7996,8.8796,1007500
2007-07-02,9.0130,9.4236,9.0130,9.3810,822200
2007-07-03,9.5196,9.5196,9.3490,9.4396,367700
2007-07-05,9.4663,9.4663,9.1890,9.2050,643700
2007-07-06,9.3063,9.3863,9.1516,9.3810,502600
2007-07-09,9.7809,9.8129,9.6583,9.7223,711500
2007-07-10,9.4663,9.5569,9.3330,9.3810,955200
2007-07-11,8.8530,9.0663,8.7250,9.0130,1641100
2007-07-12,9.0663,9.2583,9.0503,9.1943,833600
2007-07-13,9.3863,9.4130,9.2263,9.3863,684500
2007-07-16,9.1730,9.3863,9.1730,9.2743,718500
2007-07-17,9.3330,9.4876,9.2956,9.4450,675600
2007-07-18,9.3116,9.4076,9.2103,9.2636,1060400
2007-07-19,9.5089,9.8663,9.4343,9.7649,857500
2007-07-20,9.7703,9.8609,9.6636,9.7116,554900
2007-07-23,10.4582,10.4742,10.1383,10.2076,803300
2007-07-24,9.8769,10.0103,9.6423,9.6636,1135300
2007-07-25,9.4396,9.8769,9.3330,9.6156,590900
2007-07-26,9.3063,9.3543,8.8796,9.1036,820900
2007-07-27,8.9063,9.1996,8.7036,8.8796,1472100
2007-07-30,9.1196,9.5463,8.9596,9.5036,1333100
2007-07-31,9.6743,9.7276,9.3916,9.4290,807400
2007-08-01,9.1996,9.4609,9.1143,9.2530,1081100
2007-08-02,9.3703,9.6209,9.3703,9.5996,1191200
2007-08-03,9.5996,9.7063,9.5303,9.5356,2181800
2007-08-06,9.5249,9.7169,9.3756,9.6956,1719600
2007-08-07,9.6956,10.1489,9.6263,10.1169,913500
2007-08-08,10.3462,10.6022,9.8396,10.0583,1211700
2007-08-09,9.5996,9.7543,8.7996,9.2156,1285700
2007-08-10,8.9330,9.3756,8.8796,9.3276,1048900
2007-08-13,9.4396,9.5356,9.3756,9.4663,444600
2007-08-14,9.5196,9.5196,9.0236,9.0663,1055400
2007-08-15,8.8903,9.1676,8.5597,8.5597,1021700
2007-08-16,7.8663,8.2663,7.6744,8.2130,2526500
2007-08-17,8.5223,8.9063,8.1063,8.3890,1225400
2007-08-20,8.4370,8.5223,8.2077,8.4210,728300
2007-08-21,8.3463,8.6183,8.3410,8.5223,337600
2007-08-22,8.6130,8.8956,8.6130,8.8583,469000
2007-08-23,8.9596,9.0663,8.7303,8.8583,438000
2007-08-24,8.8263,9.2103,8.8263,9.0930,651200
2007-08-27,9.2263,9.2743,9.0076,9.1516,393800
2007-08-28,9.0183,9.0663,8.6556,8.6930,414300
2007-08-29,9.1250,9.5409,9.0823,9.4663,854500
2007-08-30,9.5409,9.6049,9.3916,9.4983,496700
2007-08-31,9.4663,9.6263,9.3436,9.6049,781800
2007-09-04,9.5996,9.7863,9.5143,9.6903,1079600
2007-09-05,9.5996,9.5996,9.4450,9.5409,480000
2007-09-06,9.5943,9.6369,9.3970,9.5356,538200
2007-09-07,9.8663,10.2396,9.1836,9.3436,871800
2007-09-10,9.3543,9.3970,9.1623,9.2530,511300
2007-09-11,9.4556,9.5143,9.3543,9.4396,555100
2007-09-12,9.3970,9.4609,9.2743,9.3223,547400
2007-09-13,9.5623,9.7809,9.3223,9.7703,2192700
2007-09-14,9.5996,9.7436,9.4609,9.6956,2569100
2007-09-17,9.5996,9.7489,9.3970,9.6156,1185500
2007-09-18,9.8396,10.5169,9.7383,10.2183,1563400
2007-09-19,10.6556,10.9062,10.6182,10.7942,1091800
2007-09-20,10.7196,10.8316,10.6662,10.7302,392800
2007-09-21,11.1729,11.4929,10.8956,11.4129,1443700
2007-09-24,11.5355,11.6689,10.9809,11.2369,1086900
2007-09-25,11.1249,11.1302,10.8369,11.0716,570500
2007-09-26,11.2795,11.7649,11.2795,11.6635,873000
2007-09-27,11.7169,11.7329,11.3809,11.4502,691200
2007-09-28,11.3915,11.4022,11.2049,11.3489,651400
2007-10-01,11.2049,11.8769,11.2049,11.8769,698500
2007-10-02,11.9035,12.0795,11.7969,11.9942,674800
2007-10-03,12.4262,12.4475,11.7915,11.9248,703900
2007-10-04,12.0742,12.2555,12.0528,12.2342,402200
2007-10-05,12.5862,13.0395,12.5862,12.9541,936400
2007-10-08,12.8155,12.8155,11.8449,12.3035,1094900
2007-10-09,12.6875,12.7941,12.4848,12.6128,685300
2007-10-10,12.4048,12.4048,11.9462,11.9782,1333500
2007-10-11,12.1488,12.2768,11.6582,11.7649,1554700
2007-10-12,11.7969,12.1435,11.7969,11.9568,1203700
2007-10-15,12.2928,12.4262,11.7702,11.8129,1660900
2007-10-16,11.8395,11.9888,11.5142,11.7062,3764100
2007-10-17,12.2662,12.2662,11.7115,11.9035,1737800
2007-10-18,11.8449,11.9995,11.7489,11.9355,1325000
2007-10-19,11.7702,11.7862,11.2155,11.2369,1022700
2007-10-22,10.9809,11.4342,10.6076,11.3169,1191500
2007-10-23,11.7275,11.7329,11.3489,11.5942,667400
2007-10-24,11.3649,11.5302,11.1302,11.4235,859000
2007-10-25,11.9195,11.9302,11.6102,11.8662,989000
2007-10-26,12.2662,12.2662,12.0208,12.1328,1303700
2007-10-29,12.1328,12.3782,12.0795,12.3728,1416900
2007-10-30,12.3728,12.4795,12.2022,12.3302,1301600
2007-10-31,12.4528,12.8208,12.2662,12.8208,1431400
2007-11-01,12.5328,12.6822,12.2822,12.5862,1442700
2007-11-02,12.7728,12.7728,12.3248,12.6662,618000
2007-11-05,12.7568,12.7568,12.3195,12.4955,850600
2007-11-06,12.6928,12.8635,12.5755,12.7995,1064600
2007-11-07,12.6662,12.7461,12.0795,12.3622,1505900
2007-11-08,12.6928,13.1621,12.4262,12.8368,3165400
2007-11-09,12.8901,13.6474,12.8901,13.4448,1594900
2007-11-12,13.4928,13.7701,13.1195,13.4128,1827800
2007-11-13,13.2741,13.7594,13.1088,13.5781,2638800
2007-11-14,14.9327,14.9327,13.8928,14.0954,2153400
2007-11-15,14.3248,14.3248,13.8768,13.9941,1316500
2007-11-16,14.3088,14.7887,13.9994,14.6661,1392900
2007-11-19,14.8207,14.8207,14.0581,14.2394,3704500
2007-11-20,14.1328,14.5327,13.8714,14.3461,2150800
2007-11-21,13.6528,14.1808,13.0608,13.2101,3021500
2007-11-23,13.4928,13.4928,13.0661,13.3595,863800
2007-11-26,13.5941,13.8768,13.3328,13.4501,2563800
2007-11-27,13.4341,13.6794,13.0661,13.5941,1190400
2007-11-28,13.9141,14.4421,13.8981,14.3514,2848100
2007-11-29,14.1701,14.6341,13.8928,14.3994,3159600
2007-11-30,14.8794,15.0874,14.4901,14.5807,1295500
2007-12-03,14.6661,14.6714,14.3461,14.5861,987500
2007-12-04,14.5861,14.8047,14.3568,14.5701,1049000
2007-12-05,14.5434,15.6154,14.5327,15.4340,2161400
2007-12-06,15.4927,15.9994,15.4660,15.8554,1955000
2007-12-07,15.8287,15.8287,15.2047,15.3114,1247000
2007-12-10,15.4554,15.9247,15.3167,15.5460,994500
2007-12-11,15.6367,15.6367,14.6714,14.7194,1225400
2007-12-12,14.9434,15.5940,14.9434,15.4287,1579400
2007-12-13,15.1141,15.3967,15.0287,15.3380,1243700
2007-12-14,15.2420,15.5087,15.1674,15.3060,1249700
2007-12-17,15.1994,15.1994,13.9888,14.1114,1514100
2007-12-18,14.5434,14.6234,14.1114,14.5434,875400
2007-12-19,14.2981,14.6394,14.2021,14.5061,880100
2007-12-20,14.5114,14.8101,14.4474,14.6607,846700
2007-12-21,15.0554,15.0554,14.4741,14.6394,659800
2007-12-24,14.7834,14.9541,14.5487,14.9381,602100
2007-12-26,14.9541,14.9861,14.6661,14.9487,453200
2007-12-27,14.7621,14.7621,14.2394,14.3034,625700
2007-12-28,14.3514,14.9167,14.3514,14.9007,795200
2007-12-31,14.9274,14.9274,14.5274,14.7034,440700
2008-01-02,14.3887,14.9114,14.3887,14.6501,838100
2008-01-03,14.6767,14.8421,14.3354,14.5487,1396000
2008-01-04,14.3461,14.4367,13.8074,13.9194,941200
2008-01-07,13.7861,14.1434,13.3328,13.6848,2042700
2008-01-08,13.9888,13.9888,13.2261,13.3061,1191700
2008-01-09,13.1088,13.3275,12.8741,13.2155,1377800
2008-01-10,13.0715,13.6208,13.0661,13.3328,1537900
2008-01-11,13.0021,13.2155,13.0021,13.0768,682100
2008-01-14,13.1728,13.4395,13.1568,13.3381,1047100
2008-01-15,13.3328,13.3328,12.8475,12.8848,986600
2008-01-16,12.5435,13.1675,12.4902,12.8795,2189100
2008-01-17,12.9008,13.1248,12.4422,12.5168,2971500
2008-01-18,13.0768,13.4395,12.7835,13.0768,1261000
2008-01-22,11.7862,12.5328,11.2795,12.2235,1659100
2008-01-23,11.3062,11.8715,10.9062,11.8182,2840200
2008-01-24,12.0582,13.1248,12.0582,13.0608,2656700
2008-01-25,13.0448,13.0448,12.0528,12.1435,1701300
2008-01-28,12.1275,12.1275,11.6529,11.8769,2783600
2008-01-29,12.1435,12.2288,11.9355,12.0582,2408200
2008-01-30,12.1275,12.1755,11.7435,11.9462,3351900
2008-01-31,11.7329,12.1542,11.4342,12.0848,1815400
2008-02-01,12.0582,12.5328,11.9728,12.4528,1907000
2008-02-04,12.6288,12.6288,12.1808,12.2982,917400
2008-02-05,11.8342,11.8822,11.4449,11.4822,819600
2008-02-06,11.2582,11.6582,11.2582,11.3649,1466200
2008-02-07,11.1089,11.6209,10.9916,11.4502,1258400
2008-02-08,11.2049,11.4662,11.2049,11.3702,778200
2008-02-11,11.5462,11.6315,11.2955,11.5515,1324100
2008-02-12,12.4368,13.1675,12.4368,12.6768,2651600
2008-02-13,12.9701,13.1568,12.6928,13.0715,1085100
2008-02-14,12.9701,13.2955,12.6235,12.7035,1155400
2008-02-15,12.4208,12.8155,12.3675,12.7835,749100
2008-02-19,12.7888,12.9008,12.5008,12.6022,1045100
2008-02-20,12.3195,12.7728,12.2715,12.7728,1042400
2008-02-21,12.7995,12.9648,12.6502,12.9381,3355600
2008-02-22,12.9381,13.1941,12.7088,13.1301,825900
2008-02-25,12.9061,13.2688,12.8528,13.2315,969500
2008-02-26,13.3275,14.5541,13.2528,14.3514,3775100
2008-02-27,14.0421,14.4741,13.7754,14.3088,3289600
2008-02-28,13.9461,14.0048,13.8181,13.9301,2433400
2008-02-29,13.6528,13.7168,13.3861,13.4555,1152700
2008-03-03,13.3328,13.5888,13.2635,13.4981,1488100
2008-03-04,13.3115,13.5141,12.8528,13.3168,957700
2008-03-05,13.3275,13.4235,13.2261,13.2741,1047700
2008-03-06,12.9275,12.9275,12.2662,12.3142,2212300
2008-03-07,11.9195,12.4155,11.8502,12.2715,2335600
2008-03-10,12.0902,12.2662,11.8235,11.9408,1132200
2008-03-11,12.3995,13.5461,12.3995,13.4661,2557200
2008-03-12,13.3381,13.3541,12.8688,12.9701,2005800
2008-03-13,12.6342,13.2048,12.3888,13.0128,1826800
2008-03-14,13.2101,13.2101,12.0688,12.3088,2443300
2008-03-17,11.2369,11.8662,11.1835,11.6635,2412900
2008-03-18,12.0262,12.5808,11.8769,12.4955,1646800
2008-03-19,12.7355,12.7355,11.9622,12.0048,967500
2008-03-20,11.7329,12.2982,11.5835,12.1488,1694800
2008-03-24,11.4449,12.0155,11.4449,11.8875,1397900
2008-03-25,11.8289,12.1382,11.7702,12.0635,1228700
2008-03-26,12.0848,12.0848,11.7595,11.7755,833900
2008-03-27,12.2075,12.5275,12.1382,12.2502,1214200
2008-03-28,11.9408,11.9408,11.4769,11.5462,1235600
2008-03-31,10.9542,11.1675,10.7729,11.1409,2138000
2008-04-01,11.7649,12.1648,11.6902,11.9995,1547800
2008-04-02,11.8769,12.3248,11.8715,12.2662,1227300
2008-04-03,12.0422,12.1915,11.7649,12.0635,2018300
2008-04-04,11.9408,12.2608,11.7329,12.1488,1206700
2008-04-07,12.2662,12.3035,11.9675,12.1968,1127800
2008-04-08,12.1915,12.4528,12.1595,12.3195,1131800
2008-04-09,12.4742,12.4795,12.0902,12.1542,753100
2008-04-10,11.9888,11.9888,11.4929,11.6102,1309300
2008-04-11,11.4555,11.4555,10.9596,11.0022,1200200
2008-04-14,10.7942,10.7996,10.3302,10.4796,3302600
2008-04-15,10.5542,10.6449,10.3036,10.4689,2104400
2008-04-16,10.4742,10.7142,10.0849,10.2769,2783800
2008-04-17,10.1969,10.2929,9.9089,10.0743,3040400
2008-04-18,10.7782,10.7996,10.5702,10.7462,4020000
2008-04-21,10.8742,11.0769,10.6502,10.7622,2219800
2008-04-22,10.7836,10.9116,10.3142,10.3996,1711600
2008-04-23,10.4262,10.6342,10.3089,10.5649,1581800
2008-04-24,10.4422,10.4742,10.1543,10.2236,2744700
2008-04-25,10.5649,10.7036,10.3142,10.6502,2706000
2008-04-28,10.8262,10.9382,10.7889,10.8369,1341000
2008-04-29,10.8582,10.8902,10.3729,10.5169,1668500
2008-04-30,10.5169,10.8849,10.5169,10.7462,2236000
2008-05-01,10.7249,10.7622,10.5596,10.7622,2377200
2008-05-02,10.8902,10.9276,10.5596,10.7996,1183200
2008-05-05,10.9436,10.9862,10.7836,10.8636,1267300
2008-05-06,10.7889,10.7889,10.6076,10.7889,2134800
2008-05-07,10.9862,11.2209,10.9009,10.9649,3662700
2008-05-08,10.1169,10.1329,9.4929,9.6743,9629900
2008-05-09,9.6369,9.7756,9.3863,9.5196,4524900
2008-05-12,9.5996,9.5996,9.2156,9.5943,3054300
2008-05-13,9.7543,9.8609,9.6636,9.7703,1741300
2008-05-14,9.8503,10.1116,9.8129,10.0156,4992400
2008-05-15,10.1383,10.5116,10.0583,10.4849,4580900
2008-05-16,10.4902,10.5329,10.2663,10.4102,2789500
2008-05-19,10.6702,10.6702,10.4063,10.5382,2785000
2008-05-20,10.3568,10.6042,10.2799,10.4723,4677200
2008-05-21,10.4173,10.7691,10.2854,10.4393,3075000
2008-05-22,10.4778,10.9780,10.4723,10.8021,1957000
2008-05-23,10.9121,10.9450,10.5712,10.7856,1378300
2008-05-27,10.5822,10.6537,10.3678,10.5712,2246900
2008-05-28,10.5767,10.6427,10.4613,10.6097,1114400
2008-05-29,10.5767,10.7361,10.4778,10.6262,752900
2008-05-30,10.6702,10.7471,10.2854,10.6702,984600
2008-06-02,10.8461,10.9285,10.5712,10.7087,983600
2008-06-03,10.6262,10.7306,10.3403,10.4338,1612300
2008-06-04,10.2799,10.5932,10.1754,10.4448,1273300
2008-06-05,10.5547,10.6372,10.3953,10.5272,1276500
2008-06-06,10.2469,10.2799,10.0545,10.1150,2024500
2008-06-09,9.9775,10.0160,9.5707,9.6367,3876400
2008-06-10,9.4223,9.5322,9.2959,9.5048,2550800
2008-06-11,9.5432,9.5432,9.2739,9.3453,2350600
2008-06-12,9.3508,9.4168,9.3069,9.3343,3707900
2008-06-13,9.4443,9.6312,9.3673,9.5707,1005200
2008-06-16,9.4663,9.4883,9.3233,9.4608,936800
2008-06-17,9.5927,9.8181,9.3453,9.6257,1411300
2008-06-18,9.4003,9.5597,9.3948,9.5377,1094300
2008-06-19,9.3948,9.4003,9.2134,9.3838,1225300
2008-06-20,9.3178,9.3178,8.9165,9.0210,1588700
2008-06-23,8.9220,9.0485,8.7296,8.7901,2137500
2008-06-24,8.7681,8.8506,8.7132,8.8231,1083600
2008-06-25,8.9275,9.1419,8.9165,8.9165,1039600
2008-06-26,8.5482,8.7077,8.3503,8.4988,1254600
2008-06-27,8.2459,8.3888,8.0370,8.2184,2121700
2008-06-30,8.0040,8.1469,7.7072,7.9985,2124100
2008-07-01,7.4378,8.0865,7.3828,7.9655,2873600
2008-07-02,8.1249,8.1469,7.8721,7.9051,2016600
2008-07-03,8.2459,8.4823,8.1579,8.4548,2157500
2008-07-07,8.8946,8.9001,8.3338,8.4163,1533800
2008-07-08,8.5372,8.6472,8.3283,8.6197,721600
2008-07-09,8.5867,8.6472,8.3009,8.3393,1010900
2008-07-10,8.3393,8.4328,8.1249,8.2954,1535400
2008-07-11,8.0810,8.0810,7.7896,7.9765,2678300
2008-07-14,8.3393,8.3833,7.9106,8.0040,1989000
2008-07-15,7.8501,8.2184,7.7621,8.0205,1508400
2008-07-16,8.0810,8.8066,7.9655,8.3778,2834100
2008-07-17,8.6802,8.7077,8.3338,8.4933,1277400
2008-07-18,8.8946,8.9715,8.6362,8.7022,1993900
2008-07-21,9.0045,9.0705,8.7571,8.8066,1279700
2008-07-22,8.6582,8.8781,8.6197,8.8781,1362500
2008-07-23,8.8561,9.0815,8.8231,8.9990,1606200
2008-07-24,8.9330,9.0320,8.3448,8.4658,2293600
2008-07-25,8.7296,8.8286,8.5757,8.8121,1343900
2008-07-28,8.8836,8.8836,8.4768,8.5757,1033900
2008-07-29,8.8671,9.0870,8.7791,9.0760,1465500
2008-07-30,9.4003,10.8406,9.4003,10.7142,8014400
2008-07-31,10.3678,10.7196,10.3678,10.6097,4556200
2008-08-01,10.2909,10.4173,9.7521,10.1699,1738100
2008-08-04,10.2414,10.3513,9.8841,9.8841,2169800
2008-08-05,9.8676,9.8676,9.4828,9.7466,2750700
2008-08-06,9.5927,9.7356,9.3673,9.6697,1235700
2008-08-07,9.6202,9.7796,9.0815,9.5597,1269500
2008-08-08,9.3178,9.4113,9.1090,9.3343,1436100
2008-08-11,9.4608,9.8071,9.4608,9.7356,1730500
2008-08-12,9.8786,9.9885,9.6587,9.7301,1080200
2008-08-13,9.6202,9.6642,9.4828,9.6532,573500
2008-08-14,9.4828,9.7411,9.4828,9.6037,494500
2008-08-15,9.8401,9.8401,9.6202,9.7466,646600
2008-08-18,9.9720,10.0765,9.6202,9.7191,881600
2008-08-19,9.3453,9.6312,9.3453,9.5542,1136800
2008-08-20,9.3288,9.5157,9.3014,9.4773,1138800
2008-08-21,9.2904,9.3288,9.0760,9.3178,982600
2008-08-22,9.4773,9.5762,9.3563,9.4553,1012900
2008-08-25,9.4058,9.4938,9.1914,9.2519,590100
2008-08-26,9.1364,9.1364,8.9165,9.0100,848400
2008-08-27,8.9330,8.9990,8.8616,8.9880,1246400
2008-08-28,9.1859,9.3343,9.1309,9.2684,950600
2008-08-29,9.2684,9.3124,9.0815,9.0980,587900
2008-09-02,9.2849,9.4608,9.0650,9.1529,1041200
2008-09-03,9.0705,9.1804,8.9605,9.0540,900600
2008-09-04,8.8726,8.9275,8.4603,8.4768,1537900
2008-09-05,8.5043,8.7681,8.4163,8.6747,1056900
2008-09-08,9.1254,9.1914,8.6967,8.9001,1620200
2008-09-09,8.8066,8.9715,8.4108,8.4658,1041600
2008-09-10,8.4603,8.5757,8.3888,8.4933,1239900
2008-09-11,7.9160,8.1909,7.6247,8.1634,2049100
2008-09-12,7.9160,8.4603,7.8226,8.3998,1958000
2008-09-15,7.5038,7.8776,7.4103,7.6577,2035500
2008-09-16,7.3663,8.0260,7.3498,7.8831,2917800
2008-09-17,7.6632,7.6632,7.1299,7.3883,4096500
2008-09-18,7.3828,8.3064,7.2344,8.2019,2767000
2008-09-19,8.3009,8.8781,8.3009,8.8781,4251300
2008-09-22,8.6582,8.9385,8.4658,8.4878,734000
2008-09-23,8.7351,8.7791,8.5043,8.5262,1809700
2008-09-24,8.7846,8.9605,8.7186,8.8121,1164900
2008-09-25,8.9660,9.3124,8.9660,9.2574,1303400
2008-09-26,9.0155,9.2959,8.9770,9.2464,1076200
2008-09-29,8.9605,9.0980,7.8886,8.0260,2830800
2008-09-30,8.1909,8.4713,8.1579,8.2404,2055300
2008-10-01,8.4493,9.1144,7.7401,8.9880,1569000
2008-10-02,9.0155,9.0155,8.2844,8.4053,1627600
2008-10-03,8.3503,8.6857,8.0535,8.2569,1463300
2008-10-06,7.5807,7.8336,6.7341,7.7621,3267000
2008-10-07,7.6137,7.7511,6.8881,6.9870,1202600
2008-10-08,7.1904,7.5862,6.9320,7.2454,2058100
2008-10-09,7.7017,7.7676,6.9320,6.9650,2478900
2008-10-10,6.7946,7.6852,6.5142,7.4213,2970000
2008-10-13,7.6907,8.2459,7.3168,8.1030,2242200
2008-10-14,7.9710,8.8396,7.9710,8.3228,3084900
2008-10-15,7.9215,8.0205,7.1629,7.2674,1456400
2008-10-16,7.1189,7.1849,6.6572,7.1299,2314500
2008-10-17,6.8441,7.5697,6.6902,7.2014,1591100
2008-10-20,7.3223,7.7181,7.2289,7.7072,1287800
2008-10-21,7.4653,7.5422,6.8441,6.9925,1438300
2008-10-22,6.8386,6.8551,6.0580,6.2779,2019000
2008-10-23,6.3603,6.4318,5.7336,6.2174,2457000
2008-10-24,5.6347,6.0415,5.2279,5.3323,3135700
2008-10-27,5.6072,5.7666,5.2884,5.4588,2568000
2008-10-28,6.1459,6.4318,5.8271,6.4263,1274600
2008-10-29,6.3438,6.9155,5.9480,6.4813,1451800
2008-10-30,6.7121,6.8276,6.2779,6.7836,1434800
2008-10-31,6.5307,6.9650,6.4043,6.7451,1466200
2008-11-03,6.7506,6.9046,6.6297,6.8826,1527500
2008-11-04,7.2564,7.9655,7.2564,7.8556,1043200
2008-11-05,7.5697,7.7841,7.1299,7.2894,1177500
2008-11-06,7.3223,7.5422,6.6572,6.6847,2314700
2008-11-07,7.8006,8.0095,7.4488,7.9270,2112200
2008-11-10,7.8281,8.1030,7.3333,7.5587,852400
2008-11-11,7.3223,7.3773,6.8496,6.9705,1491700
2008-11-12,6.7341,6.8331,6.3054,6.3768,1791900
2008-11-13,6.6627,6.9595,6.3054,6.8606,2705700
2008-11-14,6.6737,6.9210,6.5142,6.5692,1248100
2008-11-17,6.4593,6.5857,6.2064,6.4263,1098400
2008-11-18,6.3273,6.5417,6.0580,6.3273,1112400
2008-11-19,6.0470,6.2284,5.5797,5.6072,1136100
2008-11-20,5.8326,6.3493,5.5467,5.6567,2301200
2008-11-21,6.3218,6.4098,5.7501,6.2944,1567500
2008-11-24,6.8551,6.9870,6.6297,6.8221,1804100
2008-11-25,6.9375,7.0420,6.6792,6.8551,813300
2008-11-26,6.9815,7.6852,6.9815,7.6412,1054300
2008-11-28,7.6467,7.8336,7.3773,7.5752,866200
2008-12-01,7.4158,7.4983,6.9046,6.9595,949500
2008-12-02,7.2949,7.5862,7.2124,7.5477,1165500
2008-12-03,7.5752,7.8336,7.3114,7.7566,1302000
2008-12-04,7.7236,8.0370,7.4708,7.6467,1307100
2008-12-05,7.3608,7.6742,7.1134,7.6357,1142600
2008-12-08,7.9710,8.3393,7.6302,8.1799,1076600
2008-12-09,8.3448,8.4493,7.9710,8.0205,1257500
2008-12-10,7.9600,8.3558,7.9106,8.2734,1068300
2008-12-11,8.1524,8.5152,8.1469,8.1744,1422900
2008-12-12,7.7236,8.0590,7.6302,8.0425,1897300
2008-12-15,8.0315,8.0700,7.6192,7.7511,758300
2008-12-16,7.7786,8.5207,7.6742,8.4273,1878800
2008-12-17,7.9380,8.0315,7.7731,7.8446,1216200
2008-12-18,7.7621,7.9655,7.5257,7.6027,1004300
2008-12-19,7.8721,8.0480,7.6687,7.7017,786100
2008-12-22,7.4708,7.6797,7.4708,7.5257,1119400
2008-12-23,7.7017,7.7786,7.5807,7.6632,723100
2008-12-24,7.7236,7.7236,7.4818,7.5147,279100
2008-12-26,7.7896,7.8171,7.5917,7.7346,316400
2008-12-29,7.8336,7.8336,7.4598,7.6357,474800
2008-12-30,7.6962,7.7236,7.5532,7.7072,501300
2008-12-31,7.7072,8.0755,7.7017,8.0150,624300
2009-01-02,7.8776,8.1964,7.7072,8.0755,558600
2009-01-05,8.0480,8.4383,8.0480,8.3448,1017400
2009-01-06,8.3998,8.5757,8.3064,8.4273,762000
2009-01-07,8.1909,8.1964,7.8666,7.9655,468600
2009-01-08,7.7181,7.8776,7.6577,7.8501,391700
2009-01-09,7.9600,7.9820,7.4103,7.4598,708300
2009-01-12,6.9540,7.0750,6.6682,6.7561,1148300
2009-01-13,6.9705,7.0750,6.9210,7.0475,716800
2009-01-14,7.0640,7.1244,6.6517,6.7891,978200
2009-01-15,6.9485,7.1684,6.7836,7.0310,1244400
2009-01-16,7.2399,7.3388,6.8826,7.1684,698000
2009-01-20,6.9540,6.9540,6.5362,6.5582,744200
2009-01-21,6.7067,7.0585,6.6517,7.0200,1175600
2009-01-22,6.8331,7.0915,6.7121,6.8991,678800
2009-01-23,6.8771,7.2014,6.8441,7.0805,730500
2009-01-26,7.4213,7.5257,7.2619,7.3388,735700
2009-01-27,7.3059,7.3553,6.9760,7.2454,778300
2009-01-28,7.5257,7.7401,7.4103,7.6467,1312900
2009-01-29,7.5257,7.5257,7.3388,7.3718,695000
2009-01-30,7.3553,7.5202,7.1134,7.2399,657200
2009-02-02,7.3114,7.4213,7.0365,7.2014,1037700
2009-02-03,7.5312,7.6137,7.3938,7.5147,1097100
2009-02-04,7.5477,7.5642,7.2564,7.3553,1259200
2009-02-05,7.3718,7.5752,7.2234,7.5202,925800
2009-02-06,7.7236,8.0040,7.6467,7.8611,760400
2009-02-09,8.1524,8.1524,7.7017,7.8336,1386700
2009-02-10,7.6412,7.6522,7.0365,7.1849,1479800
2009-02-11,7.2949,7.3168,7.0860,7.1849,1320000
2009-02-12,7.1464,7.2454,6.9540,7.2344,731300
2009-02-13,7.2344,7.3828,7.1794,7.2894,503000
2009-02-17,7.0475,7.0860,6.7891,6.9540,1259800
2009-02-18,6.8881,7.0860,6.8551,7.0090,838900
2009-02-19,7.4048,7.4323,7.0640,7.1299,748900
2009-02-20,6.9705,7.2289,6.8991,7.1464,786700
2009-02-23,7.4103,7.4488,7.0805,7.1574,1059300
2009-02-24,7.3223,7.4653,7.1519,7.4048,1305100
2009-02-25,7.2839,7.5202,7.1959,7.3333,742800
2009-02-26,6.9320,7.0860,6.6297,6.7726,1191200
2009-02-27,6.7341,6.9101,6.6737,6.7726,906900
2009-03-02,6.4703,6.5692,6.1569,6.2504,1022300
2009-03-03,6.3493,6.6352,6.3493,6.5142,657500
2009-03-04,6.5857,6.9980,6.5857,6.8111,901300
2009-03-05,6.3383,6.4648,6.0745,6.1679,1364900
2009-03-06,6.3383,6.3383,5.9920,6.1844,993200
2009-03-09,6.2229,6.3493,6.0635,6.1294,1071700
2009-03-10,6.2889,6.5967,6.2449,6.5252,600400
2009-03-11,6.5252,6.5802,6.1844,6.3273,659500
2009-03-12,6.1184,6.6847,6.1184,6.6682,665500
2009-03-13,6.6187,6.6352,6.3273,6.3878,1056000
2009-03-16,6.5472,6.6022,6.3548,6.3658,925600
2009-03-17,6.2889,6.3713,6.2339,6.3603,1130200
2009-03-18,6.3768,6.5527,6.0855,6.5307,908700
2009-03-19,6.5912,6.5912,6.2449,6.3768,2562000
2009-03-20,6.5033,6.5033,6.3273,6.3878,696400
2009-03-23,6.4318,6.6682,6.4098,6.6682,888700
2009-03-24,6.4868,6.5197,6.3713,6.3988,557700
2009-03-25,6.4483,6.5417,6.3383,6.4923,1179800
2009-03-26,6.4923,6.5142,6.3713,6.4868,845100
2009-03-27,6.4703,6.5692,6.4318,6.5088,949500
2009-03-30,6.4593,6.6187,6.4373,6.6077,1445500
2009-03-31,6.5802,6.8826,6.5802,6.7561,869300
2009-04-01,6.7616,7.0915,6.6572,6.9925,1066000
2009-04-02,6.8276,7.0090,6.6847,6.9046,1693700
2009-04-03,6.8276,6.9540,6.8111,6.9320,828100
2009-04-06,6.8276,6.9101,6.7067,6.9046,728900
2009-04-07,6.7286,6.8661,6.6517,6.7286,640400
2009-04-08,6.7286,7.0420,6.7286,7.0310,537300
2009-04-09,7.0640,7.2509,7.0640,7.2179,436500
2009-04-13,7.1959,7.2839,7.1629,7.2784,396400
2009-04-14,7.1464,7.1464,6.8496,6.9540,903700
2009-04-15,6.8331,7.0035,6.8166,7.0035,416000
2009-04-16,7.1464,7.2179,7.0145,7.1574,788700
2009-04-17,7.0255,7.0970,6.9925,7.0035,493800
2009-04-20,6.7616,6.7616,6.5637,6.6022,1328400
2009-04-21,6.5472,6.7121,6.4593,6.6737,895200
2009-04-22,6.6352,6.8496,6.6297,6.6462,1118200
2009-04-23,6.5967,6.7451,6.5197,6.7231,1197600
2009-04-24,6.7616,6.8771,6.6737,6.7726,799000
2009-04-27,6.5033,6.6297,6.4813,6.5197,1371100
2009-04-28,6.4593,6.4923,6.3603,6.4483,1306700
2009-04-29,6.7286,6.9980,6.6792,6.8551,744600
2009-04-30,7.0090,7.1409,6.8881,6.9815,583200
2009-05-01,6.9320,7.0915,6.8661,7.0860,630000
2009-05-04,7.0860,7.3498,7.0365,7.3443,861400
2009-05-05,7.2069,7.3168,7.0585,7.1025,1374000
2009-05-06,7.1354,7.2124,6.9925,7.2124,1665500
2009-05-07,7.0530,7.0915,6.7506,6.7836,1050000
2009-05-08,6.9650,7.2069,6.8551,7.0310,1455500
2009-05-11,7.0695,7.0860,6.9430,7.0145,397400
2009-05-12,7.1080,7.2179,7.0255,7.1519,482700
2009-05-13,6.9760,7.0640,6.8771,6.9815,816500
2009-05-14,7.0787,7.2192,7.0728,7.1080,1145400
2009-05-15,6.9674,7.2075,6.9674,7.1724,790400
2009-05-18,7.2953,7.4885,7.2660,7.4827,474500
2009-05-19,7.2602,7.5822,7.1841,7.5412,920000
2009-05-20,7.6642,7.7930,7.6290,7.7520,1052700
2009-05-21,7.5237,7.6642,7.2251,7.6466,1466600
2009-05-22,7.6056,7.8047,7.5588,7.5822,1046200
2009-05-26,7.4534,7.6408,7.3714,7.5822,663400
2009-05-27,7.5588,7.6642,7.4827,7.5354,516700
2009-05-28,7.5471,7.5705,7.2251,7.4183,1252700
2009-05-29,7.6290,7.8340,7.6173,7.7930,1038500
2009-06-01,7.8281,8.1092,7.8281,8.0857,1442500
2009-06-02,7.8281,8.0447,7.8105,7.9394,1485200
2009-06-03,7.6700,7.6759,7.4241,7.5119,1118800
2009-06-04,7.3422,7.6349,7.3422,7.6173,665600
2009-06-05,7.7930,7.9862,7.6642,7.8398,1467700
2009-06-08,7.6173,7.7286,7.5529,7.6173,645900
2009-06-09,7.7169,7.7754,7.6349,7.7461,392900
2009-06-10,7.9101,7.9101,7.6290,7.7169,669800
2009-06-11,7.6642,7.9452,7.6408,7.8750,743800
2009-06-12,7.9803,8.0506,7.7579,7.9452,1419200
2009-06-15,7.9628,7.9628,7.6993,7.7930,774000
2009-06-16,7.8984,7.9335,7.7871,7.7871,880600
2009-06-17,7.8808,7.9394,7.7344,7.8515,717800
2009-06-18,7.8457,8.0623,7.8457,7.9569,373100
2009-06-19,8.0682,8.2555,7.9921,8.0038,1044400
2009-06-22,7.9745,7.9979,7.6759,7.6935,639800
2009-06-23,7.6700,7.7227,7.5822,7.6759,555100
2009-06-24,7.8750,7.8750,7.6817,7.7286,554700
2009-06-25,7.8632,8.1267,7.7871,8.1092,504800
2009-06-26,8.1092,8.2555,8.0330,8.1618,564200
2009-06-29,8.2145,8.2204,8.0565,8.1092,596900
2009-06-30,8.0974,8.2907,8.0506,8.1150,1569000
2009-07-01,8.2731,8.4019,8.1794,8.1970,1041800
2009-07-02,8.3141,8.3141,7.9042,8.0799,861100
2009-07-06,7.9628,8.0213,7.8867,8.0038,319800
2009-07-07,8.0506,8.1092,7.9452,7.9686,752100
2009-07-08,8.0272,8.0272,7.7579,7.8457,584400
2009-07-09,7.9862,7.9862,7.8750,7.9394,358600
2009-07-10,7.9042,7.9159,7.7637,7.8867,388800
2009-07-13,7.7344,7.9452,7.7286,7.9394,651700
2009-07-14,7.7871,7.8808,7.7579,7.8164,325300
2009-07-15,7.9218,8.0623,7.8281,8.0506,1484600
2009-07-16,8.0038,8.1794,7.9335,8.1560,782300
2009-07-17,8.1209,8.1384,7.9452,8.1033,289900
2009-07-20,8.1736,8.2438,8.1677,8.1970,443600
2009-07-21,8.1911,8.2438,8.0857,8.1970,257400
2009-07-22,7.6525,8.2497,7.6525,8.2380,327200
2009-07-23,8.2497,8.4195,8.1970,8.3258,858300
2009-07-24,8.4897,8.4897,8.2145,8.3082,229800
2009-07-27,8.4897,8.4897,8.2965,8.3726,263900
2009-07-28,8.3141,8.4780,8.2965,8.4429,427300
2009-07-29,8.3609,8.4839,8.3609,8.4312,597200
2009-07-30,8.5776,8.8118,8.5776,8.7356,653500
2009-07-31,9.1572,9.3504,9.1338,9.2392,1331700
2009-08-03,9.7485,9.8832,9.6900,9.7193,1425600
2009-08-04,9.9535,9.9535,9.4617,9.6900,666900
2009-08-05,9.6959,9.6959,9.3153,9.4324,1157800
2009-08-06,9.1865,9.2567,9.0460,9.2099,733800
2009-08-07,9.3036,9.4148,9.1279,9.3563,549200
2009-08-10,9.5261,9.6022,9.3563,9.4734,478100
2009-08-11,9.5553,9.5553,9.3973,9.4382,512000
2009-08-12,9.5202,9.5319,9.1455,9.4031,1373800
2009-08-13,9.6549,9.6549,9.3855,9.4792,1372500
2009-08-14,9.5144,9.5553,9.3680,9.4382,568500
2009-08-17,9.2626,9.3680,9.2216,9.2802,320600
2009-08-18,9.3036,9.4031,9.2450,9.4031,224900
2009-08-19,9.4499,9.7427,9.3797,9.6724,1034500
2009-08-20,9.7485,9.7778,9.6315,9.7193,247000
2009-08-21,9.8539,9.8715,9.6959,9.7778,349600
2009-08-24,9.8422,10.0589,9.8422,9.9652,582700
2009-08-25,9.9827,10.2404,9.9710,10.1057,979900
2009-08-26,9.9886,10.0706,9.8539,9.9769,483500
2009-08-27,9.8481,9.8949,9.6373,9.8715,582100
2009-08-28,9.6900,9.9066,9.6900,9.8012,339100
2009-08-31,9.6607,9.7076,9.3855,9.4324,499900
2009-09-01,9.5144,9.6139,9.2567,9.3621,886800
2009-09-02,9.1162,9.3328,9.1045,9.3036,312500
2009-09-03,9.2684,9.4031,9.1865,9.3973,270500
2009-09-04,9.1279,9.4148,9.0752,9.3738,493300
2009-09-08,9.4207,9.5261,9.3504,9.4792,345600
2009-09-09,9.4909,9.6490,9.4851,9.5905,656700
2009-09-10,9.6607,9.7661,9.5261,9.7661,289900
2009-09-11,9.6959,9.9710,9.6490,9.9008,545000
2009-09-14,9.7134,9.8012,9.6022,9.7661,593400
2009-09-15,9.7017,9.7720,9.6022,9.6959,587200
2009-09-16,9.7251,9.9476,9.7076,9.8598,785300
2009-09-17,9.8949,9.9125,9.6900,9.8832,860400
2009-09-18,9.9652,10.0589,9.8715,10.0589,965200
2009-09-21,10.0003,10.1291,9.9886,10.0764,686200
2009-09-22,10.1818,10.2052,10.0764,10.0881,1064400
2009-09-23,10.2579,10.3633,10.1467,10.1701,1139500
2009-09-24,10.2696,10.3458,10.1174,10.1233,616200
2009-09-25,10.2404,10.2404,10.0120,10.1233,422900
2009-09-28,10.0472,10.2638,9.9769,10.1760,443600
2009-09-29,10.2989,10.3340,10.1467,10.1877,635000
2009-09-30,10.6502,10.6561,10.3106,10.4629,1007000
2009-10-01,10.3926,10.3926,9.9183,9.9359,2273000
2009-10-02,9.8598,10.0062,9.7778,9.9183,477200
2009-10-05,10.0354,10.1057,9.9710,10.0413,704400
2009-10-06,10.3048,10.4043,10.2287,10.3223,1381100
2009-10-07,10.2755,10.5097,10.2755,10.4511,1389300
2009-10-08,10.5682,10.6619,10.4629,10.5682,1004500
2009-10-09,10.6444,10.6971,10.5917,10.6795,632700
2009-10-12,10.6853,10.9547,10.6853,10.9195,569000
2009-10-13,10.6502,10.8434,10.4921,10.6092,595200
2009-10-14,10.6444,10.8493,10.5975,10.8434,756600
2009-10-15,10.7439,10.8903,10.6151,10.8200,528600
2009-10-16,10.6502,10.7439,10.6092,10.6853,423900
2009-10-19,10.7439,10.8376,10.6268,10.8259,583900
2009-10-20,10.9137,10.9137,10.6268,10.6619,511300
2009-10-21,10.3165,10.5624,10.1818,10.4629,881800
2009-10-22,10.1818,10.3340,9.9945,10.1057,1583000
2009-10-23,10.0120,10.2052,9.9710,10.1525,1432900
2009-10-26,10.1467,10.2462,10.0179,10.0472,737100
2009-10-27,10.0589,10.0589,9.8832,9.9418,594400
2009-10-28,9.7778,9.8364,9.5202,9.5378,793000
2009-10-29,9.5846,10.0472,9.5846,9.9476,1557700
2009-10-30,9.8422,9.9535,9.5026,9.6197,776100
2009-11-02,9.6841,9.9008,9.5729,9.7427,691200
2009-11-03,9.5144,9.7603,9.4382,9.7544,1037900
2009-11-04,10.0120,10.1877,9.9945,10.1233,645200
2009-11-05,9.8539,10.0354,9.8130,9.9476,757500
2009-11-06,9.7368,9.8715,9.7193,9.7837,831600
2009-11-09,9.8012,9.9359,9.8012,9.8774,754700
2009-11-10,9.9593,9.9593,9.7720,9.7778,629100
2009-11-11,9.9710,9.9769,9.8481,9.8949,660500
2009-11-12,9.8422,9.9008,9.7251,9.7544,374400
2009-11-13,9.6666,9.7720,9.5729,9.7017,331400
2009-11-16,9.7603,9.8598,9.7251,9.8012,369800
2009-11-17,9.7310,9.8891,9.7310,9.8891,326500
2009-11-18,9.5553,9.5729,9.4090,9.4734,1183600
2009-11-19,9.3855,9.4382,9.2919,9.3855,967000
2009-11-20,9.1104,9.2392,9.1045,9.2216,872900
2009-11-23,9.1689,9.2216,9.0869,9.1631,622500
2009-11-24,9.1338,9.1748,9.0577,9.1455,418500
2009-11-25,9.1338,9.2275,9.0986,9.1865,366900
2009-11-27,8.8703,9.1513,8.8644,9.0635,315600
2009-11-30,9.0225,9.1162,8.9640,8.9933,501800
2009-12-01,9.1982,9.3328,9.1396,9.2216,524600
2009-12-02,9.6139,9.7134,9.4792,9.5378,908700
2009-12-03,9.9359,10.0647,9.8715,9.9008,1188400
2009-12-04,9.9886,10.0881,9.7778,9.8481,712600
2009-12-07,9.8422,9.9125,9.7603,9.8247,309600
2009-12-08,9.6080,9.6139,9.5319,9.5729,376300
2009-12-09,9.5788,9.5963,9.1923,9.2567,1058200
2009-12-10,9.3328,9.4207,9.2216,9.2333,812500
2009-12-11,9.3797,9.3855,9.1923,9.2509,978100
2009-12-14,9.6607,9.6607,9.4851,9.5436,1953700
2009-12-15,9.5261,9.6256,9.4851,9.5846,1656600
2009-12-16,9.6256,9.6607,9.5670,9.5729,474400
2009-12-17,9.5144,9.5788,9.3973,9.5378,1133300
2009-12-18,9.5378,9.7661,9.5378,9.5788,1148300
2009-12-21,9.7251,9.8188,9.6373,9.7837,361700
2009-12-22,9.8949,9.8949,9.7895,9.8715,296200
2009-12-23,9.8656,9.9593,9.8071,9.9359,413400
2009-12-24,9.9301,10.0179,9.9242,9.9710,109500
2009-12-28,10.0530,10.1116,9.9945,10.0764,305300
2009-12-29,10.0998,10.2462,10.0530,10.0706,391100
2009-12-30,10.0179,10.1116,10.0003,10.0823,292800
2009-12-31,10.4043,10.4687,10.2287,10.2404,556000
2010-01-04,10.4511,10.6678,10.4511,10.6092,599200
2010-01-05,11.1069,11.1303,10.9195,11.0659,734400
2010-01-06,11.1596,11.3060,11.1479,11.2006,635600
2010-01-07,11.4758,11.5636,11.3587,11.4582,763700
2010-01-08,11.3470,11.3762,11.2357,11.3704,618300
2010-01-11,11.4348,11.4816,11.2533,11.3587,480900
2010-01-12,11.2416,11.3060,11.1245,11.3001,430800
2010-01-13,11.5226,11.5929,11.4348,11.5168,1439700
2010-01-14,11.5519,11.6163,11.4465,11.5812,598200
2010-01-15,11.5343,11.5460,11.2591,11.3294,559000
2010-01-19,11.4406,11.7041,11.4406,11.6983,749900
2010-01-20,11.5929,11.6104,11.4231,11.5285,450900
2010-01-21,11.2767,11.3411,11.1713,11.2064,543900
2010-01-22,11.1245,11.2182,11.0132,11.0718,282700
2010-01-25,11.1596,11.2650,11.1245,11.2357,248100
2010-01-26,11.0484,11.1772,10.9781,11.0952,388000
2010-01-27,11.1479,11.1479,10.8317,10.9547,559300
2010-01-28,10.8961,10.9430,10.7322,10.7673,624000
2010-01-29,10.5741,10.8200,10.5741,10.6502,957400
2010-02-01,10.7205,10.9898,10.7205,10.9781,554200
2010-02-02,10.9313,10.9605,10.8317,10.9078,407300
2010-02-03,10.9078,10.9547,10.7790,10.8376,614500
2010-02-04,10.5917,10.5917,10.2111,10.2111,604100
2010-02-05,9.8539,9.8598,9.4617,9.7837,1066300
2010-02-08,9.5905,9.8539,9.3914,9.6900,550600
2010-02-09,9.8715,10.1584,9.8715,10.0120,868800
2010-02-10,9.9359,9.9652,9.7603,9.8656,479200
2010-02-11,9.8656,10.0940,9.7778,9.9945,1100500
2010-02-12,9.5144,9.5788,9.3797,9.5378,1423500
2010-02-16,9.6197,9.8364,9.5788,9.8130,695600
2010-02-17,9.7134,9.8130,9.6022,9.6256,800500
2010-02-18,9.5319,9.6432,9.4324,9.5729,1232200
2010-02-19,9.3855,9.7076,9.3855,9.6139,882900
2010-02-22,9.4851,9.4968,9.4207,9.4265,813100
2010-02-23,9.3036,9.3680,9.1104,9.1279,1512400
2010-02-24,9.0752,9.1162,8.8703,9.0694,1976800
2010-02-25,8.6829,8.8469,8.5658,8.8293,1994000
2010-02-26,8.4663,8.7064,8.4136,8.6712,2695400
2010-03-01,8.7064,8.9054,8.6888,8.8937,1516600
2010-03-02,8.9874,9.0811,8.8879,8.9874,1086200
2010-03-03,8.8996,8.9815,8.8527,8.8762,883800
2010-03-04,8.6595,8.6829,8.5776,8.6654,961000
2010-03-05,8.7649,8.8703,8.7356,8.8527,647600
2010-03-08,8.9757,9.0460,8.9464,9.0401,819300
2010-03-09,8.9406,9.0986,8.8879,9.0225,729800
2010-03-10,8.9698,9.0694,8.9289,9.0284,886800
2010-03-11,8.9289,8.9289,8.8176,8.9113,359400
2010-03-12,8.9289,8.9698,8.8059,8.8644,486200
2010-03-15,8.8996,9.0928,8.8996,9.0752,630100
2010-03-16,9.1045,9.1806,8.9698,9.1631,2618400
2010-03-17,9.1806,9.2157,9.1104,9.1748,617000
2010-03-18,9.0284,9.0635,8.8820,8.9464,1150400
2010-03-19,8.7708,8.9113,8.7591,8.7708,1055800
2010-03-22,8.6829,8.7766,8.6361,8.7181,788300
2010-03-23,8.7825,8.8820,8.7415,8.8644,705700
2010-03-24,8.4839,8.6010,8.4429,8.5131,1296400
2010-03-25,8.6478,8.6947,8.5190,8.5249,2081500
2010-03-26,8.6478,8.6654,8.5541,8.5951,389100
2010-03-29,8.6127,8.7298,8.5776,8.6947,205200
2010-03-30,8.7181,8.8703,8.6595,8.7064,336600
2010-03-31,8.8176,8.9230,8.7181,8.8176,740100
2010-04-01,9.0050,9.0518,8.8820,8.9874,683200
2010-04-05,9.0986,9.1279,9.0167,9.1221,492400
2010-04-06,9.0752,9.0869,8.9581,9.0401,865600
2010-04-07,9.1923,9.2919,9.1748,9.2216,1298200
2010-04-08,9.2040,9.2216,9.1338,9.1865,619300
2010-04-09,9.2157,9.3094,9.2157,9.2919,710800
2010-04-12,9.3621,9.3621,9.2450,9.3153,482700
2010-04-13,9.3211,9.3387,9.2333,9.3153,624500
2010-04-14,9.3621,9.4148,9.2919,9.4090,573700
2010-04-15,9.3973,9.4968,9.3680,9.4441,406200
2010-04-16,9.3563,9.3621,9.1806,9.2392,591000
2010-04-19,9.0811,9.1923,9.0342,9.1923,397200
2010-04-20,9.2333,9.2802,9.1455,9.2392,633100
2010-04-21,9.2450,9.2450,9.1045,9.1631,551300
2010-04-22,9.1748,9.3328,9.1162,9.3211,327400
2010-04-23,9.3621,9.3973,9.1689,9.3855,353000
2010-04-26,9.3621,9.4851,9.3504,9.4265,872100
2010-04-27,9.3387,9.3680,9.1045,9.1162,669300
2010-04-28,9.2099,9.2567,9.1221,9.2099,616000
2010-04-29,9.2919,9.3680,9.2684,9.3270,550000
2010-04-30,9.4031,9.5144,9.3094,9.4675,774300
2010-05-03,9.4499,9.4851,9.3504,9.4734,366300
2010-05-04,9.3036,9.3446,9.1631,9.2040,975400
2010-05-05,9.1513,9.1513,8.9464,9.0342,713200
2010-05-06,8.8118,8.9640,7.7286,8.4312,1563200
2010-05-07,8.3258,8.3258,7.9628,8.1677,973400
2010-05-10,8.6068,8.6361,8.4780,8.6244,685900
2010-05-11,8.4780,8.7473,8.4019,8.5776,1347200
2010-05-12,8.6244,8.8000,8.5776,8.7473,1175500
2010-05-13,8.7298,8.8469,8.6654,8.7532,1095400
2010-05-14,8.5088,8.5332,8.2950,8.3316,1126500
2010-05-17,8.2400,8.3255,8.0140,8.2400,1073400
2010-05-18,8.2583,8.2767,7.9713,8.0568,731200
2010-05-19,7.9713,8.0629,7.7575,7.9224,1063800
2010-05-20,7.6353,7.7025,7.4276,7.5376,1136400
2010-05-21,7.6353,7.8552,7.5437,7.7941,622300
2010-05-24,7.9346,8.0629,7.8980,7.9529,818800
2010-05-25,7.7025,8.0323,7.6597,8.0323,1388500
2010-05-26,8.0690,8.1240,7.8857,7.9224,739500
2010-05-27,7.9957,8.2767,7.9957,8.2645,563000
2010-05-28,8.0873,8.3622,8.0873,8.2339,973300
2010-06-01,8.1056,8.2583,7.9346,7.9407,899400
2010-06-02,8.0751,8.2461,8.0323,8.2461,542400
2010-06-03,8.1912,8.3500,8.1912,8.3011,944700
2010-06-04,8.2034,8.2950,8.0629,8.1179,701000
2010-06-07,8.1606,8.3439,8.0934,8.1362,561400
2010-06-08,8.2645,8.2950,7.9713,8.1545,683700
2010-06-09,8.2461,8.3378,8.0629,8.1179,658600
2010-06-10,8.1728,8.3561,8.1606,8.3561,1229800
2010-06-11,8.1667,8.4294,8.0934,8.3988,766700
2010-06-14,8.4172,8.4233,8.1606,8.1789,709200
2010-06-15,8.3133,8.4049,8.2461,8.4049,402400
2010-06-16,8.3194,8.3744,8.2156,8.3500,195800
2010-06-17,8.2950,8.3683,8.2400,8.2950,415100
2010-06-18,8.2828,8.2950,8.2217,8.2583,319200
2010-06-21,8.3072,8.3500,8.2095,8.2217,430400
2010-06-22,8.2645,8.2645,8.1362,8.1606,706200
2010-06-23,8.1606,8.2156,8.0629,8.1912,370200
2010-06-24,8.0751,8.1728,8.0201,8.0690,164600
2010-06-25,8.1362,8.3439,8.1362,8.2583,472300
2010-06-28,8.2339,8.3072,8.1912,8.2400,149500
2010-06-29,8.0934,8.1484,7.9529,7.9835,706000
2010-06-30,8.0140,8.0323,7.8552,7.9285,844000
2010-07-01,7.7453,7.8918,7.6842,7.8369,1193800
2010-07-02,7.8613,7.9285,7.7880,7.8247,546600
2010-07-06,8.1117,8.1362,8.0079,8.0568,966900
2010-07-07,8.0079,8.0873,7.9835,8.0812,1280600
2010-07-08,8.1545,8.2095,8.0751,8.1117,1049200
2010-07-09,8.0751,8.0934,8.0323,8.0629,478400
2010-07-12,8.0629,8.1240,8.0568,8.1179,557200
2010-07-13,8.1301,8.2583,8.0690,8.2095,1260900
2010-07-14,8.0262,8.1240,8.0262,8.1056,337800
2010-07-15,8.0690,8.1056,7.9651,8.1056,355600
2010-07-16,8.0201,8.0384,7.9224,7.9224,398700
2010-07-19,7.9407,8.0201,7.9224,8.0140,188800
2010-07-20,7.9102,8.0873,7.8980,8.0690,278000
2010-07-21,8.0262,8.0323,7.8735,7.8980,508200
2010-07-22,8.2095,8.3378,8.1606,8.2950,563600
2010-07-23,8.2828,8.3500,8.2217,8.3194,461300
2010-07-26,8.2889,8.5515,8.2767,8.5088,593500
2010-07-27,8.7287,8.7592,8.6432,8.6920,695800
2010-07-28,8.8508,8.8508,8.7226,8.7837,412800
2010-07-29,8.8447,8.8936,8.7042,8.8142,603100
2010-07-30,8.8447,8.8692,8.7409,8.8570,731700
2010-08-02,9.0891,9.1929,9.0891,9.1929,644200
2010-08-03,9.1318,9.2173,9.0952,9.1379,507000
2010-08-04,9.1624,9.1868,9.1257,9.1685,388600
2010-08-05,9.2234,9.2723,9.1868,9.2418,423100
2010-08-06,9.2357,9.3029,9.2234,9.2723,464400
2010-08-09,9.3578,9.3945,9.2051,9.3029,564800
2010-08-10,9.1868,9.2540,9.1135,9.2357,232200
2010-08-11,9.1501,9.1501,8.9791,9.0158,468100
2010-08-12,8.8570,8.9241,8.7837,8.9119,437100
2010-08-13,8.9364,9.0280,8.9119,9.0158,213100
2010-08-16,9.0036,9.1929,8.9852,9.1624,382400
2010-08-17,9.1135,9.1624,9.0707,9.1257,369400
2010-08-18,9.0830,9.1135,9.0219,9.0585,308900
2010-08-19,8.9669,9.1013,8.9180,9.0158,305600
2010-08-20,8.9852,9.1624,8.9852,9.1440,489100
2010-08-23,9.1440,9.3029,9.1440,9.2662,464500
2010-08-24,9.1624,9.2173,9.1135,9.1807,698000
2010-08-25,9.1318,9.1807,9.0707,9.1624,969700
2010-08-26,9.1563,9.2601,9.1257,9.2112,578000
2010-08-27,9.3945,9.6999,9.3945,9.6999,685900
2010-08-30,9.6205,9.6327,9.4617,9.4617,602700
2010-08-31,9.5472,9.7060,9.4800,9.6816,959400
2010-09-01,9.7243,9.7976,9.5655,9.6571,1466600
2010-09-02,9.8526,9.8526,9.7610,9.8221,867800
2010-09-03,9.9870,10.1397,9.9870,10.0847,552600
2010-09-07,9.9381,10.0175,9.9137,9.9564,431300
2010-09-08,9.9320,10.0725,9.9076,10.0297,679100
2010-09-09,10.0175,10.0420,9.9625,10.0236,223800
2010-09-10,9.9992,10.1091,9.9992,10.0908,163500
2010-09-13,10.1519,10.2618,10.1519,10.2618,256100
2010-09-14,10.2191,10.3840,10.2191,10.3351,331900
2010-09-15,10.2435,10.2863,10.2374,10.2680,342600
2010-09-16,10.2252,10.2252,10.0725,10.1519,398000
2010-09-17,10.1641,10.2191,10.1091,10.1458,474500
2010-09-20,10.2008,10.2802,10.0847,10.2496,486700
2010-09-21,10.2618,10.2618,10.1153,10.2313,323200
2010-09-22,10.2924,10.2985,10.2008,10.2618,227800
2010-09-23,10.1580,10.2130,10.1153,10.1885,230400
2010-09-24,10.2680,10.3168,10.1824,10.3107,226200
2010-09-27,10.2863,10.2863,10.1397,10.2252,227600
2010-09-28,10.1885,10.2924,10.0725,10.2863,226900
2010-09-29,10.0725,10.1153,9.9992,10.0786,402700
2010-09-30,10.2618,10.2741,10.2008,10.2374,602000
2010-10-01,10.3718,10.4512,10.3474,10.4023,594500
2010-10-04,10.4329,10.5184,10.3840,10.4940,878700
2010-10-05,10.5978,10.7200,10.5734,10.7200,631000
2010-10-06,11.1475,11.1720,11.0132,11.1353,1041800
2010-10-07,11.2819,11.3002,11.1048,11.2025,626400
2010-10-08,11.2880,11.2880,11.1537,11.2453,537400
2010-10-11,11.2147,11.2331,11.1109,11.1781,286100
2010-10-12,11.3980,11.4407,11.2086,11.4102,970300
2010-10-13,11.7462,11.8378,11.6423,11.7706,1116500
2010-10-14,11.7706,11.7889,11.5873,11.6179,1132900
2010-10-15,11.5812,11.6484,11.4530,11.6484,1226900
2010-10-18,11.6362,11.6729,11.5201,11.6729,271500
2010-10-19,11.4591,11.4835,11.1048,11.1964,850900
2010-10-20,11.3002,11.5140,11.2575,11.4163,440000
2010-10-21,11.4835,11.5446,11.3002,11.4346,355900
2010-10-22,11.6362,11.7217,11.6057,11.7095,455400
2010-10-25,11.5263,11.6362,11.3491,11.3858,457200
2010-10-26,11.3064,11.3980,11.3002,11.3674,491900
2010-10-27,10.8116,10.8727,10.6222,10.7444,851900
2010-10-28,10.9521,10.9948,10.8543,10.9521,616600
2010-10-29,10.9154,11.0132,10.8788,10.9521,446100
2010-11-01,11.0804,11.0804,10.9215,11.0254,472700
2010-11-02,11.0498,11.2086,11.0132,11.2086,440300
2010-11-03,11.2941,11.3064,11.1353,11.3064,419700
2010-11-04,11.7462,11.7828,11.5568,11.6790,966500
2010-11-05,11.7034,11.8011,11.6606,11.7950,697700
2010-11-08,11.7889,11.8683,11.7217,11.8622,853100
2010-11-09,11.8866,12.1737,11.8805,11.9660,1141900
2010-11-10,11.7828,11.8195,11.6362,11.7462,1651200
2010-11-11,11.6179,11.6423,11.5568,11.5812,738600
2010-11-12,11.5079,11.7034,11.4896,11.5446,511600
2010-11-15,11.5446,11.5446,11.4346,11.4713,438400
2010-11-16,11.2758,11.3430,11.0926,11.1598,872600
2010-11-17,11.0987,11.2880,11.0376,11.1781,227300
2010-11-18,11.4713,11.4896,11.3308,11.4224,326200
2010-11-19,11.3980,11.4774,11.2636,11.4713,181500
2010-11-22,11.1598,11.1842,10.9704,11.1231,1339200
2010-11-23,10.5489,10.6467,10.4512,10.6222,1481600
2010-11-24,10.8605,10.9765,10.4634,10.9276,575100
2010-11-26,10.4329,10.8116,10.4329,10.7749,296100
2010-11-29,10.6772,10.6833,10.5367,10.5917,767900
2010-11-30,10.3413,10.4756,10.3351,10.4084,506700
2010-12-01,10.4634,10.6161,10.4146,10.5428,1013000
2010-12-02,10.4573,10.5428,10.3901,10.5123,500000
2010-12-03,10.4268,10.4573,10.3535,10.4146,451200
2010-12-06,10.4817,10.5550,10.4451,10.5184,957500
2010-12-07,10.6406,10.6833,10.4940,10.5428,367600
2010-12-08,10.4512,10.4512,10.2680,10.3901,333700
2010-12-09,10.3351,10.3657,10.2313,10.2924,960300
2010-12-10,10.2618,10.2863,10.2130,10.2496,607200
2010-12-13,10.4084,10.5550,10.4084,10.4940,461600
2010-12-14,10.4329,10.4817,10.3535,10.3779,706400
2010-12-15,10.1885,10.2008,10.0297,10.0847,449900
2010-12-16,10.1641,10.3168,10.1153,10.2741,546700
2010-12-17,9.9564,10.1275,9.9564,10.0664,645700
2010-12-20,10.0603,10.1519,9.9931,10.0847,498700
2010-12-21,10.1702,10.2863,10.1336,10.1947,192000
2010-12-22,10.1458,10.2618,10.1275,10.2435,244600
2010-12-23,10.3413,10.4879,10.3413,10.4146,268700
2010-12-27,10.3474,10.5428,10.3351,10.5184,282900
2010-12-28,10.3229,10.4329,10.3168,10.3779,149700
2010-12-29,10.3413,10.5123,10.3413,10.5001,197900
2010-12-30,10.5917,10.6222,10.5428,10.5795,219800
2010-12-31,10.5306,10.5734,10.3657,10.4634,244100
2011-01-03,10.4756,10.5306,10.4695,10.5184,138800
2011-01-04,10.6528,10.6894,10.5612,10.6467,525300
2011-01-05,10.6894,10.8482,10.6894,10.8299,296700
2011-01-06,10.7933,10.7994,10.6406,10.6650,171900
2011-01-07,10.6467,10.6528,10.4512,10.5001,300800
2011-01-10,10.5062,10.5734,10.4268,10.5734,412800
2011-01-11,10.5673,10.6039,10.5123,10.5978,318900
2011-01-12,10.6406,10.7444,10.5917,10.7200,529300
2011-01-13,10.6833,10.7627,10.6283,10.6650,262700
2011-01-14,10.3535,10.4268,10.2680,10.4146,544800
2011-01-18,10.4084,10.4084,10.2130,10.2496,597200
2011-01-19,10.1885,10.2557,10.0786,10.1336,369900
2011-01-20,9.9320,9.9809,9.8465,9.9564,450300
2011-01-21,9.9259,9.9381,9.6999,9.7610,589000
2011-01-24,9.7671,9.9320,9.7488,9.9137,745900
2011-01-25,9.9076,10.0053,9.9015,9.9564,297200
2011-01-26,9.7488,9.8343,9.6938,9.8343,2207800
2011-01-27,9.8221,9.8404,9.7243,9.8037,1358700
2011-01-28,9.5899,9.5899,9.2418,9.2906,2543200
2011-01-31,9.3762,9.5044,9.3395,9.4433,2571100
2011-02-01,9.5594,9.6999,9.4922,9.6571,1081800
2011-02-02,9.6388,9.8465,9.5838,9.8221,1333900
2011-02-03,9.7060,9.7915,9.6144,9.6999,517600
2011-02-04,9.6632,9.6632,9.4922,9.5960,788200
2011-02-07,9.6571,9.7060,9.6022,9.6877,411900
2011-02-08,9.6877,9.7426,9.6816,9.7243,260000
2011-02-09,9.7549,9.7915,9.5960,9.6632,1128700
2011-02-10,9.6144,9.6877,9.5411,9.6693,372900
2011-02-11,9.5655,9.7915,9.5472,9.7732,480500
2011-02-14,9.6816,9.7488,9.6388,9.7426,1237900
2011-02-15,9.7121,9.7732,9.6755,9.7121,392600
2011-02-16,9.7549,9.8282,9.7243,9.7915,404300
2011-02-17,9.8037,10.0603,9.7793,10.0297,670900
2011-02-18,10.1519,10.2863,10.1214,10.1947,901900
2011-02-22,9.7610,9.8343,9.6510,9.6877,556500
2011-02-23,9.6510,9.6877,9.5044,9.6205,612200
2011-02-24,8.7226,8.7959,8.4721,8.6432,1888300
2011-02-25,8.6187,8.6554,8.5882,8.6187,783600
2011-02-28,8.4599,8.6065,8.4233,8.5943,1253300
2011-03-01,8.3622,8.4294,8.1728,8.2217,1602200
2011-03-02,8.0629,8.2095,8.0140,8.1117,1718000
2011-03-03,8.3011,8.3378,8.2278,8.3255,2426900
2011-03-04,8.3927,8.5515,8.3255,8.5210,1529300
2011-03-07,8.3805,8.4966,8.3683,8.4233,1231500
2011-03-08,8.5271,8.7837,8.5271,8.7775,898500
2011-03-09,8.7714,8.8631,8.7714,8.7898,1058000
2011-03-10,8.7775,8.7898,8.6309,8.6493,1585600
2011-03-11,8.6004,8.7165,8.5760,8.6859,1246300
2011-03-14,8.6981,8.8447,8.6676,8.8325,777200
2011-03-15,8.5821,8.8264,8.5638,8.7959,931600
2011-03-16,8.7714,8.8325,8.5515,8.6371,917800
2011-03-17,8.7775,8.7959,8.7042,8.7226,533200
2011-03-18,8.8814,8.8814,8.7592,8.7714,489700
2011-03-21,8.8631,8.8875,8.8264,8.8814,417000
2011-03-22,9.0524,9.1929,9.0158,9.1807,732200
2011-03-23,9.1196,9.3456,9.1013,9.3151,716500
2011-03-24,9.4739,9.4861,9.3762,9.4495,768700
2011-03-25,9.3578,9.4067,9.2906,9.3762,408600
2011-03-28,9.3212,9.3456,9.1990,9.2601,568400
2011-03-29,9.0585,9.1685,8.9669,9.1685,519700
2011-03-30,9.1013,9.2662,9.1013,9.2357,1187900
2011-03-31,9.1563,9.2540,9.1440,9.1807,662100
2011-04-01,9.2662,9.4433,9.2479,9.4189,448800
2011-04-04,9.4311,9.5594,9.4311,9.4922,585400
2011-04-05,9.5166,9.5594,9.4678,9.5289,236400
2011-04-06,9.5777,9.6205,9.4983,9.5289,279500
2011-04-07,9.5716,9.6205,9.3762,9.4250,1061300
2011-04-08,9.4556,9.4556,9.2845,9.3212,641100
2011-04-11,9.2296,9.2662,9.1440,9.1685,517600
2011-04-12,9.0891,9.1501,8.9974,9.0036,448100
2011-04-13,9.0830,9.0891,9.0036,9.0463,262500
2011-04-14,9.0707,9.0952,9.0402,9.0830,441700
2011-04-15,9.0646,9.1135,8.9730,9.0952,308500
2011-04-18,8.8081,8.8447,8.6248,8.7775,861300
2011-04-19,8.8203,8.9730,8.8203,8.9486,330200
2011-04-20,9.0891,9.1868,9.0585,9.1440,805600
2011-04-21,9.1868,9.2967,9.1685,9.2723,285700
2011-04-25,9.1440,9.2173,8.9119,9.0280,581000
2011-04-26,9.0097,9.2112,8.9669,9.0768,1400000
2011-04-27,9.0280,9.0585,8.8508,8.9669,717800
2011-04-28,8.9119,8.9180,8.8325,8.8997,488700
2011-04-29,8.9486,9.0524,8.9180,9.0402,497000
2011-05-02,9.0463,9.1563,9.0463,9.0707,618800
2011-05-03,8.9486,8.9974,8.9180,8.9913,446800
2011-05-04,8.9364,8.9486,8.8631,8.8875,385200
2011-05-05,8.7898,8.8325,8.7104,8.7470,708800
2011-05-06,8.8447,8.8508,8.7104,8.7470,463600
2011-05-09,8.7653,8.8570,8.7348,8.8081,414000
2011-05-10,8.6432,8.7592,8.6248,8.7348,1120300
2011-05-11,8.6004,8.6676,8.5638,8.5882,1210800
2011-05-12,8.6187,8.8386,8.5760,8.7592,903000
2011-05-13,8.6859,8.6859,8.5393,8.5821,3172400
2011-05-16,8.5882,8.9119,8.5882,8.7653,1620200
2011-05-17,8.6554,8.7714,8.6554,8.7531,445400
2011-05-18,8.6309,8.7409,8.5821,8.7348,656900
2011-05-19,8.7226,8.7837,8.6798,8.7165,626000
2011-05-20,8.6432,8.7104,8.6187,8.6676,443900
2011-05-23,8.5515,8.6065,8.5515,8.5760,1443900
2011-05-24,8.6004,8.6187,8.5638,8.5760,300000
2011-05-25,8.5638,8.6371,8.5515,8.6065,298800
2011-05-26,8.5943,8.6493,8.5576,8.6309,298000
2011-05-27,8.5882,8.6065,8.4843,8.5638,1770300
2011-05-31,8.5576,8.6187,8.5454,8.5943,1614000
2011-06-01,8.6004,8.7104,8.5393,8.6065,1883900
2011-06-02,8.6371,8.7104,8.5454,8.6981,592000
2011-06-03,8.5882,8.7592,8.5882,8.6615,472000
2011-06-06,8.6676,8.6798,8.5515,8.5760,363400
2011-06-07,8.6187,8.6615,8.5821,8.5882,450900
2011-06-08,8.5699,8.6432,8.5454,8.5576,1351700
2011-06-09,8.5332,8.5393,8.4416,8.5027,963700
2011-06-10,8.4538,8.4599,8.2583,8.3011,1504200
2011-06-13,8.1850,8.2156,7.9957,8.1667,1564500
2011-06-14,8.1301,8.2461,8.1056,8.1912,645500
2011-06-15,8.0018,8.1240,7.9774,8.0384,1008300
2011-06-16,8.0384,8.1728,8.0201,8.0995,697300
2011-06-17,8.2645,8.3744,8.1667,8.3500,1613200
2011-06-20,8.3255,8.3805,8.2583,8.3194,1438400
2011-06-21,8.4782,8.5699,8.4538,8.5576,868500
2011-06-22,8.4905,8.5821,8.4843,8.5332,656100
2011-06-23,8.4477,8.5576,8.4355,8.5454,670500
2011-06-24,8.4599,8.4721,8.3683,8.4049,286100
2011-06-27,8.3561,8.4721,8.3133,8.4538,209600
2011-06-28,8.3500,8.3988,8.2950,8.3866,536200
2011-06-29,8.3561,8.4599,8.3378,8.4111,428200
2011-06-30,8.3378,8.3622,8.2034,8.2767,911300
2011-07-01,8.2950,8.3988,8.2278,8.3744,464200
2011-07-05,8.3133,8.4111,8.2767,8.2889,937000
2011-07-06,8.2950,8.3805,8.2583,8.3133,355700
2011-07-07,8.3316,8.4721,8.3255,8.4233,358300
2011-07-08,8.2828,8.3194,8.2400,8.3194,409800
2011-07-11,8.1117,8.1240,8.0262,8.0446,420000
2011-07-12,8.0262,8.0812,8.0018,8.0018,319100
2011-07-13,7.9468,8.0995,7.9224,8.0079,472300
2011-07-14,8.0507,8.0690,7.9285,7.9529,284500
2011-07-15,7.9468,7.9529,7.8613,7.8796,624300
2011-07-18,7.6658,7.7941,7.6536,7.7269,644000
2011-07-19,7.6842,7.7391,7.6597,7.7391,418900
2011-07-20,7.7269,7.7269,7.6475,7.6842,245300
2011-07-21,7.5742,7.8369,7.5498,7.8124,999500
2011-07-22,7.7391,7.7880,7.6414,7.7514,1389400
2011-07-25,7.5437,7.7086,7.5315,7.5925,668000
2011-07-26,7.7941,7.8186,7.7025,7.7636,493900
2011-07-27,7.8063,7.8186,7.7086,7.7514,652200
2011-07-28,7.8980,8.0140,7.8308,7.8613,705100
2011-07-29,7.7697,7.9957,7.7330,7.8186,1584900
2011-08-01,7.8063,7.8369,7.5742,7.6964,816400
2011-08-02,7.6720,7.7330,7.5559,7.5925,1186000
2011-08-03,7.5925,7.6109,7.3910,7.5315,571800
2011-08-04,7.3604,7.3604,7.0733,7.1222,1336300
2011-08-05,7.4154,7.5437,7.2810,7.3665,1680000
2011-08-08,6.9512,7.1161,6.8901,6.9084,1893100
2011-08-09,7.0856,7.2566,6.9267,7.2261,1570300
2011-08-10,6.9267,6.9939,6.6458,6.6458,1162600
2011-08-11,6.7313,6.9329,6.6274,6.8657,828100
2011-08-12,6.6458,6.7007,6.5480,6.6397,1128900
2011-08-15,6.7130,6.8901,6.7007,6.8596,609400
2011-08-16,6.6458,6.8779,6.6274,6.7740,760200
2011-08-17,6.7679,6.8168,6.6641,6.7069,514800
2011-08-18,6.4442,6.5603,6.3953,6.4931,787300
2011-08-19,6.4564,6.5664,6.3953,6.4014,356200
2011-08-22,6.4870,6.5358,6.3159,6.3281,305600
2011-08-23,6.2671,6.4931,6.2182,6.4870,629600
2011-08-24,6.4014,6.5603,6.3770,6.5419,1488300
2011-08-25,6.6641,6.6885,6.5358,6.5358,613600
2011-08-26,6.6580,6.7374,6.5725,6.6458,633200
2011-08-29,6.7130,6.8534,6.6885,6.7130,330300
2011-08-30,6.7191,6.7618,6.6458,6.7130,215800
2011-08-31,6.8107,6.9145,6.7740,6.8779,278600
2011-09-01,6.8779,6.9817,6.7863,6.8657,469600
2011-09-02,6.7130,6.7496,6.6274,6.6946,540700
2011-09-06,6.5969,6.6763,6.5541,6.6274,764000
2011-09-07,6.6580,6.7496,6.5847,6.7496,925700
2011-09-08,6.8779,7.0123,6.8046,6.9145,1678300
2011-09-09,6.9206,6.9451,6.8596,6.9267,5139700
2011-09-12,6.8718,7.0856,6.8718,7.0733,1457900
2011-09-13,7.4948,7.5131,7.3360,7.4093,1112700
2011-09-14,7.2383,7.3971,7.1405,7.3604,1078900
2011-09-15,7.3116,7.3482,7.2688,7.3482,961200
2011-09-16,7.3299,7.3482,7.2749,7.3116,398100
2011-09-19,7.1833,7.2749,7.1405,7.2688,343300
2011-09-20,7.3788,7.6842,7.3421,7.5131,894800
2011-09-21,7.4032,7.4459,7.2444,7.2444,655700
2011-09-22,7.0795,7.2444,7.0184,7.2077,2568300
2011-09-23,7.1528,7.3238,7.1100,7.1955,1127900
2011-09-26,7.1528,7.4276,7.1405,7.3482,1641100
2011-09-27,7.4521,7.5864,7.4032,7.4276,1671900
2011-09-28,7.4459,7.4704,7.1161,7.1650,1996000
2011-09-29,7.2383,7.2932,7.0367,7.1100,1481100
2011-09-30,6.9329,7.0428,6.8412,6.8901,2754600
2011-10-03,6.9695,7.0917,6.9206,6.9329,2475700
2011-10-04,6.9390,7.0550,6.8290,6.9573,3193400
2011-10-05,6.8534,6.9329,6.7557,6.9023,2323300
2011-10-06,6.9206,6.9573,6.8046,6.8473,1352300
2011-10-07,6.8840,6.8962,6.7069,6.7863,3098300
2011-10-10,6.8596,6.9512,6.8412,6.9145,1699100
2011-10-11,6.7985,6.9206,6.7740,6.8840,2292800
2011-10-12,7.1833,7.3116,7.1589,7.2688,1652000
2011-10-13,7.1772,7.3421,7.1711,7.3238,1169300
2011-10-14,7.4276,7.4582,7.3360,7.4582,574500
2011-10-17,7.2688,7.2932,7.2199,7.2505,935900
2011-10-18,7.3543,7.5131,7.3299,7.4643,623300
2011-10-19,7.3726,7.3910,7.2566,7.2810,916700
2011-10-20,7.2077,7.2566,7.1772,7.2322,733800
2011-10-21,7.2444,7.3665,7.2261,7.3604,430900
2011-10-24,7.2077,7.4398,7.1711,7.4215,566600
2011-10-25,7.3604,7.4093,7.2749,7.3299,316600
2011-10-26,7.4887,7.5009,7.3177,7.4765,736700
2011-10-27,7.6048,7.8857,7.5925,7.8124,974900
2011-10-28,7.8186,7.8552,7.7391,7.7636,870200
2011-10-31,7.7514,7.7697,7.5254,7.5254,416200
2011-11-01,7.3177,7.3604,7.2505,7.2810,791300
2011-11-02,7.4826,7.5925,7.4704,7.5742,650400
2011-11-03,8.0079,8.2583,7.8980,8.2095,886700
2011-11-04,8.0446,8.0812,7.9529,7.9957,523200
2011-11-07,8.0568,8.0690,7.9285,8.0201,364300
2011-11-08,8.0812,8.1667,7.8857,8.1362,612700
2011-11-09,7.9713,7.9713,7.8308,7.8735,861400
2011-11-10,8.1056,8.1240,7.9835,8.0751,426700
2011-11-11,8.2461,8.2828,8.1606,8.2522,656800
2011-11-14,8.1117,8.1484,7.9896,7.9957,1036800
2011-11-15,7.8796,8.0018,7.8491,7.9713,526700
2011-11-16,7.8796,8.0201,7.8613,7.9346,1708600
2011-11-17,7.8735,7.9835,7.7880,7.8124,803500
2011-11-18,7.8552,7.8918,7.7941,7.8002,182200
2011-11-21,7.5803,7.5987,7.4826,7.5559,211100
2011-11-22,7.5254,7.6536,7.4887,7.6353,313900
2011-11-23,7.3665,7.3665,7.2199,7.2199,585400
2011-11-25,7.0062,7.1650,6.9695,7.1283,340200
2011-11-28,7.4582,7.5620,7.3910,7.4643,253800
2011-11-29,7.4459,7.4948,7.3726,7.3910,213900
2011-11-30,7.5864,7.6964,7.5498,7.6964,380800
2011-12-01,7.5192,7.6048,7.4765,7.5681,232800
2011-12-02,7.5803,7.6170,7.4337,7.5009,321800
2011-12-05,7.5803,7.5803,7.4521,7.4643,276700
2011-12-06,7.4887,7.5315,7.3971,7.4459,665100
2011-12-07,7.4765,7.4765,7.3726,7.4398,595100
2011-12-08,7.4398,7.4398,7.1833,7.2383,382000
2011-12-09,7.2383,7.3116,7.2138,7.2199,334900
2011-12-12,7.2627,7.2932,7.0672,7.1650,396300
2011-12-13,7.3177,7.3482,7.0733,7.1039,614300
2011-12-14,7.1466,7.2199,7.1161,7.1405,473400
2011-12-15,7.3910,7.3910,7.1650,7.2322,518200
2011-12-16,7.2016,7.2566,7.0978,7.1161,353900
2011-12-19,7.1344,7.1466,6.9756,7.0733,652100
2011-12-20,7.3055,7.4276,7.3055,7.3910,289300
2011-12-21,7.3238,7.3238,7.2505,7.2871,316600
2011-12-22,7.1894,7.3116,7.1466,7.2994,367900
2011-12-23,7.2566,7.2566,7.1711,7.1955,354100
2011-12-27,7.2871,7.3543,7.2444,7.3055,244400
2011-12-28,7.2810,7.2810,7.0856,7.1650,227700
2011-12-29,7.1283,7.2566,7.1161,7.1405,292700
2011-12-30,7.2444,7.3116,7.1528,7.1833,348800
2012-01-03,7.3055,7.3971,7.2688,7.3299,226100
2012-01-04,7.2871,7.2871,7.1589,7.2505,310500
2012-01-05,7.2261,7.2871,7.1589,7.2322,231100
2012-01-06,7.2322,7.2566,7.1589,7.2261,158200
2012-01-09,7.3238,7.3238,7.1650,7.2444,271800
2012-01-10,7.3055,7.3299,7.2566,7.3116,227500
2012-01-11,7.2810,7.3116,7.2444,7.2871,132900
2012-01-12,7.3971,7.4276,7.3238,7.4032,287600
2012-01-13,7.3299,7.4337,7.2932,7.4276,268000
2012-01-17,7.4826,7.5925,7.4643,7.5559,435700
2012-01-18,7.4582,7.5925,7.4154,7.5925,259900
2012-01-19,7.5131,7.5498,7.4398,7.5009,225100
2012-01-20,7.5254,7.5498,7.4826,7.5009,202900
2012-01-23,7.5254,7.6170,7.5009,7.5376,494300
2012-01-24,7.4887,7.5254,7.4337,7.4643,454100
2012-01-25,7.4948,7.6109,7.4276,7.6048,600300
2012-01-26,7.6658,7.7147,7.5987,7.5987,248500
2012-01-27,7.8247,7.9163,7.8247,7.9041,212100
2012-01-30,7.8430,7.9041,7.7636,7.9041,199200
2012-01-31,7.8857,7.9224,7.7697,7.8735,825300
2012-02-01,7.9590,8.1056,7.9468,8.0140,481500
2012-02-02,8.0262,8.0995,7.9896,8.0384,238200
2012-02-03,8.1850,8.2339,8.1728,8.2217,308200
2012-02-06,8.1301,8.2950,8.1179,8.2217,243500
2012-02-07,8.2217,8.2461,8.1423,8.2156,355200
2012-02-08,8.2156,8.3072,8.2034,8.2645,296300
2012-02-09,8.1789,8.2278,8.0995,8.1728,272000
2012-02-10,8.0384,8.0690,7.9774,8.0018,190700
2012-02-13,8.1240,8.2034,8.1117,8.1362,331500
2012-02-14,8.0690,8.0751,7.9774,8.0690,229400
2012-02-15,8.0629,8.1667,8.0629,8.1362,218100
2012-02-16,8.1606,8.2645,8.1056,8.2461,273300
2012-02-17,8.4172,8.5149,8.4111,8.5027,381700
2012-02-21,8.5454,8.6126,8.4782,8.5271,296900
2012-02-22,8.4721,8.4721,8.3500,8.3866,173300
2012-02-23,8.1606,8.2706,8.0873,8.2339,295500
2012-02-24,8.1973,8.2889,8.1850,8.2400,152200
2012-02-27,8.0323,8.1545,7.9713,8.1179,265900
2012-02-28,8.2278,8.2583,8.1789,8.2522,143400
2012-02-29,8.3500,8.3988,8.2706,8.3072,248300
2012-03-01,8.2950,8.3378,8.2339,8.2706,291000
2012-03-02,8.2461,8.2706,8.1973,8.2583,137100
2012-03-05,8.0690,8.1301,8.0018,8.0812,163000
2012-03-06,7.9346,7.9346,7.8369,7.8552,141600
2012-03-07,7.8552,7.8552,7.7941,7.8308,228700
2012-03-08,8.1240,8.1484,8.0018,8.0690,413500
2012-03-09,8.0629,8.0629,8.0079,8.0323,144100
2012-03-12,8.0262,8.0262,7.9590,7.9835,128600
2012-03-13,8.0690,8.1117,8.0079,8.0690,239000
2012-03-14,8.2400,8.2889,8.0201,8.0446,2139600
2012-03-15,8.0507,8.0873,7.9468,7.9835,918200
2012-03-16,8.0751,8.1850,8.0384,8.1423,1212000
2012-03-19,8.0323,8.0384,7.9041,7.9224,327800
2012-03-20,7.8674,7.9896,7.8369,7.9407,376000
2012-03-21,7.9346,7.9651,7.8613,7.9102,338200
2012-03-22,7.8552,7.8857,7.7086,7.7147,514900
2012-03-23,7.7758,7.8247,7.7269,7.7269,479700
2012-03-26,7.9407,8.0323,7.8674,8.0323,596900
2012-03-27,7.9835,8.0018,7.8918,7.9041,774200
2012-03-28,7.9224,7.9285,7.8063,7.8613,770700
2012-03-29,7.8063,7.8308,7.7147,7.7269,834100
2012-03-30,7.7758,7.7941,7.6720,7.6964,1763200
2012-04-02,7.6781,7.7330,7.6658,7.6903,994400
2012-04-03,7.6781,7.6964,7.5987,7.6414,3109200
2012-04-04,7.5864,7.6109,7.5254,7.5376,766100
2012-04-05,7.5315,7.6170,7.5315,7.5864,488800
2012-04-09,7.4704,7.5864,7.4276,7.5192,441400
2012-04-10,7.5070,7.5192,7.3299,7.3543,530100
2012-04-11,7.4948,7.5376,7.4337,7.4948,455000
2012-04-12,7.5254,7.6597,7.5009,7.6414,513100
2012-04-13,7.6170,7.6170,7.5131,7.5131,523600
2012-04-16,7.5192,7.5376,7.3788,7.3971,569000
2012-04-17,7.4582,7.4765,7.3788,7.3971,330500
2012-04-18,7.3543,7.3971,7.3055,7.3360,441700
2012-04-19,7.3299,7.4521,7.2994,7.3360,252200
2012-04-20,7.3299,7.3910,7.3116,7.3421,492400
2012-04-23,7.2749,7.2810,7.1528,7.2688,400500
2012-04-24,7.3055,7.3482,7.2505,7.3055,337600
2012-04-25,7.3788,7.4093,7.3543,7.3971,221800
2012-04-26,7.5070,7.5620,7.4887,7.5498,708800
2012-04-27,7.5987,7.6353,7.5315,7.6170,631300
2012-04-30,7.5864,7.5864,7.5070,7.5498,270000
2012-05-01,7.5070,7.6170,7.5070,7.5620,410600
2012-05-02,7.4704,7.5192,7.4154,7.4704,282000
2012-05-03,7.6658,7.7453,7.6414,7.7269,664300
2012-05-04,7.7758,7.8247,7.7086,7.7330,775300
2012-05-07,7.6475,7.7086,7.6170,7.6903,226000
2012-05-08,7.5254,7.5620,7.4154,7.4948,402700
2012-05-09,7.3788,7.3788,7.3177,7.3421,623000
2012-05-10,7.4337,7.4521,7.3482,7.3788,381800
2012-05-11,7.2322,7.3604,7.1833,7.2749,443900
2012-05-14,7.0428,7.0856,6.9573,6.9634,604700
2012-05-15,6.9634,6.9939,6.8657,6.8962,469700
2012-05-16,6.9573,7.0062,6.8596,6.8901,583300
2012-05-17,6.9145,6.9329,6.7863,6.8534,402300
2012-05-18,6.9023,6.9634,6.7069,6.7191,1041700
2012-05-21,6.7191,6.7496,6.6641,6.7069,652800
2012-05-22,6.7252,6.8290,6.7191,6.7740,460300
2012-05-23,6.6885,6.6946,6.5664,6.6274,782000
2012-05-24,6.6580,6.6946,6.6152,6.6580,240400
2012-05-25,6.9145,7.0062,6.8596,6.8962,542700
2012-05-29,6.9817,7.0062,6.9084,6.9390,663300
2012-05-30,6.8290,6.8290,6.7252,6.7313,182600
2012-05-31,6.7801,6.8046,6.5969,6.6152,527000
2012-06-01,6.7130,6.8229,6.6946,6.7740,401800
2012-06-04,6.7679,6.7801,6.6458,6.7069,411700
2012-06-05,6.6885,6.8046,6.6885,6.7252,296300
2012-06-06,6.7618,6.8779,6.7374,6.8290,234500
2012-06-07,6.8962,6.9267,6.8168,6.8290,138700
2012-06-08,6.7863,6.8840,6.7374,6.8779,146200
2012-06-11,6.8901,6.8901,6.7252,6.7313,395900
2012-06-12,6.8779,6.9817,6.8412,6.9695,320600
2012-06-13,6.9512,7.0123,6.9512,6.9695,325700
2012-06-14,6.9939,7.0428,6.9512,7.0184,327200
2012-06-15,7.0245,7.0550,7.0123,7.0367,429400
2012-06-18,7.0062,7.0428,6.9756,7.0306,173500
2012-06-19,7.0672,7.1405,7.0306,7.1344,216200
2012-06-20,7.1100,7.2016,7.0550,7.1955,445600
2012-06-21,7.1833,7.1894,7.0428,7.0611,335600
2012-06-22,7.2810,7.2932,7.1772,7.2566,432600
2012-06-25,7.3299,7.3543,7.2199,7.2627,768000
2012-06-26,7.2810,7.4337,7.2810,7.3971,1184500
2012-06-27,7.4765,7.5803,7.4276,7.5559,1127100
2012-06-28,7.4398,7.4826,7.3849,7.4521,1103100
2012-06-29,7.6964,7.8186,7.4521,7.6658,1154700
2012-07-02,7.6903,7.7025,7.5987,7.6903,602400
2012-07-03,7.6597,7.6658,7.6170,7.6353,303900
2012-07-05,7.6781,7.7147,7.6170,7.6475,473300
2012-07-06,7.7880,7.7941,7.7208,7.7819,434400
2012-07-09,7.8430,7.8980,7.7330,7.8552,399400
2012-07-10,7.8369,7.8613,7.7636,7.7758,379400
2012-07-11,7.8308,7.8308,7.7025,7.7453,208900
2012-07-12,7.6414,7.6842,7.6048,7.6720,599700
2012-07-13,7.7330,7.8857,7.7208,7.8613,391300
2012-07-16,7.8491,7.9407,7.8002,7.9285,934900
2012-07-17,7.9102,7.9285,7.8369,7.9041,457900
2012-07-18,7.8369,7.8796,7.8063,7.8369,186500
2012-07-19,7.8674,7.9224,7.7941,7.9041,379500
2012-07-20,7.8613,7.8735,7.7941,7.8124,231900
2012-07-23,7.7453,7.8369,7.6781,7.8369,995800
2012-07-24,7.8735,7.9041,7.7758,7.8857,402300
2012-07-25,8.0079,8.1912,7.9651,8.1667,938400
2012-07-26,8.3011,8.4599,8.3011,8.4416,751000
2012-07-27,8.5882,8.7042,8.5332,8.6676,942700
2012-07-30,8.6798,8.6920,8.5638,8.6126,1263100
2012-07-31,8.6126,8.6126,8.4294,8.4355,461700
2012-08-01,8.4294,8.4843,8.2217,8.2400,1629500
2012-08-02,8.3255,8.4233,8.2645,8.4111,424400
2012-08-03,8.6615,8.7531,8.6432,8.6737,529900
2012-08-06,8.7042,8.7165,8.6493,8.6737,408600
2012-08-07,8.7042,8.7042,8.6248,8.6432,334100
2012-08-08,8.5149,8.5271,8.3744,8.4233,518900
2012-08-09,8.3011,8.3500,8.2583,8.3378,467700
2012-08-10,8.3378,8.5699,8.3255,8.5454,368700
2012-08-13,8.4111,8.4599,8.3744,8.4477,177400
2012-08-14,8.3500,8.4294,8.3133,8.3805,375100
2012-08-15,8.3439,8.4843,8.3439,8.4660,280300
2012-08-16,8.4721,8.5393,8.4111,8.5210,224600
2012-08-17,8.5332,8.6371,8.5332,8.5943,149200
2012-08-20,8.5454,8.6248,8.4721,8.5149,159700
2012-08-21,8.4843,8.6309,8.4416,8.5638,257100
2012-08-22,8.7165,8.7714,8.6432,8.7470,457500
2012-08-23,8.6615,8.6676,8.4782,8.5271,980700
2012-08-24,8.4843,8.5393,8.4721,8.5088,300000
2012-08-27,8.5088,8.5638,8.4721,8.5332,343400
2012-08-28,8.6859,8.7287,8.6248,8.6676,386500
2012-08-29,8.6737,8.7042,8.6493,8.7042,350200
2012-08-30,8.6309,8.6859,8.3683,8.5149,1535700
2012-08-31,8.8570,9.1013,8.7470,9.0402,1594900
2012-09-04,8.9303,9.0585,8.9241,9.0219,1174900
2012-09-05,9.1746,9.2479,9.1685,9.2479,926900
2012-09-06,9.2479,9.2601,9.1563,9.1807,785500
2012-09-07,9.0341,9.0768,8.9730,9.0646,2673100
2012-09-10,9.0036,9.0463,8.9119,8.9669,250000
2012-09-11,8.9913,9.1379,8.9791,9.1013,244500
2012-09-12,9.0707,9.1074,9.0036,9.0158,791500
2012-09-13,9.1074,9.1868,9.0280,9.1746,2075200
2012-09-14,9.3273,9.3700,9.2112,9.2723,407300
2012-09-17,9.4189,9.5411,9.3212,9.3823,500500
2012-09-18,9.4250,9.4678,9.3151,9.3884,802000
2012-09-19,9.4067,9.4617,9.2784,9.3639,471200
2012-09-20,9.2845,9.3273,9.1807,9.2357,523000
2012-09-21,9.4433,9.4495,9.3517,9.4006,802800
2012-09-24,9.4128,9.4861,9.4067,9.4678,421400
2012-09-25,9.4983,9.5411,9.3823,9.3945,369800
2012-09-26,9.5350,9.5350,9.3456,9.4372,486200
2012-09-27,9.5105,9.5533,9.3884,9.4556,520900
2012-09-28,9.2540,9.2723,9.1929,9.2479,544400
2012-10-01,9.3456,9.3517,9.2112,9.3029,793600
2012-10-02,9.4128,9.4556,9.3334,9.3700,689200
2012-10-03,9.5044,9.5105,9.3395,9.3639,680400
2012-10-04,9.3212,9.3700,9.2784,9.3151,620300
2012-10-05,9.4800,9.5105,9.3823,9.4250,225600
2012-10-08,9.3700,9.4128,9.3151,9.3945,358100
2012-10-09,9.3639,9.4067,9.3090,9.3578,269900
2012-10-10,9.2357,9.2479,9.0952,9.1807,287600
2012-10-11,9.2418,9.2784,9.2173,9.2662,204900
2012-10-12,9.2723,9.3151,9.2112,9.2540,249100
2012-10-15,9.2173,9.3151,9.2051,9.2845,217700
2012-10-16,9.3029,9.3212,9.2601,9.3090,126000
2012-10-17,9.2906,9.3151,9.2479,9.2662,182400
2012-10-18,9.1990,9.2967,9.0524,9.2784,293500
2012-10-19,9.2723,9.3762,9.2357,9.2418,304600
2012-10-22,9.3090,9.3700,9.2601,9.3456,364200
2012-10-23,9.1807,9.2845,9.1074,9.2540,269800
2012-10-24,9.1563,9.3700,9.1563,9.3029,179200
2012-10-25,9.2784,9.3029,9.0952,9.1257,170200
2012-10-26,9.1257,9.1501,9.0524,9.1257,279100
2012-10-31,9.2173,9.3029,9.0402,9.2784,287600
2012-11-01,9.3151,9.3517,9.1746,9.1990,718300
2012-11-02,9.2296,9.2906,9.1868,9.2784,467900
2012-11-05,9.3151,9.3762,9.2906,9.3639,143700
2012-11-06,9.2662,9.2723,9.1990,9.2418,96600
2012-11-07,9.2601,9.3151,9.2112,9.2418,290300
2012-11-08,9.2601,9.3029,9.2112,9.2173,124200
2012-11-09,9.1379,9.1624,9.0830,9.1013,126800
2012-11-12,9.0952,9.1074,9.0036,9.0463,123400
2012-11-13,9.0402,9.1990,9.0036,9.1257,387100
2012-11-14,9.1135,9.1501,8.9913,9.0341,353900
2012-11-15,9.1624,9.2112,9.0952,9.1196,311500
2012-11-16,9.1563,9.1624,9.0463,9.1196,433200
2012-11-19,9.1318,9.1563,9.0952,9.1257,227100
2012-11-20,9.0952,9.1318,9.0830,9.1074,124800
2012-11-21,9.1013,9.1318,9.0280,9.0585,165200
2012-11-23,8.9852,9.0830,8.9669,9.0768,143900
2012-11-26,8.9791,9.0524,8.9791,9.0402,100500
2012-11-27,9.1074,9.1563,9.0097,9.0158,286300
2012-11-28,8.9913,9.0585,8.9547,9.0524,218500
2012-11-29,9.1807,9.2723,9.1807,9.2479,222000
2012-11-30,9.2112,9.2540,9.1685,9.2540,362500
2012-12-03,9.2784,9.3334,9.2296,9.2784,270600
2012-12-04,9.1990,9.3334,9.1746,9.3090,179600
2012-12-05,9.4433,9.4678,9.3884,9.4250,396600
2012-12-06,9.5594,9.6144,9.5166,9.5472,163200
2012-12-07,9.7610,9.8709,9.7488,9.8404,602800
2012-12-10,9.8098,9.8098,9.6877,9.7182,422600
2012-12-11,9.7426,9.7426,9.6755,9.6877,107800
2012-12-12,9.6388,9.6510,9.5655,9.6022,112000
2012-12-13,9.5533,9.5655,9.4922,9.5044,266600
2012-12-14,9.5594,9.5960,9.4922,9.5105,156500
2012-12-17,9.5105,9.5533,9.4739,9.5228,144000
2012-12-18,9.5289,9.5716,9.4800,9.5655,312400
2012-12-19,9.4678,9.4800,9.3700,9.4372,598400
2012-12-20,9.4800,9.7121,9.4800,9.6755,774200
2012-12-21,9.5228,9.6205,9.5105,9.5960,220100
2012-12-24,9.6388,9.6449,9.5472,9.5960,57200
2012-12-26,9.5960,9.6205,9.5166,9.5655,96500
2012-12-27,9.8282,9.8343,9.7304,9.7976,296900
2012-12-28,9.8282,9.8587,9.7426,9.8037,157600
2012-12-31,9.7426,9.8648,9.7426,9.8587,232000
2013-01-02,9.9503,9.9992,9.8831,9.8954,460000
2013-01-03,9.8954,10.0847,9.8831,10.0542,323100
2013-01-04,10.0664,10.1030,10.0420,10.0847,200700
2013-01-07,10.0786,10.1091,10.0236,10.0725,214500
2013-01-08,10.2374,10.2496,10.1214,10.1580,447000
2013-01-09,10.2741,10.3107,10.2130,10.2802,315900
2013-01-10,10.4268,10.4451,10.2924,10.3718,505000
2013-01-11,10.5978,10.6222,10.4940,10.5612,470600
2013-01-14,10.5612,10.5978,10.4940,10.5612,464500
2013-01-15,10.5367,10.5489,10.4756,10.5062,400200
2013-01-16,10.6161,10.7566,10.5978,10.7444,506800
2013-01-17,10.7872,10.8727,10.7810,10.8482,506700
2013-01-18,10.7322,10.7322,10.5428,10.6100,264800
2013-01-22,10.4268,10.5734,10.3840,10.5612,244600
2013-01-23,10.5428,10.6100,10.5245,10.6039,234900
2013-01-24,10.5917,10.5978,10.5062,10.5489,351200
2013-01-25,10.5856,10.6467,10.1824,10.4146,675000
2013-01-28,10.2191,10.2374,10.0725,10.0908,1316900
2013-01-29,10.2191,10.3107,10.1824,10.3046,306600
2013-01-30,9.6816,9.6877,9.4495,9.5533,837600
2013-01-31,9.6388,9.6877,9.5289,9.5533,697600
2013-02-01,9.5411,9.5777,9.4250,9.5228,862700
2013-02-04,9.4739,9.5838,9.4189,9.5105,1565700
2013-02-05,9.5655,9.5655,9.4678,9.5105,273100
2013-02-06,9.4739,9.4861,9.3762,9.4250,492100
2013-02-07,9.7243,9.8709,9.6205,9.6632,415600
2013-02-08,9.7060,9.8159,9.7060,9.7426,331200
2013-02-11,9.7243,9.7549,9.6693,9.6816,901900
2013-02-12,9.7549,9.7915,9.7182,9.7549,294400
2013-02-13,9.7915,9.8159,9.6571,9.6632,336000
2013-02-14,9.5350,9.6205,9.5166,9.5777,172600
2013-02-15,9.6022,9.6266,9.5594,9.6144,339300
2013-02-19,9.9015,9.9381,9.8221,9.8526,655700
2013-02-20,9.8221,9.8526,9.6693,9.6816,420800
2013-02-21,9.6144,9.7182,9.5594,9.6877,355800
2013-02-22,9.7304,9.8831,9.7304,9.8709,644100
2013-02-25,9.8892,9.9259,9.7121,9.7182,424900
2013-02-26,9.9625,10.0297,9.9015,9.9748,611900
2013-02-27,10.0603,10.0786,9.9992,10.0481,864700
2013-02-28,10.0786,10.1885,10.0481,10.0847,443300
2013-03-01,10.0542,10.1275,10.0175,10.1275,224700
2013-03-04,10.0114,10.0786,9.9625,10.0786,177400
2013-03-05,10.0481,10.0481,9.9259,9.9625,229900
2013-03-06,10.0664,10.0786,9.9870,10.0175,266700
2013-03-07,9.9748,9.9870,9.9259,9.9259,240200
2013-03-08,9.8404,9.8709,9.7365,9.8587,1507800
2013-03-11,9.8098,9.8709,9.7426,9.8465,1027500
2013-03-12,10.1763,10.2008,10.0114,10.1458,1818400
2013-03-13,10.2557,10.2680,10.1580,10.1641,472800
2013-03-14,10.3229,10.3962,10.2496,10.2924,602700
2013-03-15,10.3229,10.3413,10.1641,10.1885,456300
2013-03-18,10.1336,10.1641,10.0603,10.0786,137800
2013-03-19,10.1030,10.1091,9.8587,9.9259,288000
2013-03-20,10.0236,10.1336,10.0236,10.1153,215100
2013-03-21,10.1214,10.1641,10.0175,10.0542,185300
2013-03-22,10.0481,10.1214,10.0297,10.0969,258300
2013-03-25,10.1030,10.1580,9.9625,10.0236,927400
2013-03-26,10.0481,10.1641,10.0481,10.1336,394300
2013-03-27,10.0786,10.1336,10.0297,10.0603,577600
2013-03-28,10.0908,10.2435,10.0725,10.1641,469000
2013-04-01,10.2191,10.2252,10.1153,10.1214,287700
2013-04-02,10.2374,10.2557,10.1824,10.2435,397600
2013-04-03,10.2252,10.2435,10.1702,10.1947,411000
2013-04-04,10.2557,10.3718,10.2557,10.3168,621200
2013-04-05,10.1885,10.2130,10.1397,10.1947,180200
2013-04-08,10.2741,10.3413,10.2618,10.3351,450400
2013-04-09,10.3290,10.3351,10.2252,10.2741,191600
2013-04-10,10.3046,10.3474,10.2618,10.3474,351000
2013-04-11,10.1947,10.2069,10.1091,10.1702,367000
2013-04-12,10.1580,10.1824,10.0175,10.1519,1073000
2013-04-15,10.0847,10.1153,9.9015,9.9015,275400
2013-04-16,9.6083,9.6449,9.4372,9.4800,596700
2013-04-17,9.5044,9.5716,9.4433,9.4678,498800
2013-04-18,9.4372,9.4556,9.2173,9.2296,818700
2013-04-19,9.2540,9.2784,9.1624,9.2173,526500
2013-04-22,9.2906,9.2906,9.1807,9.2723,302000
2013-04-23,9.2723,9.3212,9.2540,9.3090,269400
2013-04-24,9.2601,9.2967,9.1868,9.2418,380300
2013-04-25,8.9974,9.1746,8.9974,9.1013,955700
2013-04-26,9.2479,9.2479,9.1196,9.1746,597600
2013-04-29,9.2479,9.2723,9.2173,9.2540,430600
2013-04-30,9.4739,9.6144,9.3029,9.5411,980100
2013-05-01,9.5166,9.5166,9.3762,9.3884,390200
2013-05-02,9.5166,9.6144,9.5105,9.5716,538500
2013-05-03,9.5411,9.6144,9.5289,9.5655,378500
2013-05-06,9.5594,9.5960,9.4983,9.5777,170000
2013-05-07,9.5594,9.6144,9.5289,9.5960,200700
2013-05-08,9.5960,9.6571,9.5838,9.6144,153000
2013-05-09,9.4800,9.5594,9.4372,9.4922,89100
2013-05-10,9.3273,9.4128,9.2967,9.3762,149700
2013-05-13,9.3273,9.4495,9.2967,9.4372,653100
2013-05-14,9.5411,9.6938,9.5350,9.6755,472200
2013-05-15,9.6816,9.7671,9.6755,9.7671,245900
2013-05-16,9.8159,9.9320,9.7304,9.9137,952500
2013-05-17,9.8770,9.9687,9.7671,9.9198,652200
2013-05-20,9.6877,9.8159,9.6877,9.7365,334400
2013-05-21,9.9137,9.9687,9.7732,9.9564,537500
2013-05-22,9.6999,9.7304,9.5472,9.5899,611200
2013-05-23,9.5472,9.7060,9.5289,9.6938,286200
2013-05-24,9.7365,9.7854,9.6449,9.6938,519400
2013-05-28,9.7976,10.0725,9.7976,9.9870,467900
2013-05-29,9.9015,10.0053,9.8282,9.9259,427000
2013-05-30,9.7426,9.7426,9.6571,9.6816,275800
2013-05-31,9.3884,9.4983,9.3334,9.3884,269900
2013-06-03,8.6981,8.8753,8.6371,8.8203,1077400
2013-06-04,9.1196,9.2173,8.9974,9.1318,681300
2013-06-05,9.0524,9.0952,8.8997,8.8997,254900
2013-06-06,8.2950,8.5943,8.2522,8.5699,639800
2013-06-07,8.5393,8.6798,8.5027,8.5943,268600
2013-06-10,8.5271,8.6371,8.4721,8.5027,406900
2013-06-11,8.2706,8.4477,8.2645,8.3439,1326500
2013-06-12,8.6859,9.1196,8.6371,9.0891,1451500
2013-06-13,9.0830,9.1196,8.9547,9.0646,483000
2013-06-14,9.2112,9.2723,9.1013,9.1257,510300
2013-06-17,9.1257,9.1624,9.0280,9.0402,383600
2013-06-18,9.0158,9.0463,8.9547,9.0036,241500
2013-06-19,9.1013,9.1746,8.9669,8.9913,468800
2013-06-20,8.7226,8.7531,8.5943,8.6004,632100
2013-06-21,8.6371,8.6859,8.5454,8.6554,311700
2013-06-24,8.3561,8.4416,8.2828,8.3683,745100
2013-06-25,8.4782,8.5454,8.3378,8.4660,826700
2013-06-26,8.5149,8.7470,8.5149,8.6859,611100
2013-06-27,8.8081,8.8997,8.7714,8.8203,394200
2013-06-28,8.6554,8.8081,8.6187,8.7775,381500
2013-07-01,9.1379,9.1624,8.9791,9.0097,318200
2013-07-02,9.0097,9.0341,8.8570,8.9119,273100
2013-07-03,8.7042,8.7409,8.6187,8.6432,330300
2013-07-05,8.7409,8.7837,8.6859,8.7531,237600
2013-07-08,8.8325,8.9364,8.7775,8.8081,173800
2013-07-09,9.0280,9.1074,8.9486,9.0585,424700
2013-07-10,8.7898,8.9364,8.7837,8.8631,257100
2013-07-11,8.8570,8.8936,8.7409,8.8325,538100
2013-07-12,8.8264,8.9913,8.8142,8.9913,102500
2013-07-15,9.1074,9.2051,9.1013,9.1624,175100
2013-07-16,9.0341,9.1196,9.0097,9.1135,158800
2013-07-17,9.1440,9.2418,9.0891,9.1929,317400
2013-07-18,9.1135,9.1563,9.0707,9.1074,186800
2013-07-19,8.8692,9.0280,8.8570,8.9852,361500
2013-07-22,8.9791,9.1318,8.9730,9.1196,292700
2013-07-23,9.1685,9.3456,9.1685,9.3090,202700
2013-07-24,9.2540,9.2662,9.0952,9.1318,351300
2013-07-25,9.0952,9.1990,9.0952,9.1685,73000
2013-07-26,8.9730,8.9974,8.9119,8.9974,222300
2013-07-29,8.9913,9.0219,8.9486,8.9852,70400
2013-07-30,9.0585,9.1318,9.0402,9.0707,169700
2013-07-31,8.9547,8.9852,8.8508,8.9119,165800
2013-08-01,8.9547,9.0036,8.8631,8.9180,433500
2013-08-02,9.0280,9.1501,9.0280,9.1196,161400
2013-08-05,9.1257,9.1563,9.0646,9.1318,108200
2013-08-06,9.1501,9.1746,9.1135,9.1624,180500
2013-08-07,9.1318,9.1685,9.0463,9.1501,230100
2013-08-08,9.2051,9.3212,9.1440,9.3029,89400
2013-08-09,9.2967,9.3395,9.2540,9.3029,143500
2013-08-12,9.2540,9.3456,9.2112,9.2723,124800
2013-08-13,9.2723,9.2906,9.2112,9.2540,131200
2013-08-14,9.2967,9.3456,9.2906,9.2967,118100
2013-08-15,9.2906,9.3090,9.2173,9.2784,174900
2013-08-16,9.4250,9.4311,9.3151,9.3517,173500
2013-08-19,9.2662,9.2662,8.9364,9.0341,379000
2013-08-20,9.0768,9.1501,9.0524,9.0646,246700
2013-08-21,8.8631,8.8631,8.5821,8.6248,350200
2013-08-22,8.4966,8.5882,8.4172,8.5576,398900
2013-08-23,8.3622,8.4843,8.3072,8.4660,660600
2013-08-26,8.4477,8.6126,8.4172,8.5332,195800
2013-08-27,8.2461,8.2889,8.1484,8.1606,390300
2013-08-28,7.9774,8.1117,7.9468,8.0568,435700
2013-08-29,8.0751,8.2034,8.0751,8.0812,291700
2013-08-30,8.1728,8.1728,8.0262,8.0384,197800
2013-09-03,8.3011,8.3255,8.0262,8.2217,163200
2013-09-04,8.1728,8.1728,8.0140,8.0568,170800
2013-09-05,7.9713,8.0140,7.9041,7.9102,313500
2013-09-06,7.9651,8.0507,7.7941,7.9590,557100
2013-09-09,8.0812,8.2828,8.0812,8.2767,233800
2013-09-10,8.3866,8.8447,8.3500,8.5027,463700
2013-09-11,8.4111,8.5699,8.3866,8.5576,468600
2013-09-12,8.4355,8.5393,8.3561,8.3622,292900
2013-09-13,8.6371,8.6737,8.5271,8.6676,450000
2013-09-16,8.9974,9.0341,8.8936,8.9303,649000
2013-09-17,8.9669,9.0585,8.9364,9.0402,286500
2013-09-18,8.9974,9.4006,8.9791,9.3884,531200
2013-09-19,9.3884,9.4006,9.1318,9.1807,201000
2013-09-20,9.1501,9.1501,8.9913,9.0097,226700
2013-09-23,8.9974,9.0585,8.9730,8.9913,164100
2013-09-24,9.0830,9.1196,9.0036,9.0036,156100
2013-09-25,8.9913,8.9913,8.8631,8.9058,239900
2013-09-26,8.9058,8.9364,8.8570,8.8753,136500
2013-09-27,8.8325,8.8631,8.8020,8.8386,96800
2013-09-30,8.8936,9.0097,8.8447,9.0097,579500
2013-10-01,9.1196,9.2967,9.1135,9.2906,315100
2013-10-02,9.3517,9.5655,9.3456,9.5228,336000
2013-10-03,9.5289,9.5838,9.4433,9.5044,459400
2013-10-04,9.5044,9.7488,9.4983,9.7426,378100
2013-10-07,9.6327,9.6938,9.5960,9.6632,219600
2013-10-08,9.6632,9.7182,9.5899,9.5960,295400
2013-10-09,9.3823,9.5411,9.3823,9.5105,281600
2013-10-10,9.4189,9.6571,9.4189,9.6205,284600
2013-10-11,9.6083,9.7732,9.5594,9.7304,282100
2013-10-14,9.6571,9.7976,9.6205,9.7671,155100
2013-10-15,9.7304,9.7854,9.6999,9.7365,217200
2013-10-16,9.7732,9.8770,9.7365,9.7976,216800
2013-10-17,9.8587,9.8770,9.7671,9.8587,143400
2013-10-18,9.8954,9.9259,9.8404,9.9015,91300
2013-10-21,9.6938,9.8037,9.6938,9.7610,197300
2013-10-22,9.8587,9.9625,9.8343,9.9259,229500
2013-10-23,9.7976,9.8037,9.6938,9.7365,105600
2013-10-24,9.7854,9.8892,9.7243,9.8526,265700
2013-10-25,9.7976,9.8221,9.7060,9.8159,188200
2013-10-28,9.7060,9.8037,9.6938,9.7915,150600
2013-10-29,9.7671,9.8282,9.6877,9.7243,185100
2013-10-30,9.6632,9.6816,9.5350,9.6205,561200
2013-10-31,9.5166,9.5960,9.4983,9.5533,340500
2013-11-01,9.3578,9.4495,9.2479,9.2540,551700
2013-11-04,9.3029,9.3762,9.2540,9.3395,237800
2013-11-05,9.3700,9.4128,9.3212,9.3334,289700
2013-11-06,9.4128,9.5044,9.4128,9.4372,119800
2013-11-07,9.4006,9.4006,9.2723,9.2723,102300
2013-11-08,9.0646,9.1196,8.9669,9.0768,273600
2013-11-11,8.8570,8.8692,8.7714,8.7898,245600
2013-11-12,8.5638,8.7714,8.5638,8.6676,445100
2013-11-13,8.5027,8.7470,8.5027,8.7226,229700
2013-11-14,8.7531,8.9608,8.7470,8.9547,297700
2013-11-15,9.1013,9.2173,9.1013,9.1990,212100
2013-11-18,9.3884,9.4006,9.2540,9.2601,391500
2013-11-19,9.2845,9.2845,9.1929,9.1990,163500
2013-11-20,9.1257,9.3029,9.1196,9.2051,218100
2013-11-21,9.1379,9.1929,9.0952,9.1135,178300
2013-11-22,9.3090,9.3578,9.2845,9.3212,244000
2013-11-25,9.4983,9.4983,9.2967,9.2967,177200
2013-11-26,9.1868,9.2418,9.1563,9.1868,105800
2013-11-27,9.2845,9.3212,9.1868,9.2601,88100
2013-11-29,9.2234,9.4006,9.2173,9.3578,244800
2013-12-02,9.2845,9.3517,9.2173,9.2662,197700
2013-12-03,9.1990,9.2662,9.0830,9.1563,246500
2013-12-04,8.9058,9.0036,8.8631,8.9425,169400
2013-12-05,8.8508,8.9425,8.8142,8.8508,100200
2013-12-06,9.0036,9.0707,8.9852,9.0402,108000
2013-12-09,9.0585,9.1318,9.0402,9.1074,85500
2013-12-10,9.1318,9.1624,9.0768,9.1318,124000
2013-12-11,9.1196,9.1318,8.9791,8.9852,280900
2013-12-12,9.0158,9.0341,8.9058,8.9730,131200
2013-12-13,8.9608,9.0341,8.9608,9.0097,77600
2013-12-16,9.1196,9.1929,9.0646,9.0830,112500
2013-12-17,8.8692,8.9058,8.6920,8.7409,328500
2013-12-18,8.8631,9.0219,8.8264,8.9669,474900
2013-12-19,8.7592,8.8936,8.7592,8.8753,339500
2013-12-20,8.7348,8.7531,8.6004,8.6554,429800
2013-12-23,8.3744,8.5699,8.3622,8.5576,267700
2013-12-24,8.5088,8.6920,8.5088,8.6737,154900
2013-12-26,8.2461,8.3316,8.0934,8.1179,1036700
2013-12-27,7.8369,8.1240,7.7941,8.0751,744800
2013-12-30,8.2278,8.4172,8.2278,8.4111,488700
2013-12-31,8.1789,8.2278,8.0812,8.1545,686000
2014-01-02,7.7697,7.9713,7.7330,7.9224,1476200
2014-01-03,7.6964,7.8247,7.6658,7.7758,732300
2014-01-06,7.7636,7.8430,7.7330,7.8247,664800
2014-01-07,7.9835,8.0507,7.9285,8.0384,551800
2014-01-08,7.9224,7.9407,7.8186,7.8613,1161500
2014-01-09,7.6842,7.8491,7.6720,7.8186,1154100
2014-01-10,7.8491,7.9713,7.7208,7.9102,1462400
2014-01-13,8.0140,8.0995,7.9285,7.9896,1390500
2014-01-14,7.8918,8.0018,7.8491,7.9102,1203200
2014-01-15,7.9346,8.0079,7.8918,7.8980,609400
2014-01-16,7.7147,7.7758,7.6597,7.7269,1894800
2014-01-17,7.7514,7.7941,7.6781,7.7453,2321400
2014-01-21,7.9102,7.9102,7.6903,7.8063,1434000
2014-01-22,7.7880,7.8674,7.7758,7.8308,825600
2014-01-23,7.5925,7.6292,7.5437,7.6048,1953100
2014-01-24,7.3482,7.4948,7.3299,7.4521,1716400
2014-01-27,7.3910,7.5498,7.3604,7.5192,1681800
2014-01-28,7.3177,7.3971,7.3116,7.3665,1378300
2014-01-29,7.1650,7.5131,7.1589,7.3788,1887500
2014-01-30,7.4398,7.6170,7.4276,7.5437,1735400
2014-01-31,7.4154,7.6842,7.4032,7.6048,1447400
2014-02-03,7.6903,7.7391,7.5192,7.5254,1325400
2014-02-04,7.6109,7.7147,7.5742,7.6781,679100
2014-02-05,7.5742,7.6170,7.5376,7.5681,682800
2014-02-06,7.6353,7.7941,7.6292,7.7697,865200
2014-02-07,7.7880,7.8980,7.7758,7.8491,1408600
2014-02-10,7.8002,7.8247,7.7575,7.8063,200000
2014-02-11,7.8124,8.0140,7.7880,7.9346,1310100
2014-02-12,8.0262,8.1240,8.0262,8.0629,874700
2014-02-13,7.8796,7.9407,7.8796,7.9102,441700
2014-02-14,7.9346,8.0446,7.9346,8.0262,191400
2014-02-18,7.9590,8.0018,7.8674,7.9468,381400
2014-02-19,7.9896,8.1117,7.9651,8.0140,578000
2014-02-20,7.9957,8.0873,7.9896,8.0568,890300
2014-02-21,8.0629,8.1728,8.0507,8.1240,332600
2014-02-24,8.1606,8.2095,8.0140,8.0201,616700
2014-02-25,7.9590,7.9713,7.8369,7.8674,301800
2014-02-26,7.7147,7.7758,7.6414,7.6781,700400
2014-02-27,7.7453,7.9346,7.7453,7.8857,647000
2014-02-28,7.9102,8.0079,7.9102,7.9774,571300
2014-03-03,7.7025,7.7147,7.5437,7.5681,865100
2014-03-04,7.7147,7.7330,7.6658,7.7269,583100
2014-03-05,7.7208,7.7453,7.6720,7.6964,192400
2014-03-06,7.7514,7.8063,7.7330,7.7697,460900
2014-03-07,7.7086,7.7208,7.6292,7.6964,531300
2014-03-10,7.6231,7.6353,7.4643,7.5009,793100
2014-03-11,7.4215,7.4765,7.3665,7.3726,874800
2014-03-12,7.3360,7.4826,7.3299,7.4826,383200
2014-03-13,7.5681,7.5742,7.4093,7.4337,234400
2014-03-14,7.4582,7.4948,7.3543,7.4521,644300
2014-03-17,7.5742,7.6536,7.5681,7.6231,417300
2014-03-18,7.6292,7.6903,7.6109,7.6658,207600
2014-03-19,7.6109,7.6781,7.5192,7.5192,695400
2014-03-20,7.3910,7.5559,7.3910,7.5192,1033300
2014-03-21,7.5192,7.5620,7.4459,7.4704,1029700
2014-03-24,7.5498,7.6170,7.5070,7.5559,329400
2014-03-25,7.6048,7.6658,7.5681,7.6353,283100
2014-03-26,7.8002,7.9468,7.7880,7.8918,485600
2014-03-27,8.0507,8.1179,7.9651,8.0323,523600
2014-03-28,8.1667,8.3439,8.1667,8.2645,808100
2014-03-31,8.3927,8.4416,8.3133,8.4111,1073500
2014-04-01,8.6615,8.6676,8.5393,8.6248,769100
2014-04-02,8.6371,8.7348,8.5882,8.6981,576800
2014-04-03,8.7775,8.8447,8.6859,8.8020,601900
2014-04-04,8.9119,8.9425,8.7898,8.7959,566400
2014-04-07,8.6615,8.7837,8.6371,8.7409,508300
2014-04-08,8.8753,8.9180,8.8264,8.8631,628200
2014-04-09,8.6554,8.6554,8.5210,8.6065,515900
2014-04-10,8.6126,8.6309,8.5576,8.5699,301900
2014-04-11,8.4905,8.5393,8.4477,8.5149,225700
2014-04-14,8.5821,8.6187,8.5454,8.6004,315300
2014-04-15,8.5271,8.5332,8.3744,8.4843,577600
2014-04-16,8.5515,8.5515,8.4538,8.4843,92100
2014-04-17,8.4905,8.6065,8.4660,8.5760,219100
2014-04-21,8.4294,8.6004,8.4294,8.5638,109100
2014-04-22,8.4538,8.5210,8.3988,8.4905,372600
2014-04-23,8.4599,8.4782,8.3194,8.3744,267700
2014-04-24,8.2828,8.3011,8.1973,8.2461,256200
2014-04-25,8.3744,8.4843,8.3011,8.4355,767300
2014-04-28,8.8692,8.8936,8.6798,8.7775,1358600
2014-04-29,8.8325,8.8447,8.7409,8.7653,409500
2014-04-30,8.8325,8.8692,8.8020,8.8447,401600
2014-05-01,8.8570,8.9852,8.8203,8.9730,363800
2014-05-02,8.8570,8.9486,8.8508,8.8936,158500
2014-05-05,8.8997,8.9425,8.8692,8.8936,244600
2014-05-06,8.8142,8.8631,8.7775,8.7775,334600
2014-05-07,8.7531,8.9425,8.7470,8.9425,446000
2014-05-08,8.9486,9.0097,8.9119,8.9303,232600
2014-05-09,8.9913,9.0097,8.9364,8.9852,163700
2014-05-12,9.0402,9.0952,8.9974,9.0768,323000
2014-05-13,9.0707,9.1563,9.0707,9.1379,238100
2014-05-14,9.1074,9.1624,9.0341,9.1135,239500
2014-05-15,9.1196,9.1196,8.8631,8.8997,176100
2014-05-16,8.9180,8.9913,8.9180,8.9852,328600
2014-05-19,8.9364,9.0463,8.9180,9.0402,352700
2014-05-20,8.8936,8.9547,8.7409,8.8081,267500
2014-05-21,9.0036,9.1318,8.9791,9.0952,329700
2014-05-22,9.2906,9.2967,9.2173,9.2845,291200
2014-05-23,9.2845,9.2845,9.2540,9.2723,188000
2014-05-27,9.0158,9.0158,8.9425,8.9608,257800
2014-05-28,8.9669,9.0097,8.9303,8.9669,169100
2014-05-29,9.0097,9.0952,8.9669,9.0585,267700
2014-05-30,9.3700,9.5166,9.3578,9.4678,566700
2014-06-02,9.3884,9.4189,9.3273,9.3334,421500
2014-06-03,9.2906,9.3212,9.1868,9.3090,377400
2014-06-04,9.2357,9.2967,9.1685,9.2234,249500
2014-06-05,9.3029,9.3029,9.1196,9.1624,263100
2014-06-06,9.5411,9.6205,9.4861,9.6144,702500
2014-06-09,9.4495,9.4861,9.4189,9.4556,153600
2014-06-10,9.5472,9.7488,9.5411,9.7060,661200
2014-06-11,9.4922,9.5533,9.4067,9.4433,457700
2014-06-12,9.8221,9.8465,9.6938,9.7304,934900
2014-06-13,9.6693,9.7060,9.6266,9.7060,251700
2014-06-16,9.4495,9.5166,9.4128,9.4556,176900
2014-06-17,9.3456,9.3945,9.3151,9.3700,300000
2014-06-18,9.3578,9.4739,9.3029,9.4556,215600
2014-06-19,9.4739,9.4922,9.3700,9.3762,164600
2014-06-20,9.2418,9.3823,9.1868,9.3762,375100
2014-06-23,9.3823,9.3823,9.3151,9.3517,84100
2014-06-24,9.3762,9.4250,9.3517,9.3700,69900
2014-06-25,9.3456,9.4250,9.3456,9.4067,102200
2014-06-26,9.4006,9.4311,9.3090,9.4189,345800
2014-06-27,9.4372,9.5777,9.4372,9.5594,212700
2014-06-30,9.5044,9.5411,9.4800,9.5289,232000
2014-07-01,9.1929,9.2479,9.1563,9.2234,739200
2014-07-02,9.0585,9.1501,9.0524,9.1440,238700
2014-07-03,8.9425,9.1196,8.9241,9.0952,174800
2014-07-07,9.2418,9.3395,9.2112,9.3090,239600
2014-07-08,9.3639,9.4739,9.3395,9.4556,224200
2014-07-09,9.2967,9.3334,9.2357,9.3090,124400
2014-07-10,9.0646,9.1257,9.0402,9.1135,543300
2014-07-11,8.9608,9.0830,8.9486,9.0524,324600
2014-07-14,9.1563,9.2845,9.1563,9.2662,623200
2014-07-15,9.2906,9.3334,9.2906,9.3273,227100
2014-07-16,9.2601,9.4372,9.2357,9.4189,359300
2014-07-17,9.4617,9.6266,9.4250,9.4250,379300
2014-07-18,9.4433,9.5105,9.4006,9.4800,383200
2014-07-21,9.5350,9.5838,9.4495,9.5228,303200
2014-07-22,9.6083,9.6266,9.5228,9.5411,412900
2014-07-23,9.5716,9.6083,9.5289,9.5899,159100
2014-07-24,9.5899,9.5899,9.4495,9.5594,171300
2014-07-25,9.7060,9.9137,9.6938,9.8831,532900
2014-07-28,9.8709,10.1458,9.8037,10.1397,1024700
2014-07-29,10.1153,10.1336,10.0664,10.1030,542200
2014-07-30,9.9259,10.1580,9.8831,10.0358,690600
2014-07-31,9.9687,10.0481,9.9137,9.9809,620700
2014-08-01,9.9809,10.0297,9.8770,9.9381,415100
2014-08-04,9.9015,9.9564,9.8648,9.9564,439400
2014-08-05,9.8159,9.8526,9.6938,9.8037,692900
2014-08-06,9.7671,9.7671,9.6449,9.6571,132100
2014-08-07,9.5228,9.5289,9.2967,9.3395,267600
2014-08-08,9.2296,9.2967,9.1563,9.2845,233500
2014-08-11,9.0646,9.1379,9.0097,9.0707,799800
2014-08-12,9.0707,9.1135,9.0097,9.0768,304500
2014-08-13,9.1135,9.1257,8.9913,9.0585,229400
2014-08-14,9.1135,9.1624,8.9791,9.0036,235600
2014-08-15,8.9364,8.9608,8.8692,8.8997,787500
2014-08-18,9.0402,9.0952,8.9791,9.0830,390800
2014-08-19,9.0585,9.1013,9.0402,9.0707,212900
2014-08-20,8.9486,9.0402,8.9364,8.9852,117400
2014-08-21,8.9669,9.0768,8.9669,8.9852,140200
2014-08-22,8.9974,9.0036,8.8631,8.9486,114100
2014-08-25,8.9364,9.0219,8.9241,8.9974,242300
2014-08-26,9.0463,9.0707,8.9974,9.0219,99600
2014-08-27,9.0402,9.0768,9.0280,9.0463,222000
2014-08-28,9.0341,9.0402,8.9974,8.9974,177900
2014-08-29,8.9669,9.0280,8.9486,9.0158,95200
2014-09-02,8.9669,8.9974,8.8753,8.9058,204100
2014-09-03,9.1013,9.2234,9.1013,9.1868,156600
2014-09-04,9.1868,9.2234,9.1501,9.1563,116700
2014-09-05,9.2479,9.2845,9.2296,9.2601,85400
2014-09-08,9.1685,9.2173,9.1135,9.1257,177000
2014-09-09,8.9241,8.9425,8.8264,8.8570,199600
2014-09-10,8.8264,8.8997,8.7959,8.8692,106500
2014-09-11,8.8386,8.8386,8.7775,8.7898,151600
2014-09-12,8.6798,8.6920,8.4843,8.4905,292200
2014-09-15,8.5088,8.5821,8.4966,8.5088,192100
2014-09-16,8.6004,8.7409,8.5821,8.7165,127800
2014-09-17,8.7165,8.7348,8.5943,8.6126,178000
2014-09-18,8.3561,8.3927,8.3316,8.3927,210200
2014-09-19,8.4233,8.4233,8.1728,8.1973,275100
2014-09-22,8.1912,8.2400,8.1850,8.2034,207012
2014-09-23,8.2034,8.2583,8.1484,8.1606,68005
2014-09-24,8.2278,8.2522,8.1484,8.2034,269028
2014-09-25,8.0568,8.0629,7.9957,8.0323,346710
2014-09-26,7.9957,8.0690,7.9468,8.0446,141985
2014-09-29,7.9407,7.9713,7.8918,7.9285,163937
2014-09-30,8.0018,8.0384,7.9529,8.0262,386886
2014-10-01,7.9774,7.9835,7.8186,7.8552,207289
2014-10-02,7.9529,7.9957,7.9041,7.9774,770099
2014-10-03,7.9407,7.9896,7.8857,7.9346,121513
2014-10-06,8.0140,8.0201,7.9468,7.9896,72361
2014-10-07,7.9651,8.0079,7.9346,7.9651,426401
2014-10-08,7.9529,8.0018,7.8369,7.9957,437216
2014-10-09,8.1850,8.2095,8.0568,8.0690,262991
2014-10-10,7.9713,8.0018,7.8613,7.8735,185218
2014-10-13,8.1301,8.1423,8.0079,8.0201,174068
2014-10-14,8.0201,8.0690,7.9651,7.9774,174901
2014-10-15,8.0873,8.1606,7.9407,8.0751,222390
2014-10-16,7.9590,8.1240,7.9346,8.0934,326667
2014-10-17,8.1789,8.2034,8.0995,8.1789,172871
2014-10-20,8.1240,8.2278,8.1179,8.2278,143350
2014-10-21,8.2156,8.2645,8.1789,8.2522,436914
2014-10-22,8.3072,8.4233,8.3011,8.3744,200439
2014-10-23,8.4233,8.5088,8.3805,8.5088,234518
2014-10-24,8.5393,8.6248,8.5149,8.6248,180338
2014-10-27,8.5393,8.6187,8.4843,8.5515,140973
2014-10-28,8.6248,8.7287,8.6248,8.7226,74675
2014-10-29,8.7165,8.8264,8.6554,8.7165,151673
2014-10-30,8.7653,8.9730,8.7531,8.8875,499945
2014-10-31,8.8631,8.9547,8.8264,8.9364,256448
2014-11-03,8.7898,8.7898,8.6615,8.7592,216737
2014-11-04,8.7775,8.8081,8.7470,8.7959,333566
2014-11-05,8.8386,8.9119,8.6920,8.7287,313605
2014-11-06,8.7959,8.8020,8.5943,8.6248,188470
2014-11-07,8.5821,8.5882,8.5210,8.5821,126344
2014-11-10,8.6187,8.6554,8.5638,8.6187,164085
2014-11-11,8.6126,8.6554,8.5576,8.6309,48197
2014-11-12,8.6859,8.7714,8.6554,8.7348,188266
2014-11-13,8.7348,8.7959,8.7104,8.7226,81732
2014-11-14,8.7775,8.8814,8.7775,8.8386,130380
2014-11-17,8.9974,9.0402,8.9364,8.9730,145712
2014-11-18,9.0158,9.1410,9.0097,9.1135,216306
2014-11-19,9.0280,9.1013,8.9974,9.0830,116444
2014-11-20,9.2479,9.4006,9.2418,9.4006,373513
2014-11-21,9.4861,9.5747,9.4800,9.5105,362706
2014-11-24,9.5411,9.5899,9.4495,9.5838,364741
2014-11-25,9.6510,9.6632,9.5838,9.6449,483218
2014-11-26,9.5899,9.6632,9.5411,9.6449,144071
2014-11-28,9.6388,9.7549,9.6083,9.6938,405632
2014-12-01,9.6327,9.8343,9.5838,9.8037,1431341
2014-12-02,9.7915,10.1397,9.7852,9.9076,597714
2014-12-03,9.9076,9.9076,9.7854,9.7915,237980
2014-12-04,10.0175,10.0786,9.9015,10.0542,619533
2014-12-05,9.9076,9.9076,9.7122,9.7793,162058
2014-12-08,9.8526,9.8526,9.7365,9.7671,219075
2014-12-09,9.8098,9.8526,9.7793,9.8404,335747
2014-12-10,9.8098,9.8159,9.6693,9.6816,475421
2014-12-11,9.7610,9.7671,9.5716,9.5716,178314
2014-12-12,9.2173,9.2845,9.1746,9.2051,239392
2014-12-15,8.9791,9.0341,8.7775,8.8264,443700
2014-12-16,8.6432,8.6981,8.5515,8.6065,382459
2014-12-17,8.7531,8.9425,8.7531,8.9241,383010
2014-12-18,9.0646,9.1196,9.0402,9.1013,238767
2014-12-19,9.1135,9.1746,9.0768,9.1379,157528
2014-12-22,9.1868,9.2906,9.1868,9.2051,139919
2014-12-23,9.1563,9.1563,9.0585,9.1257,79436
2014-12-24,9.1074,9.1685,9.1074,9.1074,51427
2014-12-26,9.0402,9.2357,9.0097,9.2051,66725
2014-12-29,9.0768,9.1990,9.0768,9.1318,91972
2014-12-30,9.1318,9.2234,9.1013,9.1563,100831
2014-12-31,9.2723,9.3334,9.2357,9.2357,116781
2015-01-02,9.1624,9.1990,9.1318,9.1624,57323
2015-01-05,9.3700,9.4189,9.2845,9.2906,230066
2015-01-06,9.3395,9.4983,9.2906,9.3700,306883
2015-01-07,9.4311,9.4372,9.3273,9.3884,93798
2015-01-08,9.4556,9.5533,9.4055,9.4617,114700
2015-01-09,9.5838,9.6266,9.5228,9.5838,179756
2015-01-12,9.6083,9.6449,9.4922,9.5166,216424
2015-01-13,9.9198,9.9811,9.8343,9.8954,342330
2015-01-14,9.8648,9.9425,9.7915,9.9076,313928
2015-01-15,9.9381,9.9564,9.7488,9.7488,208738
2015-01-16,9.6877,9.8526,9.6816,9.8465,324856
2015-01-20,9.7365,9.8648,9.6693,9.8404,225540
2015-01-21,10.0175,10.1885,10.0175,10.0908,409751
2015-01-22,9.9137,10.1247,9.8526,10.0420,1549637
2015-01-23,9.7182,9.7549,9.5838,9.5899,851916
2015-01-26,9.3945,9.4708,9.3212,9.3456,675712
2015-01-27,9.2967,9.3334,9.2662,9.2845,230199
2015-01-28,9.2845,9.2967,9.0402,9.0402,522915
2015-01-29,8.9608,9.0585,8.8875,9.0097,474897
2015-01-30,8.7348,8.8997,8.7104,8.8203,380864
2015-02-02,8.9730,9.0280,8.9119,8.9730,286742
2015-02-03,8.9303,8.9791,8.8447,8.9241,189326
2015-02-04,8.9058,8.9303,8.6371,8.6676,440612
2015-02-05,8.7165,8.8081,8.7042,8.8081,1039539
2015-02-06,8.7653,8.8508,8.7531,8.7837,449015
2015-02-09,8.5882,8.7792,8.5760,8.7042,431206
2015-02-10,8.5515,8.8020,8.5271,8.7470,1075800
2015-02-11,8.8508,9.0097,8.7959,8.9669,977040
2015-02-12,9.0585,9.1196,9.0097,9.0280,579802
2015-02-13,8.8203,8.8203,8.6798,8.7165,322936
2015-02-17,8.6126,8.6309,8.5393,8.5699,322495
2015-02-18,8.5454,8.6242,8.5393,8.6187,131784
2015-02-19,8.6187,8.7226,8.5882,8.6737,150662
2015-02-20,8.6248,8.6737,8.5576,8.6554,125530
2015-02-23,8.5699,8.6126,8.5454,8.5638,280047
2015-02-24,8.5393,8.5638,8.4660,8.5088,275166
2015-02-25,8.4477,8.4660,8.3316,8.3988,348151
2015-02-26,8.3988,8.3988,8.2217,8.2461,480672
2015-02-27,8.0140,8.0934,8.0018,8.0446,376927
2015-03-02,7.9835,7.9896,7.9224,7.9407,166890
2015-03-03,7.8491,7.9102,7.8002,7.8063,329348
2015-03-04,7.6475,7.6536,7.5620,7.6170,920252
2015-03-05,7.5742,7.5925,7.4765,7.4948,457704
2015-03-06,7.4398,7.4887,7.3452,7.3788,455310
2015-03-09,7.4704,7.5254,7.4459,7.4521,296408
2015-03-10,7.2749,7.2994,7.1833,7.1833,361423
2015-03-11,7.2383,7.3299,7.1772,7.2810,290662
2015-03-12,7.4215,7.4887,7.3726,7.4398,406101
2015-03-13,7.3726,7.3849,7.2810,7.3055,188302
2015-03-16,7.3788,7.3910,7.2474,7.2994,311288
2015-03-17,7.4643,7.5131,7.3971,7.5131,602513
2015-03-18,7.3910,7.5864,7.3299,7.5437,552269
2015-03-19,7.5315,7.6109,7.4643,7.5254,242324
2015-03-20,7.5864,7.6475,7.5864,7.6353,193309
2015-03-23,7.8430,7.9163,7.7941,7.8980,1561866
2015-03-24,7.8002,7.8124,7.6597,7.6964,528035
2015-03-25,8.1362,8.2034,8.0568,8.1606,2686941
2015-03-26,8.0018,8.0384,7.8491,7.8613,643774
2015-03-27,7.8186,7.8674,7.7330,7.8674,573326
2015-03-30,7.8613,7.9102,7.8186,7.9102,633480
2015-03-31,7.7941,7.9651,7.7391,7.9590,1144776
2015-04-01,8.0171,8.0874,7.9539,8.0030,709906
2015-04-02,7.9960,8.0944,7.9890,8.0593,445596
2015-04-06,8.0452,8.1295,8.0241,8.0312,429599
2015-04-07,7.7712,7.8414,7.7360,7.7712,921526
2015-04-08,7.5534,7.6307,7.5534,7.5815,653245
2015-04-09,7.6307,7.6588,7.5534,7.6025,576263
2015-04-10,7.6166,7.6658,7.6025,7.6588,492482
2015-04-13,7.5604,7.5815,7.5217,7.5323,593745
2015-04-14,7.4831,7.5428,7.4620,7.4761,787620
2015-04-15,7.4550,7.4550,7.3285,7.3988,699734
2015-04-16,7.4690,7.5323,7.4479,7.5323,478844
2015-04-17,7.5112,7.6096,7.4971,7.5604,402029
2015-04-20,7.5112,7.5112,7.4550,7.4831,266601
2015-04-21,7.5674,7.6236,7.5534,7.6096,385200
2015-04-22,7.6658,7.7044,7.6307,7.6588,377811
2015-04-23,7.6517,7.7290,7.6517,7.7009,386148
2015-04-24,7.7501,7.8907,7.7501,7.8555,374997
2015-04-27,7.9047,8.0382,7.9047,7.9890,338383
2015-04-28,8.0030,8.1365,8.0030,8.0663,468850
2015-04-29,8.1436,8.1998,8.0593,8.1014,392235
2015-04-30,7.8414,7.8485,7.7431,7.7712,485259
2015-05-01,7.8133,7.8204,7.7431,7.7923,180897
2015-05-04,7.5815,7.6096,7.5323,7.5744,359635
2015-05-05,7.5885,7.6096,7.5393,7.5674,232746
2015-05-06,7.6377,7.6658,7.5744,7.5955,146043
2015-05-07,7.7642,7.8695,7.7642,7.8414,517589
2015-05-08,8.0382,8.0803,7.9398,7.9398,245620
2015-05-11,8.0312,8.1436,8.0241,8.0944,337836
2015-05-12,8.1717,8.2138,8.1576,8.1787,328541
2015-05-13,8.2841,8.3263,8.2279,8.2419,271777
2015-05-14,8.4387,8.4879,8.4036,8.4457,346070
2015-05-15,8.3614,8.4527,8.3192,8.4387,240333
2015-05-18,8.4176,8.4176,8.2911,8.2982,161547
2015-05-19,8.2701,8.3333,8.1857,8.3192,224930
2015-05-20,8.2068,8.2209,8.1330,8.1717,195852
2015-05-21,8.1717,8.1998,8.1330,8.1647,231778
2015-05-22,8.1436,8.2349,8.1365,8.1998,315753
2015-05-26,8.0312,8.0452,7.9047,7.9820,213580
2015-05-27,7.7993,7.9539,7.7642,7.9468,214399
2015-05-28,7.8977,7.8977,7.7571,7.8836,536693
2015-05-29,7.8695,7.8695,7.7079,7.7431,631106
2015-06-01,7.6798,7.7220,7.6342,7.6658,568787
2015-06-02,7.6517,7.7712,7.6517,7.7360,162140
2015-06-03,7.8555,7.9749,7.8555,7.9398,173566
2015-06-04,8.0593,8.1225,7.9890,8.0030,326789
2015-06-05,7.9468,7.9749,7.8871,7.9609,229639
2015-06-08,7.4620,7.5674,7.4058,7.5463,570666
2015-06-09,7.4901,7.5885,7.4761,7.5323,391692
2015-06-10,7.6307,7.7220,7.6025,7.6588,336816
2015-06-11,7.7782,7.8204,7.7009,7.7712,180766
2015-06-12,7.7571,7.7923,7.7431,7.7571,327785
2015-06-15,7.6658,7.6658,7.4831,7.5323,625177
2015-06-16,7.6166,7.6588,7.5955,7.6166,156209
2015-06-17,7.6939,7.7923,7.6939,7.7852,284217
2015-06-18,7.9047,7.9820,7.8695,7.9539,345420
2015-06-19,7.9609,8.0206,7.9258,8.0030,295813
2015-06-22,8.1014,8.2560,8.0944,8.2490,309002
2015-06-23,8.2349,8.2911,8.1857,8.2771,400567
2015-06-24,8.2701,8.3333,8.2138,8.2279,326286
2015-06-25,8.3333,8.3754,8.2701,8.2911,635145
2015-06-26,8.2841,8.2982,8.1787,8.1998,376046
2015-06-29,8.0241,8.0312,7.9117,7.9187,149956
2015-06-30,8.1295,8.1436,8.0593,8.0733,127600
2015-07-01,8.1014,8.1225,7.9328,8.0171,379797
2015-07-02,8.0733,8.1647,8.0312,8.1295,251166
2015-07-06,8.1436,8.2490,8.1084,8.2490,174588
2015-07-07,8.1857,8.2560,8.0593,8.2419,235291
2015-07-08,7.9609,7.9820,7.8625,7.8836,184367
2015-07-09,8.1225,8.1928,8.1225,8.1365,200297
2015-07-10,8.2349,8.3333,8.2209,8.2771,228361
2015-07-13,8.3052,8.3614,8.2771,8.3544,161739
2015-07-14,8.3403,8.3824,8.2982,8.3614,158433
2015-07-15,8.2560,8.2560,8.1295,8.1647,167649
2015-07-16,8.1928,8.2630,8.1295,8.2630,233337
2015-07-17,8.2560,8.2701,8.1787,8.2419,157886
2015-07-20,8.0944,8.1084,8.0101,8.1084,108963
2015-07-21,8.1225,8.2279,8.1225,8.1787,139415
2015-07-22,8.0733,8.1928,8.0733,8.1928,145662
2015-07-23,8.0171,8.0312,7.8206,7.8695,323483
2015-07-24,7.9047,7.9538,7.7571,7.8414,302578
2015-07-27,7.7360,7.7431,7.5885,7.6166,176026
2015-07-28,7.8133,7.9047,7.7642,7.8625,347186
2015-07-29,7.8977,7.9328,7.7852,7.7923,261427
2015-07-30,7.7501,8.0944,7.7501,8.0382,203383
2015-07-31,8.0733,8.1155,8.0311,8.0663,288343
2015-08-03,7.8414,7.8414,7.6728,7.7571,337740
2015-08-04,7.7782,7.8977,7.7712,7.8344,154780
2015-08-05,7.8695,7.8695,7.7782,7.8063,159758
2015-08-06,7.7993,7.7993,7.6798,7.7360,264730
2015-08-07,7.5955,7.6869,7.5885,7.6728,344376
2015-08-10,7.5463,7.6517,7.5324,7.6236,331806
2015-08-11,7.6236,7.7150,7.6096,7.6517,303335
2015-08-12,7.5604,7.6482,7.5463,7.6236,201802
2015-08-13,7.4339,7.4339,7.3285,7.3777,194870
2015-08-14,7.4058,7.4690,7.3847,7.4128,119383
2015-08-17,7.3847,7.4480,7.3355,7.3847,115752
2015-08-18,7.2793,7.2934,7.2301,7.2723,223865
2015-08-19,7.1248,7.1739,7.0404,7.1318,336852
2015-08-20,7.0053,7.2091,6.9702,7.0826,302129
2015-08-21,6.9983,6.9983,6.8648,6.8648,180503
2015-08-24,6.5064,6.6680,6.4292,6.4713,388694
2015-08-25,6.6891,6.7313,6.5416,6.5416,283139
2015-08-26,6.9069,6.9983,6.7383,6.8296,280663
2015-08-27,7.0053,7.0475,6.9140,6.9631,202083
2015-08-28,6.8367,6.8859,6.8086,6.8718,151317
2015-08-31,6.8437,6.9280,6.8086,6.8577,239270
2015-09-01,6.7242,6.8015,6.7032,6.7383,239927
2015-09-02,6.8015,6.8086,6.6961,6.7734,98155
2015-09-03,6.5978,6.6259,6.5275,6.5486,442627
2015-09-04,6.5135,6.5275,6.4116,6.4291,340726
2015-09-08,6.4572,6.4713,6.3260,6.3800,477309
2015-09-09,6.3308,6.3589,6.1797,6.1902,363945
2015-09-10,6.1832,6.2183,6.1270,6.1973,527683
2015-09-11,6.1270,6.2008,6.1200,6.1973,163089
2015-09-14,6.0708,6.2183,6.0567,6.1692,916394
2015-09-15,6.2183,6.3870,6.2183,6.3589,556971
2015-09-16,6.3940,6.4291,6.3518,6.3659,682950
2015-09-17,6.4643,6.7102,6.4151,6.5626,729353
2015-09-18,6.4572,6.6891,6.4572,6.5064,1625650
2015-09-21,6.5135,6.5416,6.4151,6.4291,351690
2015-09-22,6.3940,6.4432,6.3378,6.4221,236519
2015-09-23,6.4221,6.4671,6.2956,6.2956,236165
2015-09-24,6.2956,6.2956,6.1551,6.2254,768231
2015-09-25,6.2324,6.2956,6.1973,6.2324,614663
2015-09-28,6.2113,6.2254,6.0989,6.0989,407800
2015-09-29,6.1621,6.2183,6.1411,6.1973,392295
2015-09-30,6.1902,6.2183,6.0848,6.0989,438034
2015-10-01,6.1130,6.1551,6.0146,6.0567,501327
2015-10-02,6.0638,6.3308,6.0567,6.3027,362696
2015-10-05,6.3237,6.4081,6.3187,6.3589,287486
2015-10-06,6.3589,6.4291,6.3448,6.4081,281835
2015-10-07,6.5626,6.6891,6.5486,6.6329,327140
2015-10-08,6.6399,6.7172,6.6329,6.7102,301446
2015-10-09,6.7172,6.7242,6.6118,6.6470,239625
2015-10-12,6.7664,6.7945,6.7172,6.7524,347444
2015-10-13,6.6610,6.6610,6.5697,6.5978,295116
2015-10-14,6.7032,6.7734,6.6961,6.7453,459482
2015-10-15,6.8226,6.8437,6.7313,6.8226,392141
2015-10-16,6.8015,6.8015,6.6399,6.7383,460990
2015-10-19,6.7383,6.8156,6.7242,6.7805,494043
2015-10-20,6.8437,6.8437,6.7453,6.8015,687135
2015-10-21,6.7734,6.8718,6.7594,6.8577,1182809
2015-10-22,6.9491,7.0545,6.8858,6.9702,1252917
2015-10-23,7.0194,7.0475,6.9561,6.9842,344891
2015-10-26,7.0404,7.0685,6.9842,7.0334,383167
2015-10-27,7.0123,7.0324,6.8507,6.9280,581556
2015-10-28,7.0123,7.1177,6.9702,7.0685,410062
2015-10-29,7.0756,7.0756,6.9350,6.9983,302981
2015-10-30,6.8999,7.0053,6.8718,6.9631,252962
2015-11-02,7.3636,7.3636,7.1739,7.3074,792017
2015-11-03,7.3145,7.3707,7.2653,7.3566,462021
2015-11-04,7.4269,7.5177,7.3496,7.3777,545985
2015-11-05,7.3636,7.3707,7.2793,7.3426,223503
2015-11-06,7.1810,7.1880,7.0404,7.0896,278763
2015-11-09,7.0966,7.1634,7.0123,7.1037,429306
2015-11-10,7.0615,7.0966,6.9912,7.0685,314542
2015-11-11,7.1388,7.1388,7.0194,7.0545,172417
2015-11-12,7.0264,7.1669,7.0229,7.1529,292493
2015-11-13,7.2301,7.2442,7.1318,7.1529,432703
2015-11-16,7.1318,7.1388,7.0545,7.1107,148806
2015-11-17,7.2934,7.3074,7.2301,7.2512,267900
2015-11-18,7.3918,7.4690,7.3566,7.4690,289418
2015-11-19,7.4199,7.4550,7.3707,7.3988,281189
2015-11-20,7.4831,7.5674,7.4550,7.4901,171763
2015-11-23,7.4690,7.4761,7.3636,7.4058,271650
2015-11-24,7.2372,7.2372,6.9140,6.9280,1260703
2015-11-25,6.9561,7.0475,6.9210,6.9561,229072
2015-11-27,6.7242,6.7875,6.6821,6.7805,134294
2015-11-30,6.7805,6.8225,6.6751,6.6891,404259
2015-12-01,6.7524,6.7945,6.7383,6.7805,255723
2015-12-02,6.7805,6.7945,6.7102,6.7172,244439
2015-12-03,6.7664,6.8015,6.6961,6.7453,299866
2015-12-04,6.6399,6.6751,6.5767,6.6189,1046174
2015-12-07,6.5697,6.5697,6.4783,6.5064,434507
2015-12-08,6.5205,6.5486,6.4994,6.5205,360780
2015-12-09,6.5486,6.5767,6.4572,6.4924,553408
2015-12-10,6.3518,6.3518,6.1340,6.1481,728765
2015-12-11,6.0567,6.0708,5.9443,5.9584,478895
2015-12-14,5.9232,5.9654,5.8284,5.8881,909439
2015-12-15,6.1902,6.2183,6.1270,6.1692,894387
2015-12-16,6.2675,6.3062,6.1762,6.2956,672409
2015-12-17,6.3518,6.4010,6.2956,6.3308,448151
2015-12-18,6.1621,6.2043,6.1200,6.1481,314741
2015-12-21,6.2254,6.2394,6.1200,6.1551,285481
2015-12-22,6.0005,6.0567,5.9795,6.0146,393208
2015-12-23,6.1551,6.1902,6.1165,6.1762,318699
2015-12-24,6.1200,6.1551,6.1059,6.1270,114103
2015-12-28,6.0989,6.1200,6.0743,6.1130,233799
2015-12-29,6.2254,6.2465,6.1762,6.2183,223621
2015-12-30,6.1481,6.1551,6.0638,6.0638,306173
2015-12-31,6.0708,6.0919,5.9374,5.9654,333008
2016-01-04,5.7897,5.8741,5.7757,5.8389,508891
2016-01-05,5.7757,5.8249,5.7406,5.7897,521238
2016-01-06,5.6984,5.7616,5.6984,5.7406,256789
2016-01-07,5.6914,5.8670,5.6843,5.7546,368978
2016-01-08,5.8108,5.8249,5.6211,5.6352,271691
2016-01-11,5.7546,5.7757,5.6633,5.7195,447423
2016-01-12,5.7616,5.7757,5.6703,5.7406,919467
2016-01-13,5.9654,6.0076,5.8951,5.9232,464139
2016-01-14,5.8389,5.8811,5.7687,5.8670,391219
2016-01-15,5.6984,5.7265,5.5930,5.6843,358857
2016-01-19,5.6703,5.7476,5.6422,5.7335,426215
2016-01-20,5.5719,5.6000,5.4806,5.5860,374387
2016-01-21,5.4665,5.5508,5.4173,5.5227,456109
2016-01-22,5.6281,5.7897,5.6071,5.7616,735183
2016-01-25,5.7827,5.8600,5.7546,5.8038,279407
2016-01-26,5.9443,6.0005,5.9373,5.9584,340145
2016-01-27,6.0427,6.0638,5.9513,5.9654,265685
2016-01-28,6.0286,6.0638,5.9724,6.0357,222207
2016-01-29,6.1762,6.2394,6.1200,6.2254,380767
2016-02-01,6.1902,6.3237,6.1481,6.2886,269663
2016-02-02,6.3237,6.3537,6.2254,6.3167,689747
2016-02-03,6.3589,6.4783,6.3378,6.4221,432361
2016-02-04,6.6118,6.6540,6.5416,6.6189,508479
2016-02-05,6.5978,6.6118,6.5064,6.5135,154837
2016-02-08,6.4291,6.4362,6.3378,6.4151,289444
2016-02-09,6.2183,6.3574,6.2183,6.3097,178972
2016-02-10,6.2535,6.3729,6.2535,6.3308,121211
2016-02-11,6.3167,6.3378,6.2254,6.2816,440769
2016-02-12,6.2605,6.3378,6.2254,6.3237,301156
2016-02-16,6.3308,6.3448,6.2605,6.3237,188598
2016-02-17,6.5135,6.5837,6.5064,6.5135,287546
2016-02-18,6.6048,6.6048,6.5275,6.5626,151262
2016-02-19,6.5275,6.5626,6.4924,6.5416,347258
2016-02-22,6.5626,6.5907,6.5416,6.5837,314237
2016-02-23,6.5205,6.5345,6.4291,6.4502,186595
2016-02-24,6.3308,6.4151,6.2886,6.4151,475826
2016-02-25,6.5626,6.5978,6.5205,6.5767,235429
2016-02-26,6.4994,6.5275,6.2675,6.3518,279523
2016-02-29,6.4924,6.5978,6.4502,6.5556,328820
2016-03-01,6.5626,6.6259,6.5205,6.6048,279323
2016-03-02,6.5345,6.6399,6.5275,6.6259,108890
2016-03-03,6.6610,6.7242,6.6470,6.7102,175173
2016-03-04,6.7594,6.8788,6.7383,6.8226,239351
2016-03-07,6.8999,7.0053,6.8859,6.9983,418294
2016-03-08,7.0826,7.1107,7.0053,7.0475,610073
2016-03-09,7.0826,7.1248,7.0522,7.0896,244357
2016-03-10,7.0404,7.0475,6.8999,7.0194,348542
2016-03-11,7.1037,7.1388,7.0685,7.1177,113460
2016-03-14,7.1950,7.3004,7.1810,7.2723,247360
2016-03-15,7.1458,7.1458,7.0756,7.1107,171420
2016-03-16,7.1107,7.3074,7.0685,7.2793,288782
2016-03-17,7.3988,7.5534,7.3636,7.5393,323295
2016-03-18,7.5393,7.5955,7.5182,7.5744,1131442
2016-03-21,7.5323,7.5955,7.4902,7.5744,132234
2016-03-22,7.4831,7.6166,7.4550,7.5744,472800
2016-03-23,7.3777,7.3847,7.3004,7.3355,380005
2016-03-24,7.1037,7.2934,7.0756,7.2864,530120
2016-03-28,7.3074,7.3145,7.2372,7.2723,214278
2016-03-29,7.1248,7.2372,7.0756,7.2301,422421
2016-03-30,7.2372,7.2618,7.1880,7.2020,265762
2016-03-31,7.3566,7.3988,7.3426,7.3847,330082
2016-04-01,7.2372,7.2864,7.1810,7.2231,262087
2016-04-04,7.3074,7.3355,7.2477,7.2653,352031
2016-04-05,7.1529,7.1529,7.0404,7.0615,297990
2016-04-06,6.9421,6.9983,6.8894,6.9350,436325
2016-04-07,6.8929,6.8999,6.7875,6.8086,134429
2016-04-08,6.9702,6.9983,6.9421,6.9842,198006
2016-04-11,7.1107,7.1529,7.0826,7.1037,208343
2016-04-12,7.1177,7.1880,7.0966,7.1458,130607
2016-04-13,7.2020,7.2231,7.1599,7.1739,177752
2016-04-14,7.2161,7.2512,7.1880,7.2231,100661
2016-04-15,7.1458,7.1915,7.1318,7.1739,112252
2016-04-18,7.1669,7.2583,7.1599,7.2091,272076
2016-04-19,7.2793,7.3285,7.2477,7.3004,271884
2016-04-20,7.5463,7.5463,7.3636,7.3918,539744
2016-04-21,7.3285,7.3285,7.1880,7.2020,181738
2016-04-22,7.3074,7.4128,7.2793,7.3285,279859
2016-04-25,7.4339,7.4339,7.3426,7.3847,289918
2016-04-26,7.5182,7.5182,7.4480,7.4901,302142
2016-04-27,7.5393,7.5393,7.4269,7.4971,206761
2016-04-28,7.3847,7.4690,7.3777,7.3988,155415
2016-04-29,7.5112,7.6377,7.4620,7.5885,268845
2016-05-02,7.5253,7.5323,7.4409,7.4409,175280
2016-05-03,7.3145,7.3145,7.2442,7.2864,167991
2016-05-04,6.7594,6.8014,6.5697,6.5767,595919
2016-05-05,6.6329,6.6540,6.5275,6.5486,352267
2016-05-06,6.4994,6.5135,6.4291,6.4643,175949
2016-05-09,6.5345,6.5626,6.5170,6.5416,181230
2016-05-10,6.6329,6.6631,6.6048,6.6540,157153
2016-05-11,6.4924,6.5205,6.4783,6.5135,247350
2016-05-12,6.6048,6.6083,6.4832,6.4924,209745
2016-05-13,6.4502,6.4502,6.3729,6.3800,151860
2016-05-16,6.3167,6.3940,6.3167,6.3729,147805
2016-05-17,6.3729,6.4010,6.3448,6.3659,191901
2016-05-18,6.3097,6.3448,6.2254,6.2746,210707
2016-05-19,6.2113,6.2429,6.1621,6.2043,295294
2016-05-20,6.2675,6.3273,6.2324,6.2394,74139
2016-05-23,6.2886,6.3800,6.2605,6.2816,198544
2016-05-24,6.5064,6.5416,6.4713,6.5135,275190
2016-05-25,6.5486,6.5697,6.4924,6.4994,125101
2016-05-26,6.4221,6.4221,6.3659,6.4151,160993
2016-05-27,6.3589,6.4081,6.3589,6.4081,248604
2016-05-31,6.4643,6.4854,6.4151,6.4643,270979
2016-06-01,6.4151,6.4397,6.3729,6.4151,322927
2016-06-02,6.3659,6.3659,6.3237,6.3589,111569
2016-06-03,6.5205,6.5767,6.5135,6.5486,198089
2016-06-06,6.5767,6.6118,6.5451,6.5767,115652
2016-06-07,6.4572,6.5416,6.4572,6.5064,245213
2016-06-08,6.5907,6.6891,6.5907,6.6540,229567
2016-06-09,6.5275,6.5521,6.4854,6.5275,249709
2016-06-10,6.4502,6.4572,6.3308,6.3518,362306
2016-06-13,6.3448,6.3905,6.3378,6.3518,546269
2016-06-14,6.3237,6.3237,6.1551,6.1973,449023
2016-06-15,6.1832,6.1832,6.0427,6.0989,513200
2016-06-16,6.0497,6.0497,5.9408,6.0427,426928
2016-06-17,6.0357,6.1130,6.0216,6.0708,1476965
2016-06-20,6.3027,6.4010,6.2956,6.3518,479579
2016-06-21,6.3308,6.3835,6.2781,6.3448,359451
2016-06-22,6.3378,6.3589,6.2956,6.3167,174205
2016-06-23,6.3940,6.5205,6.3940,6.5205,273355
2016-06-24,6.1692,6.2465,6.1200,6.1481,471471
2016-06-27,6.1551,6.1621,6.0603,6.1059,208077
2016-06-28,6.2605,6.3097,6.2394,6.2605,254210
2016-06-29,6.4643,6.5099,6.4221,6.4502,154709
2016-06-30,6.4854,6.5064,6.4045,6.4291,798790
2016-07-01,6.4432,6.4854,6.4291,6.4783,317522
2016-07-05,6.4362,6.5556,6.4221,6.4221,194329
2016-07-06,6.3729,6.4502,6.2956,6.4432,452301
2016-07-07,6.4362,6.4572,6.3940,6.4221,258878
2016-07-08,6.2394,6.3308,6.2136,6.3027,336860
2016-07-11,6.3308,6.4081,6.3237,6.3940,244741
2016-07-12,6.4291,6.5486,6.4291,6.4924,132353
2016-07-13,6.5697,6.6048,6.5275,6.5556,181263
2016-07-14,6.8367,6.9491,6.8226,6.8648,387848
2016-07-15,6.8156,6.8577,6.6821,6.7313,513227
2016-07-18,6.4362,6.4643,6.2956,6.4010,811483
2016-07-19,6.3729,6.4362,6.1762,6.1902,697010
2016-07-20,6.1411,6.1692,6.0146,6.0357,563620
2016-07-21,5.8670,5.9647,5.8178,5.9162,1702960
2016-07-22,6.0146,6.1516,5.9513,6.1340,989151
2016-07-25,6.2183,6.2606,6.1551,6.2043,1099777
2016-07-26,6.2183,6.2324,6.1340,6.1692,528578
2016-07-27,6.1902,6.2324,6.0848,6.1902,371550
2016-07-28,6.1902,6.1902,6.0638,6.0919,226381
2016-07-29,6.1340,6.1340,6.0497,6.0638,380972
2016-08-01,6.1270,6.1481,6.0708,6.0778,436661
2016-08-02,6.0427,6.0427,5.8530,5.9513,519368
2016-08-03,5.8389,5.8670,5.7968,5.8178,273043
2016-08-04,5.8600,5.8881,5.8530,5.8741,210570
2016-08-05,5.8530,5.9162,5.8530,5.9092,172551
2016-08-08,6.0427,6.0848,6.0146,6.0497,460634
2016-08-09,6.0708,6.1094,6.0497,6.0708,179163
2016-08-10,6.1200,6.1762,6.0919,6.1411,293123
2016-08-11,6.2113,6.2535,6.1902,6.2324,210490
2016-08-12,6.1692,6.1902,6.0848,6.1059,172215
2016-08-15,6.0778,6.1130,6.0497,6.0989,135193
2016-08-16,6.0848,6.0848,6.0216,6.0286,155717
2016-08-17,6.0778,6.1130,6.0497,6.0919,134990
2016-08-18,6.0427,6.0567,5.9724,6.0216,234982
2016-08-19,5.9795,6.0286,5.9654,6.0286,144818
2016-08-22,5.9935,5.9935,5.9303,5.9373,267690
2016-08-23,5.9724,5.9935,5.8600,5.8670,215640
2016-08-24,5.8389,5.8996,5.8249,5.8741,180531
2016-08-25,5.9022,5.9443,5.9022,5.9232,159250
2016-08-26,5.8811,5.9654,5.7406,5.8038,638063
2016-08-29,5.8389,5.8389,5.7827,5.7897,202707
2016-08-30,5.8108,5.8178,5.7546,5.7827,292453
2016-08-31,5.8811,5.9022,5.7827,5.8319,225078
2016-09-01,5.8741,5.8951,5.8459,5.8951,338151
2016-09-02,5.9373,5.9795,5.9092,5.9513,138279
2016-09-06,5.9513,5.9795,5.9162,5.9513,519618
2016-09-07,5.9654,5.9724,5.9022,5.9303,201783
2016-09-08,5.9092,5.9232,5.8645,5.8811,79854
2016-09-09,5.7827,5.8038,5.7406,5.7616,185353
2016-09-12,5.6984,5.7968,5.6843,5.7968,123628
2016-09-13,5.7265,5.7265,5.5719,5.6211,278429
2016-09-14,5.7968,5.7968,5.5860,5.6141,144303
2016-09-15,5.6071,5.7616,5.6071,5.7335,360642
2016-09-16,5.6984,5.7195,5.6633,5.6984,258370
2016-09-19,5.7897,5.8108,5.7476,5.7757,244645
2016-09-20,5.7757,5.7827,5.6949,5.7195,256820
2016-09-21,5.7968,5.8459,5.7546,5.8459,116702
2016-09-22,5.8811,5.9513,5.8811,5.9232,127668
2016-09-23,5.9022,5.9268,5.8811,5.9022,237040
2016-09-26,5.7757,5.8038,5.7406,5.7897,203828
2016-09-27,5.7687,5.7827,5.7345,5.7757,146451
2016-09-28,5.7827,5.8249,5.7335,5.8108,116872
2016-09-29,5.7546,5.7687,5.6843,5.7054,170596
2016-09-30,5.6984,5.7054,5.6375,5.6633,140146
2016-10-03,5.6492,5.6949,5.6141,5.6914,146881
2016-10-04,5.6281,5.6422,5.5649,5.5930,185854
2016-10-05,5.6071,5.6562,5.5789,5.6492,172136
2016-10-06,5.6492,5.7054,5.6422,5.6843,92173
2016-10-07,5.7616,5.7968,5.6843,5.7124,558602
2016-10-10,5.6352,5.6492,5.5860,5.6141,291831
2016-10-11,5.6914,5.7054,5.6246,5.6773,298571
2016-10-12,5.6422,5.6633,5.6071,5.6492,195647
2016-10-13,5.6141,5.6141,5.5227,5.5719,173933
2016-10-14,5.6211,5.6211,5.5508,5.5930,99507
2016-10-17,5.5298,5.5579,5.4981,5.5579,168866
2016-10-18,5.5298,5.5719,5.5298,5.5649,229189
2016-10-19,5.6422,5.6984,5.6352,5.6633,457318
2016-10-20,5.7054,5.7476,5.6492,5.6773,279020
2016-10-21,5.6000,5.6352,5.5719,5.6211,249613
2016-10-24,5.6773,5.6984,5.6633,5.6773,97991
2016-10-25,5.7406,5.7511,5.7054,5.7335,196050
2016-10-26,5.7406,5.8249,5.7229,5.7757,614646
2016-10-27,5.6984,5.7054,5.6457,5.6843,229412
2016-10-28,5.6211,5.6949,5.6141,5.6281,121150
2016-10-31,5.5930,5.6492,5.5930,5.6352,125304
2016-11-01,5.5719,5.5719,5.4806,5.5017,187754
2016-11-02,5.4665,5.4736,5.2838,5.2909,240416
2016-11-03,5.4244,5.5017,5.4103,5.4173,157203
2016-11-04,5.3822,5.3822,5.3190,5.3541,274652
2016-11-07,5.4033,5.4244,5.3225,5.3260,689506
2016-11-08,5.3330,5.3682,5.3049,5.3190,863396
2016-11-09,5.2276,5.3260,5.1784,5.2979,345285
2016-11-10,5.2347,5.2557,5.1363,5.1503,476552
2016-11-11,5.0871,5.1082,5.0309,5.0730,219057
2016-11-14,5.0449,5.0449,4.9606,4.9817,222795
2016-11-15,4.9817,5.0801,4.9817,5.0379,161649
2016-11-16,4.9466,5.0309,4.9290,4.9887,431548
2016-11-17,4.9536,4.9887,4.9185,4.9466,619144
2016-11-18,5.0309,5.0801,5.0239,5.0520,221264
2016-11-21,5.0379,5.0801,5.0028,5.0168,327062
2016-11-22,5.0098,5.0379,4.9395,4.9677,308488
2016-11-23,4.9114,4.9606,4.9114,4.9536,185980
2016-11-25,4.9958,5.0360,4.9887,5.0168,110919
2016-11-28,4.9466,5.0098,4.9325,4.9817,234541
2016-11-29,4.8131,4.8271,4.7569,4.7779,286023
2016-11-30,4.6515,4.7182,4.6163,4.6374,686320
2016-12-01,4.4895,4.6234,4.4618,4.5109,699888
2016-12-02,4.4969,4.5461,4.4758,4.5250,387881
2016-12-05,4.5109,4.5917,4.4969,4.5671,600134
2016-12-06,4.6023,4.6936,4.5882,4.6585,364881
2016-12-07,4.7358,4.7920,4.7240,4.7428,534923
2016-12-08,4.6093,4.7569,4.6093,4.7077,480724
2016-12-09,4.6515,4.7006,4.6093,4.6655,409417
2016-12-12,4.6093,4.6796,4.6023,4.6444,265364
2016-12-13,4.6163,4.7077,4.6163,4.6585,485760
2016-12-14,4.6304,4.6304,4.4688,4.4758,599715
2016-12-15,4.5953,4.6128,4.4758,4.5601,786535
2016-12-16,4.6585,4.6725,4.5988,4.6163,329282
2016-12-19,4.7006,4.7077,4.5953,4.6515,624357
2016-12-20,4.6585,4.6725,4.5882,4.6234,536922
2016-12-21,4.6515,4.6655,4.6093,4.6234,344837
2016-12-22,4.6444,4.7639,4.6444,4.7288,523435
2016-12-23,4.7006,4.7850,4.6866,4.7779,275923
2016-12-27,4.6866,4.7604,4.6796,4.7498,397213
2016-12-28,4.7147,4.7428,4.7006,4.7288,216000
2016-12-29,4.7498,4.8412,4.7498,4.8201,362970
2016-12-30,4.8412,4.8763,4.8025,4.8482,377588
2017-01-03,4.6093,4.7358,4.5953,4.6866,1102434
2017-01-04,4.6936,4.8131,4.6866,4.7920,647946
2017-01-05,4.7288,4.8271,4.7217,4.7920,543275
2017-01-06,4.7990,4.8763,4.7920,4.7990,470874
2017-01-09,4.7639,4.9114,4.7498,4.8482,605676
2017-01-10,4.7920,4.8201,4.7850,4.7850,272669
2017-01-11,4.6515,4.7358,4.5671,4.6936,784859
2017-01-12,4.8412,4.9290,4.8271,4.8974,696090
2017-01-13,4.9044,5.0028,4.8306,4.9536,752782
2017-01-17,4.8974,4.9887,4.8377,4.9395,735509
2017-01-18,4.8763,4.9185,4.8482,4.8763,372653
2017-01-19,4.8833,5.0168,4.8482,4.9958,1006877
2017-01-20,5.0239,5.0660,4.9782,5.0309,545703
2017-01-23,5.0520,5.1363,5.0520,5.1082,421552
2017-01-24,5.1433,5.2065,5.1152,5.1784,874672
2017-01-25,5.0520,5.0941,5.0309,5.0801,434820
2017-01-26,5.0660,5.1152,5.0449,5.0730,259728
2017-01-27,5.0660,5.1363,5.0520,5.1363,320334
2017-01-30,5.2628,5.3014,5.2206,5.2768,718310
2017-01-31,5.2838,5.3049,5.2065,5.2347,606171
2017-02-01,5.1644,5.1995,5.1082,5.1714,564593
2017-02-02,5.2557,5.2979,5.2276,5.2487,419435
2017-02-03,5.3119,5.3119,5.2628,5.2698,415737
2017-02-06,5.2628,5.2768,5.2276,5.2557,324368
2017-02-07,5.2206,5.2487,5.1925,5.2276,394925
2017-02-08,5.2276,5.2768,5.2065,5.2698,231924
2017-02-09,5.3401,5.4244,5.3330,5.4173,786933
2017-02-10,5.2838,5.4736,5.2347,5.4033,945379
2017-02-13,5.3822,5.4244,5.3541,5.3892,466271
2017-02-14,5.3822,5.3892,5.2801,5.3260,683480
2017-02-15,5.2136,5.3892,5.1995,5.3049,1199940
2017-02-16,5.4103,5.4736,5.3892,5.4244,2571172
2017-02-17,5.5508,5.7546,5.5508,5.7406,1828139
2017-02-21,5.7195,5.8038,5.6984,5.7968,661153
2017-02-22,5.8108,5.8459,5.7406,5.8459,777011
2017-02-23,5.9022,6.0040,5.9022,5.9443,697939
2017-02-24,5.8670,5.8951,5.8319,5.8459,317314
2017-02-27,5.8459,5.8459,5.7616,5.8178,460884
2017-02-28,5.8038,5.8249,5.7757,5.7968,407281
2017-03-01,5.8319,5.9232,5.8319,5.8951,269922
2017-03-02,5.8459,5.8811,5.8249,5.8741,241012
2017-03-03,5.8530,5.9232,5.8389,5.8951,355754
2017-03-06,5.9022,5.9408,5.8811,5.9092,317174
2017-03-07,5.8951,5.9232,5.8600,5.9022,280825
2017-03-08,5.7195,5.8178,5.7195,5.7687,453403
2017-03-09,5.7335,5.7476,5.6598,5.6773,586659
2017-03-10,5.7195,5.7687,5.6773,5.7476,332157
2017-03-13,5.6843,5.7441,5.6843,5.7265,321667
2017-03-14,5.7054,5.7827,5.6984,5.7265,317791
2017-03-15,5.7476,5.8319,5.7335,5.8178,331957
2017-03-16,5.8600,5.9935,5.8530,5.9654,410957
2017-03-17,5.9513,6.0638,5.9373,6.0567,301391
2017-03-20,6.0778,6.0989,6.0461,6.0919,319905
2017-03-21,6.0216,6.0321,5.9513,5.9513,351842
2017-03-22,5.9092,5.9724,5.8881,5.9513,380267
2017-03-23,5.9303,5.9724,5.9022,5.9303,593449
2017-03-24,5.9232,5.9724,5.8951,5.9513,262470
2017-03-27,5.8951,5.9232,5.8776,5.9092,429703
2017-03-28,5.9373,5.9654,5.8108,5.8319,3460843
2017-03-29,5.8319,5.8741,5.8038,5.8319,399881
2017-03-30,5.8389,5.8600,5.8178,5.8249,172815
2017-03-31,5.8249,5.8600,5.7968,5.8178,270612
2017-04-03,5.8249,5.8249,5.7406,5.8108,202034
2017-04-04,5.7968,5.7968,5.7511,5.7687,138386
2017-04-05,5.7406,5.7476,5.6984,5.6984,209198
2017-04-06,5.6633,5.7195,5.6633,5.6633,236124
2017-04-07,5.6352,5.6914,5.6352,5.6492,234075
2017-04-10,5.6703,5.7546,5.6703,5.6984,183813
2017-04-11,5.7335,5.7616,5.7054,5.7406,208695
2017-04-12,5.7757,5.7897,5.7124,5.7546,228533
2017-04-13,5.7265,5.7897,5.7265,5.7335,251042
2017-04-17,5.7335,5.7546,5.6633,5.6914,222554
2017-04-18,5.6422,5.6843,5.6352,5.6703,137219
2017-04-19,5.6984,5.7195,5.6422,5.6562,222189
2017-04-20,5.8459,5.8600,5.8001,5.8600,378687
2017-04-21,5.9092,5.9092,5.8389,5.8530,324890
2017-04-24,6.0638,6.0989,6.0497,6.0567,420170
2017-04-25,6.1551,6.2113,6.1481,6.1973,293364
2017-04-26,6.1973,6.2043,6.0213,6.0638,292869
2017-04-27,6.1059,6.1481,6.0497,6.1340,265415
2017-04-28,6.1481,6.1762,6.1340,6.1481,219195
2017-05-01,6.1621,6.1621,6.0743,6.1059,119262
2017-05-02,6.1130,6.1692,6.0989,6.1481,201545
2017-05-03,6.1200,6.1270,5.7968,5.8319,1049195
2017-05-04,5.6633,5.7616,5.6303,5.7195,999314
2017-05-05,5.7687,5.8565,5.7369,5.8530,690748
2017-05-08,5.7968,5.7968,5.7300,5.7406,587607
2017-05-09,5.7195,5.7757,5.6949,5.7124,277777
2017-05-10,5.7406,5.7862,5.7019,5.7757,517592
2017-05-11,5.7476,5.7827,5.7028,5.7757,196385
2017-05-12,5.7476,5.7897,5.7406,5.7616,228837
2017-05-15,5.7968,5.8565,5.7757,5.8530,175628
2017-05-16,5.7687,5.8108,5.7476,5.8038,383462
2017-05-17,5.6984,5.7124,5.6422,5.6422,242759
2017-05-18,5.4876,5.5368,5.4736,5.5017,285248
2017-05-19,5.5438,5.6914,5.5368,5.6422,408709
2017-05-22,5.6914,5.7335,5.6633,5.6914,192193
2017-05-23,5.7265,5.7792,5.6843,5.6843,672482
2017-05-24,5.7335,5.9795,5.7335,5.9795,681306
2017-05-25,5.8741,5.9092,5.8459,5.9022,625606
2017-05-26,5.9303,5.9513,5.9022,5.9373,202385
2017-05-30,5.9443,6.0497,5.9232,6.0076,547138
2017-05-31,6.0848,6.0989,6.0286,6.0567,245083
2017-06-01,6.0357,6.0813,6.0076,6.0497,239926
2017-06-02,6.1130,6.1340,6.0778,6.1200,319925
2017-06-05,6.0286,6.0708,5.9935,6.0638,329610
2017-06-06,6.0497,6.0778,6.0357,6.0708,352513
2017-06-07,5.9373,5.9795,5.8811,5.9092,373989
2017-06-08,5.9654,5.9811,5.9232,5.9724,172799
2017-06-09,5.9935,6.0076,5.9162,5.9654,507461
2017-06-12,6.0076,6.0216,5.9654,5.9795,537908
2017-06-13,6.0778,6.0848,6.0146,6.0497,2021068
2017-06-14,6.0567,6.0567,5.9443,5.9865,2493289
2017-06-15,5.9030,5.9468,5.8518,5.9249,945473
2017-06-16,5.8737,5.9833,5.8518,5.9760,558195
2017-06-19,5.9468,5.9906,5.9176,5.9906,171652
2017-06-20,5.9322,5.9468,5.8810,5.9030,159317
2017-06-21,5.9468,5.9468,5.8737,5.9322,230098
2017-06-22,5.9760,6.0198,5.9760,5.9906,126138
2017-06-23,6.0345,6.0491,6.0125,6.0345,120931
2017-06-26,6.0564,6.0929,6.0272,6.0345,178226
2017-06-27,6.0272,6.0272,5.9314,5.9395,237754
2017-06-28,5.9760,6.0491,5.9541,5.9906,280694
2017-06-29,5.9906,6.0016,5.9103,5.9395,155318
2017-06-30,5.9760,6.0491,5.9760,5.9906,228524
2017-07-03,5.9906,6.0308,5.9760,5.9979,99712
2017-07-05,5.9541,5.9687,5.8957,5.9541,226660
2017-07-06,5.9395,5.9468,5.8883,5.9103,146288
2017-07-07,5.9030,5.9103,5.8518,5.8737,156904
2017-07-10,5.9103,5.9724,5.8883,5.9468,152533
2017-07-11,5.9030,5.9870,5.8883,5.9614,211443
2017-07-12,6.0272,6.0746,6.0089,6.0710,157852
2017-07-13,6.0783,6.0966,6.0272,6.0783,201925
2017-07-14,6.1221,6.1660,6.1002,6.1221,156836
2017-07-17,6.2025,6.2938,6.1871,6.2902,436196
2017-07-18,6.2682,6.2829,6.2317,6.2463,182536
2017-07-19,6.2902,6.3851,6.2902,6.3559,150161
2017-07-20,6.3413,6.3632,6.3230,6.3340,117201
2017-07-21,6.3559,6.3705,6.2902,6.3632,97969
2017-07-24,6.3194,6.4363,6.2975,6.3851,507714
2017-07-25,6.4655,6.5605,6.4582,6.4947,420263
2017-07-26,6.6116,6.6262,6.5385,6.5751,271815
2017-07-27,6.7650,6.9257,6.7541,6.7723,447565
2017-07-28,6.8089,6.8381,6.7723,6.7942,3750970
2017-07-31,6.6993,6.7577,6.6774,6.7212,1903531
2017-08-01,6.5605,6.5824,6.5020,6.5020,1493679
2017-08-02,6.4436,6.5203,6.4144,6.5020,1825940
2017-08-03,6.5312,6.6006,6.5312,6.5824,363439
2017-08-04,6.5678,6.6335,6.5459,6.6262,229039
2017-08-07,6.5897,6.6262,6.5787,6.6116,244617
2017-08-08,6.6043,6.6591,6.6043,6.6189,203250
2017-08-09,6.5897,6.6226,6.5824,6.6043,193626
2017-08-10,6.6481,6.6920,6.5970,6.6043,282670
2017-08-11,6.5897,6.6700,6.5897,6.6481,295646
2017-08-14,6.7066,6.7877,6.7066,6.7577,313853
2017-08-15,6.6335,6.6664,6.5897,6.6554,210134
2017-08-16,6.6335,6.8016,6.6043,6.7796,497621
2017-08-17,6.6774,6.7504,6.6116,6.6335,883032
2017-08-18,6.6116,6.6700,6.5605,6.6116,257400
2017-08-21,6.7358,6.8089,6.7285,6.7796,290476
2017-08-22,6.7869,6.8856,6.7869,6.8746,159484
2017-08-23,6.9477,7.0280,6.9477,6.9988,332453
2017-08-24,7.0280,7.0353,6.8892,6.8965,563711
2017-08-25,6.9331,6.9878,6.9038,6.9623,1428438
2017-08-28,7.0572,7.0806,6.9404,6.9696,1218866
2017-08-29,7.0426,7.0572,6.9988,7.0134,1190149
2017-08-30,6.9988,7.0134,6.9404,6.9477,426848
2017-08-31,6.9842,7.0134,6.8783,6.9111,1027096
2017-09-01,6.9477,6.9842,6.9038,6.9257,423277
2017-09-05,6.9184,6.9586,6.8308,6.8673,1601816
2017-09-06,6.9331,6.9696,6.9111,6.9111,928864
2017-09-07,6.8819,6.9184,6.8454,6.9184,1284692
2017-09-08,6.8673,6.8892,6.8454,6.8673,192945
2017-09-11,7.0207,7.0572,6.9842,7.0207,270532
2017-09-12,7.0134,7.0463,6.9769,6.9915,433662
2017-09-13,6.9404,6.9404,6.8454,6.8746,330737
2017-09-14,6.6627,6.8381,6.6554,6.8016,438042
2017-09-15,6.7675,6.8280,6.7523,6.7977,420605
2017-09-18,6.6691,6.6842,6.4344,6.4950,1898742
2017-09-19,6.6085,6.7069,6.5934,6.6918,1022631
2017-09-20,6.7069,6.7599,6.6350,6.6842,330454
2017-09-21,6.5252,6.5555,6.4874,6.5328,356379
2017-09-22,6.5555,6.5782,6.5290,6.5404,159927
2017-09-25,6.5404,6.5404,6.4344,6.4798,444161
2017-09-26,6.4647,6.5214,6.4647,6.4874,248756
2017-09-27,6.4268,6.4495,6.3587,6.3663,646550
2017-09-28,6.5479,6.6047,6.5404,6.5404,854630
2017-09-29,6.6388,6.7340,6.6236,6.6766,828944
2017-10-02,6.5555,6.5858,6.5177,6.5479,431049
2017-10-03,6.4722,6.5101,6.4420,6.4495,769599
2017-10-04,6.4571,6.4874,6.4495,6.4647,734891
2017-10-05,6.6464,6.6918,6.6236,6.6388,783572
2017-10-06,6.6009,6.6691,6.6009,6.6615,303603
2017-10-09,6.4495,6.4571,6.3360,6.4117,447614
2017-10-10,6.6312,6.6615,6.5177,6.5252,208120
2017-10-11,6.7220,6.7977,6.7031,6.7902,482171
2017-10-12,6.8356,6.9794,6.8205,6.9643,491755
2017-10-13,6.9946,7.0513,6.9719,6.9946,341230
2017-10-16,6.9567,7.0097,6.9340,6.9794,218531
2017-10-17,7.2217,7.2595,7.1649,7.2595,574252
2017-10-18,7.2822,7.2822,7.1914,7.2292,422646
2017-10-19,7.2141,7.3125,7.2065,7.2444,311400
2017-10-20,7.1914,7.2595,7.1687,7.2292,544988
2017-10-23,7.1687,7.1762,7.1460,7.1535,470651
2017-10-24,7.1460,7.2141,7.1460,7.1990,358522
2017-10-25,7.1535,7.1914,6.9567,6.9643,610747
2017-10-26,7.0854,7.0854,6.9416,6.9870,583825
2017-10-27,7.1308,7.2671,7.0703,7.2368,1938698
2017-10-30,7.1762,7.1914,7.0551,7.1157,1409500
2017-10-31,7.0930,7.1384,6.9832,7.1081,522574
2017-11-01,7.2217,7.4109,7.2217,7.3958,574097
2017-11-02,7.0476,7.1687,7.0324,7.1535,813343
2017-11-03,6.9113,6.9264,6.8583,6.9037,445649
2017-11-06,7.0930,7.2217,7.0778,7.1762,559406
2017-11-07,7.0930,7.1460,7.0703,7.1157,522869
2017-11-08,6.9037,6.9946,6.8886,6.9340,472280
2017-11-09,6.8810,6.9491,6.8810,6.9340,296327
2017-11-10,6.8280,6.8886,6.8205,6.8280,269781
2017-11-13,6.8432,6.8507,6.8053,6.8205,172341
2017-11-14,6.9794,6.9870,6.8583,6.8886,259778
2017-11-15,6.9946,7.0021,6.9151,6.9340,288250
2017-11-16,7.0173,7.0173,6.9264,6.9946,321218
2017-11-17,6.9794,7.0476,6.9567,7.0400,390315
2017-11-20,6.8432,6.8999,6.8432,6.8810,303911
2017-11-21,6.8886,6.9756,6.8653,6.9567,397296
2017-11-22,6.8507,6.9643,6.8072,6.9491,295383
2017-11-24,6.9264,6.9983,6.9085,6.9870,140415
2017-11-27,6.8962,6.9491,6.8962,6.9113,198154
2017-11-28,6.8886,6.8886,6.7768,6.8432,286992
2017-11-29,7.0021,7.0173,6.9491,6.9794,373353
2017-11-30,7.3352,7.3503,7.1990,7.2519,779532
2017-12-01,7.2444,7.2869,7.1043,7.1838,548198
2017-12-04,7.1535,7.2509,7.0665,7.1838,1008037
2017-12-05,7.2974,7.3466,7.2747,7.3276,473526
2017-12-06,7.2747,7.4819,7.2292,7.2671,410390
2017-12-07,7.2822,7.2974,7.2444,7.2822,305415
2017-12-08,7.3579,7.4366,7.3125,7.3352,276960
2017-12-11,7.5017,7.5320,7.4715,7.4942,350841
2017-12-12,7.4942,7.5093,7.4412,7.4790,308524
2017-12-13,7.5093,7.6304,7.5093,7.6077,312958
2017-12-14,7.5472,7.6002,7.5320,7.5396,278056
2017-12-15,7.5129,7.5715,7.4193,7.5364,678313
2017-12-18,7.6456,7.7782,7.6300,7.7548,324730
2017-12-19,7.6885,7.7080,7.6534,7.6768,345122
2017-12-20,7.5129,7.5754,7.4895,7.5754,306424
2017-12-21,7.6534,7.7392,7.6534,7.7158,177919
2017-12-22,7.6924,7.7782,7.6378,7.7704,206975
2017-12-26,7.7938,7.8796,7.7744,7.8484,247943
2017-12-27,7.6534,7.7479,7.6534,7.7158,343139
2017-12-28,7.8718,7.9342,7.8640,7.9030,270444
2017-12-29,7.8952,8.0200,7.8874,7.9576,207833
2018-01-02,8.0435,8.1059,8.0435,8.0981,241930
2018-01-03,7.8484,7.9966,7.8366,7.8562,388270
2018-01-04,7.6222,7.8094,7.6222,7.7938,434599
2018-01-05,7.8640,8.0083,7.8640,7.9732,301140
2018-01-08,8.0044,8.0044,7.9186,7.9654,199354
2018-01-09,7.7470,7.7782,7.6924,7.7548,424573
2018-01-10,7.5676,7.5988,7.5364,7.5442,315296
2018-01-11,7.4193,7.5910,7.4037,7.5676,361842
2018-01-12,7.4973,7.5598,7.4739,7.5520,422129
2018-01-16,7.3959,7.4817,7.3959,7.4271,440339
2018-01-17,7.6846,7.7704,7.6846,7.7080,424993
2018-01-18,8.1137,8.1839,7.9966,8.0903,633724
2018-01-19,7.9654,7.9654,7.8484,7.8718,384011
2018-01-22,8.1683,8.3321,8.1527,8.3165,536910
2018-01-23,8.7534,8.8080,8.6364,8.6832,492864
2018-01-24,8.5428,8.6208,8.4725,8.5350,533248
2018-01-25,8.5350,8.5740,8.3945,8.4179,593689
2018-01-26,8.5116,8.5350,8.4569,8.5037,217166
2018-01-29,8.3867,8.4959,8.3399,8.4569,296673
2018-01-30,8.2775,8.3165,8.1995,8.2463,303767
2018-01-31,8.1605,8.1683,8.0786,8.1527,553588
2018-02-01,8.0669,8.1683,8.0513,8.1137,243234
2018-02-02,7.9810,8.0279,7.9186,7.9654,347728
2018-02-05,7.9030,8.0122,7.7782,7.7860,433043
2018-02-06,7.8172,8.0389,7.8172,8.0200,454124
2018-02-07,7.8250,7.9420,7.7938,7.8016,376180
2018-02-08,7.9342,8.0357,7.7704,7.7704,430728
2018-02-09,7.7470,7.7938,7.6066,7.7080,338604
2018-02-12,7.8874,7.9420,7.8094,7.8952,193877
2018-02-13,7.8484,7.9108,7.8367,7.8640,194287
2018-02-14,7.7626,7.8952,7.7236,7.8796,372559
2018-02-15,7.9186,8.0669,7.8874,8.0591,224505
2018-02-16,8.0044,8.0825,7.9576,7.9966,394932
2018-02-20,7.7860,7.8016,7.5364,7.5832,601812
2018-02-21,7.7392,7.8328,7.7158,7.7392,547401
2018-02-22,7.7782,7.7860,7.6846,7.7158,406393
2018-02-23,7.8172,7.8484,7.7236,7.8250,255863
2018-02-26,7.9654,7.9654,7.8289,7.9264,401376
2018-02-27,7.9966,8.0122,7.8718,7.8718,381386
2018-02-28,7.8406,7.8406,7.7158,7.7236,508134
2018-03-01,7.5988,7.6378,7.5168,7.5988,299603
2018-03-02,7.4661,7.6300,7.4661,7.5988,344509
2018-03-05,7.5129,7.6066,7.4661,7.5832,231596
2018-03-06,7.6534,7.6534,7.5779,7.5988,201040
2018-03-07,7.5910,7.6378,7.5559,7.5832,129334
2018-03-08,7.5520,7.5520,7.4739,7.5285,186259
2018-03-09,7.5051,7.5832,7.4973,7.5598,138349
2018-03-12,7.5364,7.5520,7.4661,7.5051,139862
2018-03-13,7.4817,7.5285,7.4583,7.4739,146160
2018-03-14,7.7626,7.7704,7.6300,7.6456,236174
2018-03-15,7.7080,7.7450,7.6768,7.6846,359101
2018-03-16,7.6534,7.6612,7.5598,7.5676,419624
2018-03-19,7.4193,7.4973,7.3803,7.4739,515075
2018-03-20,7.4427,7.4583,7.3959,7.4193,175732
2018-03-21,7.5988,7.6417,7.5520,7.5988,256433
2018-03-22,7.4895,7.5364,7.4427,7.4505,328280
2018-03-23,7.4193,7.4271,7.2399,7.2477,258319
2018-03-26,7.3647,7.4232,7.2789,7.3959,430463
2018-03-27,7.3803,7.3803,7.2165,7.2555,193875
2018-03-28,7.2009,7.2009,7.1035,7.1385,313185
2018-03-29,7.3179,7.4895,7.2945,7.4583,580771
2018-04-02,7.4583,7.4973,7.3179,7.3413,167414
2018-04-03,7.4349,7.4661,7.3881,7.4427,262417
2018-04-04,7.4037,7.4661,7.3725,7.4661,126991
2018-04-05,7.3569,7.3881,7.2946,7.3179,445827
2018-04-06,7.1229,7.1463,7.0487,7.0995,1289095
2018-04-09,7.0292,7.0448,6.9356,6.9590,445734
2018-04-10,6.7796,6.8654,6.7562,6.8498,593218
2018-04-11,6.4597,6.6626,6.4597,6.6314,1124263
2018-04-12,6.8654,6.9017,6.7484,6.7640,392410
2018-04-13,6.7874,6.7952,6.6392,6.7172,431092
2018-04-16,6.7172,6.7796,6.6938,6.7562,186002
2018-04-17,6.7718,6.8108,6.7640,6.8030,129465
2018-04-18,6.8732,7.1229,6.8654,7.0527,544079
2018-04-19,7.0292,7.0292,6.9746,7.0058,187956
2018-04-20,6.9902,6.9980,6.9278,6.9434,188968
2018-04-23,6.9434,6.9746,6.8342,6.8420,224543
2018-04-24,6.7796,6.9668,6.7562,6.9200,300035
2018-04-25,6.8342,6.8518,6.7640,6.8186,334901
2018-04-26,6.7952,6.9044,6.7874,6.8888,231052
2018-04-27,6.8810,6.9395,6.8654,6.9044,148391
2018-04-30,6.9200,6.9356,6.7016,6.7484,428162
2018-05-01,6.7016,6.7172,6.6314,6.6314,212925
2018-05-02,6.4051,6.5143,6.3661,6.4519,549378
2018-05-03,6.3193,6.3427,6.1243,6.2569,871297
2018-05-04,5.9292,6.1243,5.9214,6.0853,894536
2018-05-07,5.8200,5.9292,5.7576,5.8668,766278
2018-05-08,5.7420,5.8005,5.7264,5.7810,581400
2018-05-09,5.9916,6.0267,5.9448,5.9760,583060
2018-05-10,6.0384,6.1555,5.9760,6.1399,451529
2018-05-11,5.9214,5.9916,5.8902,5.9838,340360
2018-05-14,6.0306,6.0540,5.9526,5.9604,245915
2018-05-15,5.7888,5.8044,5.7381,5.7576,440001
2018-05-16,5.8278,5.8512,5.7654,5.7888,300107
2018-05-17,5.7030,5.7342,5.6562,5.6796,384214
2018-05-18,5.6718,5.7030,5.6328,5.6484,230000
2018-05-21,5.5469,5.6016,5.5157,5.5547,484312
2018-05-22,5.5235,5.5625,5.4962,5.5079,711094
2018-05-23,5.2115,5.6484,5.1608,5.6328,3316828
2018-05-24,5.3831,5.4806,5.2895,5.4611,983869
2018-05-25,5.3363,5.3753,5.2856,5.3051,1603751
2018-05-29,5.5547,5.6406,5.5001,5.5235,2235675
2018-05-30,5.5391,5.5391,5.4221,5.4689,2031528
2018-05-31,5.2817,5.2817,5.1569,5.2115,3030221
2018-06-01,5.0398,5.1413,4.9618,5.0242,2990809
2018-06-04,5.1257,5.1842,5.0866,5.0944,1985365
2018-06-05,5.0476,5.0886,4.9357,5.0398,1261777
2018-06-06,4.9852,5.0983,4.9696,5.0788,1270694
2018-06-07,5.1413,5.1881,5.0788,5.1179,982029
2018-06-08,5.1101,5.1881,5.0710,5.1647,515952
2018-06-11,5.1491,5.1881,5.1022,5.1335,465070
2018-06-12,5.0398,5.0788,5.0086,5.0398,1127225
2018-06-13,4.9072,4.9228,4.8226,4.8604,1412289
2018-06-14,4.9150,5.0086,4.8682,4.8838,763750
2018-06-15,4.8604,4.9306,4.8097,4.8838,929894
2018-06-18,4.7991,4.8311,4.7360,4.7991,1501379
2018-06-19,4.7831,4.9431,4.7712,4.8791,1624098
2018-06-20,4.9671,4.9671,4.8951,4.9191,898841
2018-06-21,5.0151,5.0311,4.9231,4.9351,967116
2018-06-22,4.9111,5.0071,4.8791,4.9671,578350
2018-06-25,5.0231,5.0471,4.9231,4.9511,1030886
2018-06-26,5.0951,5.0951,4.9671,4.9831,955063
2018-06-27,5.1111,5.2711,5.0870,5.1031,1126386
2018-06-28,5.3271,5.3670,5.1831,5.2311,1091920
2018-06-29,5.3430,5.3510,5.2151,5.2311,678544
2018-07-02,5.1751,5.1911,5.1111,5.1591,493519
2018-07-03,5.2071,5.2231,5.1711,5.2071,591111
2018-07-05,5.4550,5.4990,5.4390,5.4950,793087
2018-07-06,5.5270,5.5430,5.4950,5.5350,502452
2018-07-09,5.6710,5.7190,5.4550,5.5190,1594859
2018-07-10,5.1671,5.1831,5.0951,5.1431,1665273
2018-07-11,4.8151,4.8791,4.6952,4.7112,2265677
2018-07-12,4.5512,4.7192,4.5512,4.6712,1518764
2018-07-13,4.5912,4.6632,4.5631,4.6392,742339
2018-07-16,4.6472,4.6792,4.5518,4.6472,876949
2018-07-17,4.6632,4.7512,4.6156,4.7272,780624
2018-07-18,4.7752,4.8471,4.7672,4.8071,785126
2018-07-19,4.7432,4.8071,4.7112,4.7592,1467410
2018-07-20,4.9031,4.9431,4.8391,4.8551,901842
2018-07-23,5.0551,5.0551,4.9551,4.9671,872297
2018-07-24,4.6552,4.7911,4.6312,4.6952,1326593
2018-07-25,4.8791,5.0791,4.7991,5.0551,1034272
2018-07-26,5.1431,5.1831,4.9591,5.0631,1364581
2018-07-27,5.0951,5.1271,5.0151,5.0711,605008
2018-07-30,5.1511,5.1671,5.0951,5.1431,649446
2018-07-31,5.1751,5.2231,5.1431,5.1911,524308
2018-08-01,5.3590,5.3670,5.1271,5.1511,1189567
2018-08-02,4.9431,4.9591,4.8471,4.8951,780318
2018-08-03,4.9351,4.9351,4.8631,4.9111,469406
2018-08-06,4.7192,4.7592,4.6872,4.7032,941483
2018-08-07,4.7592,4.8551,4.7312,4.7752,599549
2018-08-08,4.7672,4.7752,4.7192,4.7352,472307
2018-08-09,4.6232,4.6392,4.4872,4.5272,1124819
2018-08-10,3.6953,4.0033,3.6059,3.9353,4964691
2018-08-13,3.5034,3.7513,3.4874,3.5834,5844584
2018-08-14,3.6394,3.7193,3.5594,3.6793,4583128
2018-08-15,3.5834,3.7433,3.4802,3.7273,3348181
2018-08-16,3.5594,3.6753,3.5514,3.6234,2667461
2018-08-17,3.4314,3.7833,3.4234,3.7673,3441078
2018-08-20,3.7513,3.8393,3.6633,3.8233,2099508
2018-08-21,3.8233,3.9633,3.8233,3.9273,1927019
2018-08-22,3.9113,3.9713,3.8153,3.8233,1566875
2018-08-23,3.8713,3.8713,3.7913,3.8473,1704591
2018-08-24,3.8393,3.8873,3.7913,3.8153,1190592
2018-08-27,3.7113,3.7673,3.6633,3.7673,1702231
2018-08-28,3.7113,3.7113,3.6394,3.6713,964648
2018-08-29,3.5194,3.5834,3.4794,3.5434,2973239
2018-08-30,3.4794,3.4874,3.3674,3.3754,2178690
2018-08-31,3.3194,3.3354,3.2394,3.2554,3341452
2018-09-04,3.1674,3.2154,3.1434,3.1994,3496916
2018-09-05,3.1754,3.2474,3.1594,3.1914,2070990
2018-09-06,3.2154,3.3034,3.1794,3.2474,2270365
2018-09-07,3.3274,3.4874,3.3274,3.4554,2276180
2018-09-10,3.3914,3.4474,3.3714,3.3834,2668607
2018-09-11,3.3914,3.4074,3.2750,3.3994,2334998
2018-09-12,3.3594,3.4554,3.3114,3.3914,4633766
2018-09-13,3.6154,3.7913,3.6074,3.7833,3071373
2018-09-14,3.6793,3.7593,3.6314,3.7513,2981279
2018-09-17,3.6080,3.7474,3.5916,3.7392,2506139
2018-09-18,3.6326,3.7474,3.6326,3.6982,2325332
2018-09-19,3.6572,3.7392,3.6408,3.7310,2437330
2018-09-20,3.7310,3.8622,3.6982,3.8540,1905757
2018-09-21,3.8130,3.8622,3.7720,3.8540,1758992
2018-09-24,3.8704,3.9729,3.8622,3.9114,2266384
2018-09-25,3.8704,3.9032,3.8294,3.8950,1362424
2018-09-26,3.8704,3.9360,3.8212,3.9114,1766518
2018-09-27,3.9114,3.9770,3.9032,3.9606,1903255
2018-09-28,3.9524,3.9934,3.9114,3.9524,1441696
2018-10-01,3.9852,4.0508,3.9606,4.0262,1282046
2018-10-02,3.9975,4.0426,3.9688,4.0180,913151
2018-10-03,3.9688,4.1410,3.9442,4.0262,2892821
2018-10-04,3.9278,3.9278,3.6244,3.6244,5975786
2018-10-05,3.6654,3.7064,3.6326,3.6736,3247597
2018-10-08,3.6162,3.6982,3.6080,3.6818,1393883
2018-10-09,3.6326,3.6490,3.5834,3.5916,4164625
2018-10-10,3.6654,3.6818,3.6222,3.6654,1841659
2018-10-11,3.6572,3.7966,3.6162,3.7720,6093460
2018-10-12,3.7638,3.7638,3.6736,3.6982,2127968
2018-10-15,3.8950,4.0016,3.8527,3.9360,3655909
2018-10-16,3.9278,4.0016,3.9114,3.9360,1713378
2018-10-17,4.0016,4.1615,3.9770,4.1000,1984931
2018-10-18,4.0016,4.0262,3.9360,3.9688,2047025
2018-10-19,4.0344,4.1574,4.0016,4.0590,2074946
2018-10-22,3.9688,3.9688,3.8786,3.8868,2160540
2018-10-23,3.7228,3.8581,3.7064,3.8212,1296423
2018-10-24,4.0016,4.1820,3.9278,3.9360,1360340
2018-10-25,4.1984,4.3870,4.1820,4.3624,2459120
2018-10-26,4.3132,4.4116,4.2968,4.3706,1669658
2018-10-29,4.4116,4.5018,4.3870,4.4608,1928267
2018-10-30,4.3542,4.4321,4.2804,4.3952,1327493
2018-10-31,4.3542,4.3542,4.0836,4.2312,1599874
2018-11-01,4.4034,4.4895,4.3624,4.4526,1043279
2018-11-02,4.5100,4.5346,4.3911,4.4854,1378544
2018-11-05,4.5920,4.6084,4.5100,4.5838,787260
2018-11-06,4.6084,4.6166,4.4854,4.5182,581772
2018-11-07,4.5264,4.5264,4.4116,4.4772,502956
2018-11-08,4.4116,4.4362,4.3132,4.3132,599388
2018-11-09,4.3624,4.3788,4.2230,4.2722,1067136
2018-11-12,4.2886,4.3296,4.1820,4.1902,367430
2018-11-13,4.2394,4.3542,4.2312,4.2886,712354
2018-11-14,4.3870,4.4198,4.3050,4.3624,478917
2018-11-15,4.4526,4.4977,4.3911,4.4608,519528
2018-11-16,4.4690,4.5182,4.4198,4.5100,562236
2018-11-19,4.5510,4.6084,4.5223,4.5756,817006
2018-11-20,4.4280,4.4280,4.2722,4.2886,996839
2018-11-21,4.4608,4.5592,4.4362,4.5100,771860
2018-11-23,4.6330,4.7191,4.6248,4.6658,882121
2018-11-26,4.9036,4.9200,4.6904,4.8052,1403370
2018-11-27,4.9446,4.9938,4.8367,4.9610,1449706
2018-11-28,4.9692,4.9856,4.8544,4.9856,855829
2018-11-29,5.0594,5.0840,4.9979,5.0266,963931
2018-11-30,4.9273,5.0294,4.8544,4.9364,1505768
2018-12-03,4.9364,4.9610,4.8380,4.9118,1098700
2018-12-04,4.6822,4.7806,4.6166,4.6412,1384433
2018-12-06,4.6822,4.6904,4.5428,4.6822,1131879
2018-12-07,4.7232,4.7560,4.6084,4.6494,576762
2018-12-10,4.6740,4.6781,4.5592,4.6084,484144
2018-12-11,4.6166,4.6166,4.4854,4.5346,869576
2018-12-12,4.7560,4.8380,4.7150,4.7478,690333
2018-12-13,4.6986,4.8339,4.6986,4.7150,998526
2018-12-14,4.6002,4.6494,4.5264,4.5510,777460
2018-12-17,4.6398,4.6398,4.5016,4.5477,931882
2018-12-18,4.6482,4.7864,4.6314,4.7319,1095839
2018-12-19,4.7319,4.7906,4.5812,4.5979,811074
2018-12-20,4.7152,4.7487,4.6231,4.7068,512165
2018-12-21,4.6984,4.7068,4.5644,4.6482,655993
2018-12-24,4.7989,4.8157,4.6063,4.6398,446551
2018-12-26,4.6984,4.9078,4.6482,4.8911,786665
2018-12-27,4.6984,4.7361,4.6482,4.7319,627771
2018-12-28,4.6817,4.7780,4.6566,4.6733,500853
2018-12-31,4.7571,4.8241,4.6733,4.7068,663337
2019-01-02,4.4891,4.6482,4.4891,4.6147,507957
2019-01-03,4.4639,4.5644,4.4076,4.5058,623577
2019-01-04,4.5226,4.6649,4.5226,4.6482,369389
2019-01-07,4.7654,4.8073,4.6984,4.7906,782001
2019-01-08,4.8157,4.8241,4.7654,4.8157,275279
2019-01-09,4.7487,4.8408,4.7487,4.7906,295643
2019-01-10,4.7989,4.8827,4.7989,4.8073,347834
2019-01-11,4.7989,4.9078,4.7989,4.8659,419179
2019-01-14,4.8408,4.9790,4.8176,4.8994,476250
2019-01-15,5.0502,5.0921,4.9958,5.0418,810452
2019-01-16,5.2512,5.3266,5.1591,5.2679,1435330
2019-01-17,5.3433,5.4103,5.3014,5.3601,728137
2019-01-18,5.5360,5.5527,5.4899,5.5192,1011328
2019-01-22,5.5443,5.6616,5.4857,5.5611,1302851
2019-01-23,5.6616,5.7286,5.6113,5.7118,668330
2019-01-24,5.6951,5.7035,5.6197,5.6532,740645
2019-01-25,5.6951,5.7118,5.6281,5.6365,769902
2019-01-28,5.5946,5.6448,5.5527,5.6113,438674
2019-01-29,5.7537,5.8040,5.7202,5.7705,589560
2019-01-30,5.7370,5.8793,5.7035,5.8458,1111355
2019-01-31,5.7705,5.9170,5.7705,5.8207,948431
2019-02-01,5.8123,5.8123,5.7202,5.7453,567664
2019-02-04,5.8123,5.8416,5.7621,5.8375,445824
2019-02-05,5.8040,5.8123,5.7244,5.7872,468698
2019-02-06,5.7453,5.7705,5.6616,5.6700,418476
2019-02-07,5.6783,5.7202,5.6071,5.6532,362761
2019-02-08,5.7370,5.7621,5.6616,5.7537,297929
2019-02-11,5.9380,5.9798,5.8710,5.8877,516383
2019-02-12,5.9547,5.9673,5.8626,5.8877,501295
2019-02-13,5.9547,5.9547,5.7872,5.7956,541846
2019-02-14,5.8207,5.8458,5.7621,5.8123,379106
2019-02-15,5.8710,5.8877,5.7830,5.8375,531298
2019-02-19,5.8542,5.8793,5.7663,5.7872,335100
2019-02-20,5.7872,5.9966,5.7788,5.8542,834632
2019-02-21,5.5108,5.5192,5.2973,5.3601,2025241
2019-02-22,5.3768,5.4103,5.3517,5.3852,584046
2019-02-25,5.5778,5.6030,5.5108,5.5862,866685
2019-02-26,5.5192,5.6030,5.5150,5.5695,448970
2019-02-27,5.5862,5.5862,5.5192,5.5443,365417
2019-02-28,5.5527,5.6113,5.5276,5.5276,445425
2019-03-01,5.3936,5.4438,5.3391,5.3517,560814
2019-03-04,5.4354,5.4438,5.3601,5.4019,277529
2019-03-05,5.5276,5.5276,5.4522,5.5025,384479
2019-03-06,5.3517,5.3559,5.2093,5.2428,875507
2019-03-07,5.3098,5.3224,5.2512,5.2931,405947
2019-03-08,5.3768,5.4103,5.3433,5.3768,466457
2019-03-11,5.4187,5.5527,5.4187,5.5192,525942
2019-03-12,5.4522,5.4773,5.3852,5.4019,302027
2019-03-13,5.4689,5.4941,5.3601,5.3936,351105
2019-03-14,5.4103,5.4491,5.3936,5.4271,256608
2019-03-15,5.2596,5.2763,5.2093,5.2596,775008
2019-03-18,5.0921,5.1172,5.0083,5.0753,780936
2019-03-19,5.0669,5.0921,5.0418,5.0669,416435
2019-03-20,4.9581,4.9916,4.8827,4.9497,573104
2019-03-21,5.0502,5.0753,5.0041,5.0669,386618
2019-03-22,4.9413,4.9581,4.6901,4.7068,900700
2019-03-25,4.8324,4.8827,4.7864,4.8743,934788
2019-03-26,4.9162,4.9329,4.8199,4.9162,433682
2019-03-27,4.4891,4.6482,4.3886,4.5728,1281061
2019-03-28,4.5979,4.6147,4.4807,4.5309,649606
2019-03-29,4.5226,4.5259,4.4304,4.4891,856951
2019-04-01,4.5393,4.5603,4.4556,4.5393,529480
2019-04-02,4.5644,4.5728,4.4095,4.4891,668890
2019-04-03,4.5142,4.5226,4.4514,4.4556,309790
2019-04-04,4.6817,4.8073,4.6482,4.7403,824306
2019-04-05,4.7236,4.7236,4.6482,4.6566,355114
2019-04-08,4.5644,4.5737,4.4974,4.5561,547435
2019-04-09,4.5561,4.5938,4.5477,4.5644,272770
2019-04-10,4.5728,4.5979,4.5477,4.5561,219159
2019-04-11,4.5142,4.5142,4.4179,4.4556,425929
2019-04-12,4.4388,4.5058,4.4388,4.4388,269229
2019-04-15,4.5477,4.5477,4.4723,4.4974,575877
2019-04-16,4.5309,4.6566,4.5309,4.6398,670806
2019-04-17,4.7152,4.7487,4.6901,4.7403,506742
2019-04-18,4.5812,4.6356,4.5519,4.5896,387317
2019-04-22,4.5058,4.5477,4.4891,4.5058,294016
2019-04-23,4.5142,4.5393,4.4304,4.4974,380869
2019-04-24,4.4556,4.4807,4.4304,4.4472,326656
2019-04-25,4.3634,4.4053,4.3299,4.3969,335675
2019-04-26,4.3802,4.3969,4.3634,4.3718,203487
2019-04-29,4.4137,4.4388,4.3634,4.3802,193075
2019-04-30,4.3551,4.4304,4.3383,4.3718,242098
2019-05-01,4.3886,4.5435,4.3802,4.4556,360312
2019-05-02,4.2462,4.2964,4.2294,4.2546,771268
2019-05-03,4.2546,4.3341,4.2462,4.3132,449287
2019-05-06,4.1876,4.2294,4.1206,4.2127,902266
2019-05-07,3.9698,4.0618,3.9614,4.0368,1177849
2019-05-08,3.9782,4.0452,3.9782,4.0117,875745
2019-05-09,3.8777,3.9531,3.8526,3.9447,951014
2019-05-10,4.0368,4.1666,4.0284,4.1373,564173
2019-05-13,3.9279,3.9614,3.9028,3.9196,796768
2019-05-14,3.9447,3.9866,3.9363,3.9363,338909
2019-05-15,3.9112,3.9803,3.8944,3.9363,519087
2019-05-16,3.9447,3.9698,3.8777,3.8861,455489
2019-05-17,3.9196,3.9531,3.8777,3.8861,234804
2019-05-20,3.9112,3.9363,3.8609,3.8861,342187
2019-05-21,3.8861,3.9447,3.8693,3.9363,230560
2019-05-22,3.9196,3.9782,3.9028,3.9363,311838
2019-05-23,3.9028,3.9698,3.8861,3.9447,275238
2019-05-24,3.9531,3.9782,3.9363,3.9614,243221
2019-05-28,4.0201,4.0284,3.8969,3.9112,360399
2019-05-29,4.0117,4.0536,3.9782,4.0452,446558
2019-05-30,4.1289,4.2085,4.1038,4.1876,543968
2019-05-31,4.2043,4.2043,4.1164,4.1457,456113
2019-06-03,4.1373,4.2294,4.1206,4.2211,328146
2019-06-04,4.2378,4.3132,4.2043,4.3048,370839
2019-06-05,4.3132,4.3341,4.2881,4.3299,334558
2019-06-06,4.3132,4.3383,4.2378,4.2462,299831
2019-06-07,4.4891,4.6189,4.4645,4.5561,797035
2019-06-10,4.5728,4.5854,4.4723,4.4891,657715
2019-06-11,4.3969,4.4313,4.3718,4.4221,300985
2019-06-12,4.4472,4.4639,4.4095,4.4304,303496
2019-06-13,4.3132,4.3383,4.2587,4.3132,303463
2019-06-14,4.2881,4.3634,4.2713,4.3467,268172
2019-06-17,4.3551,4.3927,4.3383,4.3467,318636
2019-06-18,4.4548,4.5223,4.4506,4.4970,505164
2019-06-19,4.4548,4.4801,4.4337,4.4717,225418
2019-06-20,4.5561,4.5814,4.4801,4.5392,540384
2019-06-21,4.4464,4.5055,4.4295,4.4970,371308
2019-06-24,4.5983,4.6700,4.5772,4.6151,604689
2019-06-25,4.6320,4.6404,4.5392,4.5561,389925
2019-06-26,4.5983,4.5983,4.5139,4.5223,200550
2019-06-27,4.5814,4.6151,4.5392,4.5561,375747
2019-06-28,4.5814,4.6404,4.5772,4.6236,385609
2019-07-01,4.9526,4.9779,4.9020,4.9442,1126343
2019-07-02,4.9104,4.9189,4.8429,4.8683,536453
2019-07-03,4.8936,4.9273,4.8767,4.8851,346905
2019-07-05,4.8261,4.8261,4.7333,4.7586,317128
2019-07-08,4.6236,4.6236,4.5265,4.5392,610325
2019-07-09,4.7164,4.7333,4.5856,4.6404,1039258
2019-07-10,4.7839,4.8261,4.7544,4.8261,643465
2019-07-11,4.9358,4.9442,4.8767,4.9273,500216
2019-07-12,4.8514,4.8556,4.7754,4.8176,420898
2019-07-15,4.7923,4.8008,4.6911,4.7839,347653
2019-07-16,4.8767,4.9104,4.7839,4.8008,396746
2019-07-17,4.9104,4.9189,4.7923,4.8176,605771
2019-07-18,4.9104,4.9189,4.8472,4.9020,479138
2019-07-19,4.9526,4.9611,4.8429,4.8683,393767
2019-07-22,4.8598,4.8767,4.8092,4.8345,301719
2019-07-23,4.9273,4.9484,4.8598,4.8851,351735
2019-07-24,4.9020,4.9611,4.9020,4.9442,200394
2019-07-25,4.9104,4.9104,4.7754,4.7923,397037
2019-07-26,4.9526,4.9526,4.8429,4.8598,539121
2019-07-29,5.1214,5.1467,5.0117,5.0286,554601
2019-07-30,5.0707,5.0876,4.9864,5.0286,521022
2019-07-31,4.9611,5.0286,4.6489,4.6826,563305
2019-08-01,4.8345,4.8556,4.6911,4.7501,503036
2019-08-02,4.6320,4.6742,4.5898,4.6742,569378
2019-08-05,4.5814,4.5983,4.5603,4.5898,389024
2019-08-06,4.7164,4.7248,4.6826,4.7079,243702
2019-08-07,4.5645,4.6573,4.5645,4.6236,405141
2019-08-08,4.6826,4.8218,4.6826,4.8008,418710
2019-08-09,4.7501,4.7501,4.6658,4.7079,186082
2019-08-12,4.6658,4.6742,4.5983,4.6320,238906
2019-08-13,4.6067,4.6911,4.5308,4.6404,313487
2019-08-14,4.6151,4.6404,4.5476,4.5561,328604
2019-08-15,4.6573,4.6826,4.5392,4.5476,381624
2019-08-16,4.7079,4.7501,4.6742,4.7333,531598
2019-08-19,4.7248,4.7248,4.6320,4.6911,246106
2019-08-20,4.5392,4.5814,4.5055,4.5223,449645
2019-08-21,4.4633,4.4844,4.4295,4.4548,419190
2019-08-22,4.5223,4.6489,4.5223,4.6320,377555
2019-08-23,4.5898,4.6911,4.5814,4.5898,270234
2019-08-26,4.5392,4.5392,4.4970,4.4970,308200
2019-08-27,4.4042,4.4633,4.3958,4.4380,658435
2019-08-28,4.4801,4.5181,4.4717,4.5139,523069
2019-08-29,4.6658,4.7164,4.6658,4.7164,894722
2019-08-30,4.7164,4.7586,4.7037,4.7248,309921
2019-09-03,4.8514,4.9273,4.8261,4.9189,922578
2019-09-04,4.9611,5.0539,4.9568,5.0286,807738
2019-09-05,4.9611,4.9948,4.9131,4.9442,355312
2019-09-06,4.8514,4.8598,4.7881,4.8092,376123
2019-09-09,4.8429,4.8767,4.8176,4.8261,363808
2019-09-10,4.8598,4.9020,4.8472,4.8767,139192
2019-09-11,4.9189,4.9864,4.9189,4.9526,217246
2019-09-12,4.9358,4.9864,4.9020,4.9779,192802
2019-09-13,5.0454,5.0623,4.9864,5.0032,212161
2019-09-16,4.9273,4.9442,4.8851,4.9104,161558
2019-09-17,4.8092,4.8851,4.8008,4.8598,239585
2019-09-18,4.7839,4.8598,4.7586,4.8092,363087
2019-09-19,4.7417,4.7670,4.7079,4.7333,312684
2019-09-20,4.7248,4.7501,4.6489,4.6489,375330
2019-09-23,4.7417,4.8176,4.7417,4.7923,424502
2019-09-24,4.8429,4.8683,4.7923,4.8092,323372
2019-09-25,4.8851,4.9948,4.8851,4.9864,536840
2019-09-26,4.8598,4.8683,4.7797,4.7923,340586
2019-09-27,4.8767,4.8936,4.8218,4.8514,287721
2019-09-30,4.9695,4.9695,4.8683,4.8767,277413
2019-10-01,4.8092,4.8092,4.7290,4.7586,446401
2019-10-02,4.8008,4.8514,4.8008,4.8261,238412
2019-10-03,4.7839,4.8261,4.7417,4.8261,253858
2019-10-04,4.8429,4.9147,4.8345,4.9020,494129
2019-10-07,4.8514,4.8514,4.6953,4.6995,417629
2019-10-08,4.8008,4.8008,4.7417,4.7839,325263
2019-10-09,4.7586,4.7586,4.6826,4.7079,421616
2019-10-10,4.5139,4.5645,4.4801,4.5392,451402
2019-10-11,4.5898,4.6362,4.4886,4.5983,964052
2019-10-14,4.4211,4.4253,4.3451,4.3536,620549
2019-10-15,4.4042,4.4211,4.3536,4.3958,514257
2019-10-16,4.3705,4.3958,4.3325,4.3705,563612
2019-10-17,4.2523,4.6236,4.2186,4.5561,1878894
2019-10-18,4.5814,4.5983,4.5350,4.5814,629157
2019-10-21,4.4970,4.5139,4.4506,4.4717,330790
2019-10-22,4.4970,4.5434,4.4886,4.5055,389232
2019-10-23,4.6573,4.7417,4.6404,4.7079,517228
2019-10-24,4.7417,4.7482,4.6573,4.6995,360080
2019-10-25,4.7248,4.7333,4.6902,4.7164,316222
2019-10-28,4.7586,4.7754,4.7164,4.7586,384349
2019-10-29,4.7586,4.8008,4.7248,4.7670,422902
2019-10-30,4.7501,4.8176,4.7290,4.8008,388379
2019-10-31,4.7753,4.8277,4.7490,4.7840,305229
2019-11-01,4.7228,4.7927,4.7228,4.7490,371610
2019-11-04,4.7665,4.7753,4.7184,4.7490,341705
2019-11-05,4.8365,4.9064,4.8190,4.8977,433470
2019-11-06,4.9064,5.0376,4.8977,4.9852,735985
2019-11-07,5.0026,5.1382,5.0026,5.0726,640065
2019-11-08,5.0376,5.1163,5.0289,5.0989,476579
2019-11-11,5.0551,5.1513,5.0376,5.1163,604123
2019-11-12,5.1076,5.1338,5.0814,5.0901,357569
2019-11-13,5.0464,5.0639,4.9852,5.0201,334868
2019-11-14,4.9764,5.0124,4.9677,4.9939,320187
2019-11-15,5.0464,5.0551,5.0158,5.0289,213142
2019-11-18,5.1513,5.1601,5.1163,5.1251,346496
2019-11-19,5.1951,5.1951,5.1601,5.1776,422876
2019-11-20,5.1426,5.2125,5.0945,5.1601,517961
2019-11-21,5.0989,5.1163,5.0464,5.0639,229554
2019-11-22,5.0289,5.0560,5.0026,5.0289,221403
2019-11-25,5.0289,5.0989,5.0289,5.0814,342364
2019-11-26,5.0289,5.0814,5.0201,5.0726,308465
2019-11-27,5.0376,5.0989,5.0376,5.0814,147185
2019-11-29,5.1776,5.1951,5.1426,5.1513,209638
2019-12-02,5.1776,5.1776,5.0989,5.1426,350237
2019-12-03,5.1338,5.1513,5.0726,5.0814,243766
2019-12-04,5.1601,5.1776,5.1338,5.1513,218618
2019-12-05,5.2825,5.2913,5.2563,5.2825,441839
2019-12-06,5.2563,5.2738,5.2300,5.2738,174102
2019-12-09,5.1251,5.1426,5.1076,5.1163,183543
2019-12-10,5.0639,5.0814,5.0464,5.0639,208189
2019-12-11,5.0726,5.1688,5.0595,5.1513,351496
2019-12-12,5.1426,5.1951,5.1251,5.1251,219404
2019-12-13,5.1863,5.2038,5.1338,5.1688,160757
2019-12-16,5.1863,5.2213,5.1601,5.2213,273210
2019-12-17,5.1688,5.1776,5.1295,5.1426,251716
2019-12-18,5.0989,5.1076,5.0551,5.0639,159862
2019-12-19,5.1076,5.1601,5.1076,5.1338,165236
2019-12-20,5.0464,5.0770,5.0114,5.0114,305753
2019-12-23,5.0464,5.0639,5.0070,5.0551,333801
2019-12-24,5.0989,5.1251,5.0989,5.1251,88426
2019-12-26,5.1601,5.1863,5.1338,5.1601,181267
2019-12-27,5.1426,5.1601,5.1076,5.1338,169387
2019-12-30,5.1163,5.1601,5.1163,5.1426,162551
2019-12-31,5.0989,5.1076,5.0639,5.0726,170593
2020-01-02,5.1426,5.1863,5.1426,5.1688,415332
2020-01-03,5.0814,5.1251,5.0682,5.0726,127968
2020-01-06,5.0114,5.0814,5.0114,5.0726,239047
2020-01-07,5.1163,5.1513,5.0901,5.1426,107689
2020-01-08,5.1163,5.1601,5.1120,5.1338,177786
2020-01-09,5.4224,5.5143,5.3350,5.4137,625609
2020-01-10,5.3962,5.4050,5.3437,5.3787,238901
2020-01-13,5.4224,5.5187,5.4050,5.4924,359901
2020-01-14,5.4749,5.4924,5.4312,5.4487,177777
2020-01-15,5.4312,5.4312,5.3569,5.3700,217447
2020-01-16,5.4224,5.4312,5.3700,5.3875,213464
2020-01-17,5.3350,5.3525,5.3000,5.3262,149059
2020-01-21,5.4749,5.5099,5.4312,5.4487,434579
2020-01-22,5.4224,5.4574,5.4224,5.4487,229672
2020-01-23,5.4312,5.4749,5.3875,5.4487,260964
2020-01-24,5.3350,5.3437,5.2563,5.2738,248371
2020-01-27,5.1863,5.1863,5.1338,5.1513,238689
2020-01-28,5.1426,5.1776,5.1251,5.1601,137806
2020-01-29,5.2563,5.2563,5.1426,5.1951,217799
2020-01-30,5.1776,5.1951,5.1295,5.1863,354790
2020-01-31,5.1776,5.1776,5.0814,5.0989,162421
2020-02-03,5.1513,5.1776,5.1338,5.1601,191722
2020-02-04,5.2825,5.3175,5.2475,5.2650,194254
2020-02-05,5.2563,5.2913,5.2038,5.2300,207189
2020-02-06,5.2388,5.2388,5.1863,5.2125,192246
2020-02-07,5.1863,5.2038,5.1338,5.1601,212888
2020-02-10,5.0464,5.1426,5.0289,5.1163,208912
2020-02-11,5.1601,5.2257,5.1601,5.2038,374615
2020-02-12,5.2650,5.2913,5.2475,5.2913,232423
2020-02-13,5.2650,5.2738,5.1601,5.2038,280166
2020-02-14,5.2038,5.2038,5.1338,5.1513,189302
2020-02-18,5.1863,5.2213,5.1338,5.1513,391714
2020-02-19,5.2300,5.2475,5.1513,5.2125,458764
2020-02-20,5.1688,5.2038,4.9852,4.9939,507064
2020-02-21,5.1251,5.1426,5.0464,5.0989,805877
2020-02-24,4.9677,5.0026,4.9414,4.9677,417086
2020-02-25,5.1251,5.1601,5.0333,5.0726,642594
2020-02-26,5.0376,5.0814,5.0114,5.0464,317839
2020-02-27,4.9677,5.0026,4.8452,4.8627,426509
2020-02-28,4.6091,4.7840,4.5828,4.7753,578624
2020-03-02,4.7927,4.9677,4.7578,4.9414,494613
2020-03-03,5.0114,5.1251,4.9589,4.9939,497437
2020-03-04,5.2738,5.3394,5.1601,5.2125,970852
2020-03-05,5.2388,5.3044,5.1688,5.1951,978961
2020-03-06,5.1601,5.1776,4.9852,5.0464,1064851
2020-03-09,4.7927,4.8890,4.6528,4.6703,857406
2020-03-10,4.8452,4.8540,4.5391,4.7403,839300
2020-03-11,4.7490,4.8277,4.6616,4.7228,1305379
2020-03-12,4.4517,4.5041,4.2942,4.3729,1316755
2020-03-13,4.4691,4.6790,4.3729,4.6790,1377021
2020-03-16,4.1193,4.2643,3.9969,4.0843,522706
2020-03-17,4.1368,4.3817,4.1193,4.3555,390294
2020-03-18,4.1368,4.2418,3.9356,3.9706,550847
2020-03-19,4.0056,4.1368,3.9094,4.0581,757436
2020-03-20,4.1805,4.2855,4.0581,4.0756,474452
2020-03-23,4.1193,4.5216,4.0231,4.4866,794035
2020-03-24,4.6003,4.6003,4.3642,4.3992,482119
2020-03-25,4.4167,4.4954,4.2767,4.3555,550084
2020-03-26,4.4254,4.5479,4.3817,4.4866,392797
2020-03-27,4.3555,4.3904,4.1718,4.1893,216041
2020-03-30,4.1630,4.1630,4.0581,4.0756,243099
2020-03-31,4.0843,4.1543,4.0319,4.0668,282268
2020-04-01,3.9881,4.0056,3.8132,3.8394,602914
2020-04-02,3.9269,4.1630,3.9269,4.0931,541646
2020-04-03,4.0581,4.1980,3.9969,4.0843,517289
2020-04-06,4.0931,4.2068,4.0843,4.1980,483050
2020-04-07,4.1543,4.2418,4.1106,4.1368,681881
2020-04-08,4.2418,4.2942,4.2155,4.2418,368945
2020-04-09,4.3555,4.3992,4.3336,4.3380,253197
2020-04-13,4.2855,4.3073,4.2068,4.2942,363401
2020-04-14,4.2855,4.3642,4.2592,4.3292,395995
2020-04-15,4.1368,4.2068,4.1193,4.1805,313483
2020-04-16,4.1281,4.1543,4.0887,4.1193,274107
2020-04-17,4.3030,4.3030,4.1980,4.2330,221068
2020-04-20,4.2330,4.2592,4.1718,4.1718,270647
2020-04-21,4.1368,4.1893,4.1062,4.1893,374051
2020-04-22,4.2505,4.4342,4.2418,4.4167,701003
2020-04-23,4.4604,4.4866,4.4167,4.4342,549604
2020-04-24,4.3380,4.3380,4.2767,4.3117,232278
2020-04-27,4.3555,4.3904,4.2418,4.2680,420424
2020-04-28,4.4342,4.4517,4.2505,4.2767,378581
2020-04-29,4.3904,4.3992,4.2855,4.3030,631888
2020-04-30,4.2855,4.3555,4.2592,4.3467,175038
2020-05-01,4.2243,4.3117,4.1893,4.2330,298072
2020-05-04,4.1805,4.2243,4.1630,4.2155,161277
2020-05-05,4.1718,4.1805,4.1368,4.1456,189398
2020-05-06,4.0756,4.0931,4.0406,4.0493,294209
2020-05-07,4.0406,4.1106,4.0231,4.1018,167680
2020-05-08,4.1106,4.1718,4.1018,4.1281,313085
2020-05-11,4.1805,4.2155,4.0843,4.0931,399740
2020-05-12,4.2505,4.2811,4.1543,4.1543,518235
2020-05-13,4.1893,4.2467,4.1543,4.1805,174810
2020-05-14,4.1018,4.1630,4.0843,4.1368,345164
2020-05-15,4.1193,4.1718,4.0319,4.0581,358881
2020-05-18,4.2418,4.4167,4.2068,4.3904,496883
2020-05-19,4.3904,4.4779,4.3904,4.3904,287027
2020-05-20,4.4167,4.4227,4.3642,4.3642,157491
2020-05-21,4.4254,4.4517,4.3380,4.3729,295428
2020-05-22,4.5129,4.5129,4.4254,4.4254,382569
2020-05-26,4.4779,4.5129,4.3817,4.4517,285611
2020-05-27,4.4779,4.5129,4.3817,4.4429,129928
2020-05-28,4.4691,4.4691,4.3729,4.3904,171820
2020-05-29,4.3992,4.5435,4.3729,4.5304,411456
2020-06-01,4.5041,4.5566,4.4866,4.5391,194928
2020-06-02,4.5304,4.6091,4.5216,4.5741,161424
2020-06-03,4.5391,4.6091,4.5391,4.5741,182432
2020-06-04,4.5916,4.6266,4.5872,4.6091,143513
2020-06-05,4.7228,4.8321,4.6965,4.7490,455934
2020-06-08,4.6878,4.7403,4.6528,4.7228,276514
2020-06-09,4.6003,4.6311,4.5479,4.6266,286573
2020-06-10,4.6266,4.6846,4.6091,4.6353,123871
2020-06-11,4.5828,4.6441,4.5566,4.5566,203698
2020-06-12,4.6003,4.6353,4.5522,4.6353,207020
2020-06-15,4.6003,4.7403,4.5828,4.7053,277243
2020-06-16,4.7490,4.9414,4.7403,4.7927,756343
2020-06-17,4.7927,4.8102,4.7490,4.7490,240967
2020-06-18,5.2213,5.2300,5.0901,5.1338,1665655
2020-06-19,5.5274,5.5624,5.3569,5.4312,1672573
2020-06-22,5.2913,5.3350,5.2125,5.2388,816362
2020-06-23,5.3350,5.3437,5.2169,5.2213,328842
2020-06-24,5.2738,5.3088,5.2038,5.2213,436488
2020-06-25,5.2213,5.2388,5.1382,5.1601,255922
2020-06-26,5.1951,5.2388,5.0901,5.1076,448205
2020-06-29,5.1513,5.1776,5.0026,5.0726,416623
2020-06-30,5.1426,5.1951,4.9939,5.0376,1226334
2020-07-01,5.1163,5.1513,5.0507,5.0726,856292
2020-07-02,5.1426,5.1804,5.1032,5.1076,1264331
2020-07-06,5.0989,5.1513,5.0551,5.0639,834431
2020-07-07,5.1601,5.1688,5.0333,5.0901,742237
2020-07-08,5.1076,5.1557,5.0289,5.0551,708576
2020-07-09,5.0639,5.0639,4.8890,4.9589,242304
2020-07-10,4.9502,5.0639,4.9414,5.0026,367931
2020-07-13,5.0289,5.1951,5.0289,5.0464,407099
2020-07-14,5.0376,5.0901,5.0289,5.0639,336037
2020-07-15,5.0814,5.0837,4.9677,5.0201,198009
2020-07-16,5.0814,5.1076,5.0464,5.0639,360492
2020-07-17,5.0639,5.0945,5.0289,5.0289,353180
2020-07-20,5.0901,5.1076,5.0568,5.0639,1142861
2020-07-21,5.2300,5.2869,5.0901,5.0989,1526313
2020-07-22,5.0901,5.1076,5.0464,5.0551,703171
2020-07-23,5.0726,5.1163,5.0376,5.0639,496721
2020-07-24,5.0376,5.0682,4.9720,4.9764,773901
2020-07-27,5.0289,5.0507,4.9939,5.0026,394564
2020-07-28,4.9239,4.9239,4.7927,4.8277,623481
2020-07-29,4.7140,4.7315,4.6353,4.7053,575940
2020-07-30,4.6091,4.6790,4.6003,4.6528,582827
2020-07-31,4.6441,4.6703,4.5828,4.6266,278774
2020-08-03,4.6091,4.7315,4.6091,4.7228,305136
2020-08-04,4.7315,4.7578,4.6353,4.6965,583114
2020-08-05,4.6616,4.7753,4.6441,4.7490,779115
2020-08-06,4.4779,4.5872,4.4429,4.5479,2059730
2020-08-07,4.4429,4.6091,4.4036,4.6003,1535598
2020-08-10,4.4954,4.6309,4.4254,4.5916,510294
2020-08-11,4.6091,4.6572,4.5916,4.6091,389019
2020-08-12,4.6178,4.7097,4.5964,4.7053,516306
2020-08-13,4.6790,4.8802,4.6178,4.7665,581013
2020-08-14,4.4342,4.6178,4.4079,4.5479,1713431
2020-08-17,4.4604,4.5216,4.4079,4.4604,899257
2020-08-18,4.4691,4.5872,4.4691,4.5216,450771
2020-08-19,4.5391,4.6266,4.5309,4.5828,315113
2020-08-20,4.5741,4.6178,4.4954,4.5391,242442
2020-08-21,4.5216,4.5304,4.4779,4.5041,129949
2020-08-24,4.4691,4.5041,4.4079,4.4691,895805
2020-08-25,4.3729,4.3992,4.2942,4.3467,1026720
2020-08-26,4.3555,4.3555,4.2942,4.3117,344196
2020-08-27,4.3205,4.3817,4.2505,4.3467,439604
2020-08-28,4.3555,4.4429,4.3380,4.3904,262816
2020-08-31,4.3467,4.3467,4.2680,4.2680,252148
2020-09-01,4.2680,4.3205,4.2155,4.2680,623597
2020-09-02,4.3030,4.3117,4.2243,4.2418,231170
2020-09-03,4.2068,4.2505,4.1543,4.1893,300773
2020-09-04,4.2592,4.3117,4.2374,4.2942,368311
2020-09-08,4.2243,4.2505,4.1805,4.2330,207965
2020-09-09,4.2155,4.2330,4.1805,4.2068,255182
2020-09-10,4.2155,4.2505,4.1543,4.1543,190965
2020-09-11,4.1893,4.2286,4.1543,4.1630,167067
2020-09-14,4.1805,4.2111,4.1630,4.1980,175240
2020-09-15,4.2592,4.2592,4.1193,4.1718,389364
2020-09-16,4.1718,4.1805,4.0668,4.0931,240987
2020-09-17,4.0406,4.1543,4.0406,4.1456,266763
2020-09-18,4.1630,4.1630,4.1106,4.1368,175823
2020-09-21,4.1980,4.2068,4.1106,4.1281,305899
2020-09-22,4.2505,4.2680,4.1893,4.2155,531881
2020-09-23,4.3117,4.3467,4.2592,4.3030,719761
2020-09-24,4.3992,4.4197,4.2680,4.3117,743155
2020-09-25,4.3817,4.4517,4.2680,4.3205,975500
2020-09-28,4.2680,4.2680,4.1630,4.1718,319579
2020-09-29,4.1893,4.2505,4.0520,4.0668,269538
2020-09-30,4.1980,4.2505,4.1718,4.1893,419562
2020-10-01,4.2767,4.2776,4.2155,4.2243,281471
2020-10-02,4.2155,4.2986,4.1980,4.2155,259692
2020-10-05,4.3467,4.4079,4.2855,4.3817,284318
2020-10-06,4.3817,4.3817,4.2855,4.2855,323836
2020-10-07,4.3117,4.3642,4.2855,4.2942,172911
2020-10-08,4.2855,4.4123,4.2855,4.3904,236676
2020-10-09,4.3904,4.3904,4.3380,4.3467,114688
2020-10-12,4.4167,4.4954,4.4167,4.4604,210146
2020-10-13,4.4342,4.4735,4.4079,4.4079,166712
2020-10-14,4.5041,4.5916,4.4779,4.5479,241959
2020-10-15,4.4866,4.5130,4.4517,4.4954,190987
2020-10-16,4.5041,4.6528,4.4954,4.5741,291636
2020-10-19,4.6703,4.8102,4.6659,4.7840,423300
2020-10-20,4.7315,4.7753,4.6790,4.6790,255922
2020-10-21,4.6790,4.6965,4.6266,4.6528,154010
2020-10-22,4.4691,4.5479,4.4342,4.5391,196016
2020-10-23,4.4604,4.5304,4.4604,4.4866,146645
2020-10-26,4.3992,4.4167,4.2767,4.3642,327356
2020-10-27,4.3555,4.3555,4.1543,4.1630,250883
2020-10-28,4.1543,4.1630,4.0668,4.1543,263012
2020-10-29,4.1543,4.1543,4.0407,4.0843,321186
2020-10-30,3.9356,3.9655,3.8141,3.8569,487871
2020-11-02,3.9094,3.9356,3.8613,3.9007,234815
2020-11-03,3.9269,4.0582,3.9269,3.9881,179649
2020-11-04,3.9531,4.0319,3.9444,3.9619,180304
2020-11-05,4.0581,4.1106,4.0406,4.0668,132596
2020-11-06,4.1368,4.1805,4.1106,4.1718,175848
2020-11-09,4.4167,4.4167,4.1980,4.3642,358673
2020-11-10,4.1543,4.2330,4.1281,4.1718,683402
2020-11-11,4.3467,4.4779,4.3467,4.4342,333728
2020-11-12,4.4866,4.5566,4.3729,4.4167,377238
2020-11-13,4.6003,4.6441,4.5697,4.6003,200112
2020-11-16,4.6003,4.6003,4.5304,4.5741,99109
2020-11-17,4.4779,4.6003,4.4429,4.5304,262892
2020-11-18,4.5654,4.6266,4.5129,4.5654,348680
2020-11-19,4.6616,4.6878,4.6266,4.6353,153306
2020-11-20,4.6266,4.6528,4.5435,4.5566,238850
2020-11-23,4.5479,4.5479,4.3992,4.4342,326188
2020-11-24,4.3817,4.4998,4.3555,4.4342,600163
2020-11-25,4.3729,4.5041,4.3555,4.3992,401151
2020-11-27,4.4167,4.4779,4.4079,4.4429,242884
2020-11-30,4.2901,4.4782,4.2453,4.3707,999491
2020-12-01,4.3976,4.4513,4.3752,4.4245,501581
2020-12-02,4.3976,4.4245,4.3528,4.3886,362505
2020-12-03,4.5230,4.5409,4.4782,4.4961,279565
2020-12-04,4.5678,4.5857,4.4872,4.5320,271979
2020-12-07,4.4513,4.4872,4.4334,4.4782,268871
2020-12-08,4.4961,4.5230,4.4513,4.4961,235463
2020-12-09,4.4961,4.5006,4.4603,4.4603,327482
2020-12-10,4.4513,4.5140,4.4066,4.4782,374937
2020-12-11,4.4424,4.4513,4.3886,4.3886,228493
2020-12-14,4.4961,4.5185,4.4603,4.5140,274174
2020-12-15,4.5140,4.5499,4.4693,4.4961,312667
2020-12-16,4.5857,4.5946,4.5409,4.5588,158875
2020-12-17,4.6215,4.6394,4.5678,4.5767,184517
2020-12-18,4.7559,4.7827,4.6663,4.6663,410350
2020-12-21,4.5588,4.5678,4.5320,4.5409,241750
2020-12-22,4.6126,4.6305,4.5946,4.6036,174246
2020-12-23,4.6305,4.6573,4.6215,4.6305,254556
2020-12-24,4.6932,4.7379,4.6842,4.7200,90906
2020-12-28,4.8454,4.8633,4.7738,4.8006,270785
2020-12-29,4.8633,4.9171,4.8454,4.8633,264931
2020-12-30,4.9439,4.9529,4.8320,4.8544,323831
2020-12-31,4.8723,4.8813,4.7827,4.8275,168203
2021-01-04,4.9439,4.9798,4.8544,4.8544,428606
2021-01-05,4.9350,5.0066,4.8992,4.9171,511231
2021-01-06,5.0693,5.1052,5.0201,5.0514,371189
2021-01-07,5.0514,5.0514,4.8992,4.9439,297396
2021-01-08,5.0335,5.1231,4.9663,4.9708,438127
2021-01-11,5.0066,5.0066,4.8723,4.9081,275533
2021-01-12,4.9260,4.9260,4.8096,4.8633,348321
2021-01-13,5.0604,5.1768,5.0469,5.1410,412687
2021-01-14,5.0873,5.0962,5.0201,5.0693,241956
2021-01-15,4.9708,4.9977,4.9216,4.9887,152538
2021-01-19,5.0693,5.1052,4.9619,5.0156,263042
2021-01-20,5.0156,5.0693,4.9439,5.0156,253919
2021-01-21,5.0335,5.0335,4.9081,4.9529,122380
2021-01-22,4.9529,4.9843,4.9081,4.9619,132883
2021-01-25,5.0693,5.0693,4.9675,5.0156,299993
2021-01-26,5.0693,5.0962,4.9798,5.0873,279326
2021-01-27,5.0246,5.0514,4.9439,4.9708,444477
2021-01-28,4.9439,5.0156,4.9260,4.9619,286094
2021-01-29,4.9529,4.9529,4.8544,4.8633,189916
2021-02-01,4.9977,5.0335,4.9529,5.0066,264680
2021-02-02,5.0335,5.1133,5.0246,5.0514,183247
2021-02-03,5.1320,5.1858,5.1052,5.1679,270427
2021-02-04,5.1768,5.2037,5.1141,5.1410,235724
2021-02-05,5.2395,5.2932,5.2037,5.2216,329347
2021-02-08,5.2306,5.2574,5.1858,5.2126,707675
2021-02-09,5.2843,5.3201,5.2664,5.2753,455287
2021-02-10,5.3112,5.3112,5.2395,5.2932,413253
2021-02-11,5.2843,5.3022,5.2664,5.2843,254030
2021-02-12,5.2843,5.3201,5.2485,5.2932,244352
2021-02-16,5.3291,5.3739,5.3291,5.3380,321110
2021-02-17,5.2843,5.3112,5.2485,5.2485,242348
2021-02-18,5.2664,5.2798,5.2037,5.2306,209230
2021-02-19,5.3470,5.4634,5.2664,5.3739,657173
2021-02-22,5.2395,5.3380,5.2216,5.3201,439709
2021-02-23,5.1679,5.1938,5.0693,5.1768,444676
2021-02-24,4.8902,5.1052,4.8813,5.0962,666291
2021-02-25,4.9708,5.0335,4.9350,5.0246,787296
2021-02-26,4.7917,4.9081,4.7738,4.8723,527407
2021-03-01,5.0066,5.0335,4.9529,4.9798,225479
2021-03-02,4.9798,4.9798,4.9171,4.9529,212589
2021-03-03,4.9171,4.9439,4.8633,4.9081,258169
2021-03-04,4.8992,4.9619,4.8186,4.8454,238267
2021-03-05,4.8992,4.9260,4.8275,4.9260,197932
2021-03-08,4.8365,4.8902,4.7200,4.7290,825045
2021-03-09,4.8902,4.9171,4.8051,4.8186,497891
2021-03-10,4.9081,4.9708,4.8902,4.9439,351492
2021-03-11,4.9529,4.9619,4.9108,4.9439,185942
2021-03-12,4.9350,4.9350,4.8992,4.9260,103398
2021-03-15,4.9708,4.9708,4.8813,4.9619,431427
2021-03-16,4.9798,5.0469,4.9798,5.0425,427697
2021-03-17,4.9619,4.9977,4.8947,4.9708,294316
2021-03-18,5.0604,5.0604,4.9350,4.9350,186692
2021-03-19,4.9350,4.9663,4.8992,4.9171,146843
2021-03-22,4.1827,4.3976,4.0841,4.3707,8599282
2021-03-23,4.2722,4.3528,4.2185,4.3170,4540943
2021-03-24,4.3439,4.3976,4.2453,4.2901,1496561
2021-03-25,4.2812,4.2901,4.2185,4.2543,789947
2021-03-26,4.1468,4.2185,4.1289,4.1916,876715
2021-03-29,4.0931,4.2095,4.0573,4.1916,978653
2021-03-30,4.0573,4.1558,4.0393,4.1379,1012495
2021-03-31,4.0393,4.2274,4.0353,4.1827,1616026
2021-04-01,4.2185,4.2633,4.2006,4.2543,794866
2021-04-05,4.2185,4.2453,4.1916,4.2185,401609
2021-04-06,4.1558,4.4245,4.1558,4.3170,1337904
2021-04-07,4.2185,4.2453,4.2095,4.2364,612965
2021-04-08,4.2543,4.3036,4.1781,4.2633,1826157
2021-04-09,4.2095,4.2409,4.1827,4.2274,622854
2021-04-12,4.1647,4.1647,4.0125,4.0841,2736433
2021-04-13,4.0841,4.1200,4.0393,4.1110,620067
2021-04-14,4.1379,4.1647,4.1289,4.1379,393134
2021-04-15,4.1916,4.2006,4.1647,4.1916,607738
2021-04-16,4.2274,4.2274,4.1916,4.2274,331240
2021-04-19,4.1916,4.2140,4.1647,4.2006,506731
2021-04-20,4.1289,4.1647,4.0976,4.1468,655959
2021-04-21,4.0573,4.1200,4.0304,4.1110,1487736
2021-04-22,4.0752,4.1558,4.0662,4.1289,851524
2021-04-23,4.1647,4.1647,4.0931,4.1200,412556
2021-04-26,4.1379,4.1827,4.1020,4.1468,369797
2021-04-27,4.2006,4.2095,4.1379,4.1468,474658
2021-04-28,4.2095,4.2364,4.1827,4.1916,536589
2021-04-29,4.2274,4.2543,4.1916,4.2364,630620
2021-04-30,4.1989,4.2724,4.1346,4.1621,782603
2021-05-03,4.1346,4.1897,4.1254,4.1346,821141
2021-05-04,4.1438,4.1621,4.0978,4.1070,437049
2021-05-05,4.1254,4.1530,4.1254,4.1254,384185
2021-05-06,4.1438,4.1713,4.1208,4.1621,571495
2021-05-07,4.2265,4.2816,4.2173,4.2540,327424
2021-05-10,4.2816,4.2816,4.2402,4.2724,351070
2021-05-11,4.1989,4.2515,4.1805,4.1989,815973
2021-05-12,4.1713,4.1897,4.0519,4.0886,827591
2021-05-13,4.1070,4.1199,4.0703,4.1162,348138
2021-05-14,4.1254,4.2265,4.1254,4.1897,480778
2021-05-17,4.2816,4.3183,4.2632,4.2724,558157
2021-05-18,4.2908,4.3183,4.2724,4.2816,308987
2021-05-19,4.2540,4.2724,4.2265,4.2448,160896
2021-05-20,4.2724,4.3092,4.2632,4.3092,269908
2021-05-21,4.3183,4.3183,4.2402,4.2632,290775
2021-05-24,4.2632,4.3367,4.2632,4.3000,259037
2021-05-25,4.2173,4.2357,4.1897,4.1989,291319
2021-05-26,4.2540,4.3551,4.2540,4.3459,988847
2021-05-27,4.2724,4.2816,4.2494,4.2816,476824
2021-05-28,4.2540,4.2816,4.2448,4.2724,343465
2021-06-01,4.3367,4.3551,4.3183,4.3275,452922
2021-06-02,4.3183,4.3643,4.2908,4.3643,524910
2021-06-03,4.2357,4.2908,4.2081,4.2724,1208696
2021-06-04,4.3275,4.3643,4.3092,4.3551,469871
2021-06-07,4.3827,4.4102,4.3827,4.4102,324277
2021-06-08,4.4102,4.4194,4.3827,4.3827,297501
2021-06-09,4.4010,4.4194,4.3827,4.4194,311884
2021-06-10,4.5021,4.5572,4.4837,4.5021,555520
2021-06-11,4.5113,4.5898,4.4745,4.5480,933295
2021-06-14,4.5480,4.5940,4.5297,4.5664,891623
2021-06-15,4.5113,4.5480,4.4929,4.5389,823050
2021-06-16,4.5113,4.5664,4.4929,4.5021,967559
2021-06-17,4.4286,4.4699,4.4102,4.4470,776882
2021-06-18,4.4194,4.4470,4.3918,4.3918,2026617
2021-06-21,4.3735,4.4378,4.3643,4.4194,480719
2021-06-22,4.4470,4.4929,4.4470,4.4653,423379
2021-06-23,4.4929,4.5205,4.4562,4.4745,260870
2021-06-24,4.5021,4.5113,4.4653,4.4837,331732
2021-06-25,4.5113,4.5159,4.4562,4.4562,183203
2021-06-28,4.4653,4.5021,4.4562,4.4653,317708
2021-06-29,4.3275,4.3964,4.3000,4.3735,680540
2021-06-30,4.3551,4.3643,4.2724,4.2908,753099
2021-07-01,4.3275,4.3597,4.3183,4.3275,338201
2021-07-02,4.2908,4.3183,4.2632,4.3000,488206
2021-07-06,4.3092,4.3092,4.2632,4.2632,168816
2021-07-07,4.3000,4.3000,4.2448,4.2724,380404
2021-07-08,4.2448,4.2632,4.1805,4.1897,468768
2021-07-09,4.2357,4.2448,4.1989,4.2173,255733
2021-07-12,4.1530,4.2081,4.1530,4.1897,314976
2021-07-13,4.1897,4.2265,4.1713,4.1897,269686
2021-07-14,4.2173,4.2540,4.1989,4.2540,187676
2021-07-15,4.2632,4.2632,4.1989,4.2081,208323
2021-07-16,4.1989,4.2265,4.1989,4.2173,176501
2021-07-19,4.1897,4.2265,4.1070,4.1254,462274
2021-07-20,4.2081,4.2081,4.1070,4.1162,416502
2021-07-21,4.1162,4.1713,4.1162,4.1530,435080
2021-07-22,4.1805,4.1805,4.1438,4.1621,417269
2021-07-23,4.1621,4.1667,4.1070,4.1346,310845
2021-07-26,4.1070,4.1392,4.0795,4.1162,509962
2021-07-27,4.1530,4.1621,4.1162,4.1530,369458
2021-07-28,4.1621,4.1897,4.1254,4.1530,818615
2021-07-29,4.2265,4.2908,4.1943,4.2724,500934
2021-07-30,4.2590,4.3532,4.2496,4.2873,455852
2021-08-02,4.3344,4.3532,4.2590,4.2590,463375
2021-08-03,4.2590,4.2967,4.2543,4.2967,211082
2021-08-04,4.2873,4.2873,4.2213,4.2402,224285
2021-08-05,4.2308,4.2590,4.2119,4.2590,235581
2021-08-06,4.2119,4.2873,4.2119,4.2684,421914
2021-08-09,4.2402,4.2496,4.2166,4.2308,194181
2021-08-10,4.2590,4.2873,4.2496,4.2873,202972
2021-08-11,4.1931,4.2025,4.1554,4.1836,608249
2021-08-12,4.2873,4.3438,4.2684,4.3438,384911
2021-08-13,4.3061,4.3250,4.2779,4.3250,248471
2021-08-16,4.2967,4.3156,4.2779,4.2779,218465
2021-08-17,4.2967,4.3815,4.2779,4.3815,308585
2021-08-18,4.4098,4.4098,4.3721,4.4098,198275
2021-08-19,4.3721,4.4381,4.3627,4.4286,495103
2021-08-20,4.4286,4.5040,4.4192,4.4663,515747
2021-08-23,4.4852,4.4946,4.4663,4.4757,341692
2021-08-24,4.5323,4.5558,4.5323,4.5323,242424
2021-08-25,4.5134,4.5511,4.4941,4.5323,263567
2021-08-26,4.5417,4.5417,4.5040,4.5417,372929
2021-08-27,4.5134,4.5605,4.4946,4.5417,140315
2021-08-30,4.5605,4.6077,4.5324,4.6077,423743
2021-08-31,4.6171,4.7113,4.6171,4.7019,598195
2021-09-01,4.7113,4.7113,4.6642,4.7019,271743
2021-09-02,4.7019,4.7019,4.6736,4.6830,367969
2021-09-03,4.6453,4.6548,4.5982,4.6077,169109
2021-09-07,4.5794,4.5794,4.5134,4.5134,186447
2021-09-08,4.4946,4.4946,4.4381,4.4381,188665
2021-09-09,4.5040,4.5040,4.4333,4.4946,276185
2021-09-10,4.4946,4.4946,4.4098,4.4098,219262
2021-09-13,4.4381,4.4852,4.4286,4.4663,125756
2021-09-14,4.4663,4.4757,4.4286,4.4286,272994
2021-09-15,4.4004,4.4286,4.3721,4.4286,299602
2021-09-16,4.3532,4.3580,4.3061,4.3438,281664
2021-09-17,4.3438,4.3438,4.2684,4.3156,448817
2021-09-20,4.2402,4.2590,4.2119,4.2496,399357
2021-09-21,4.2402,4.2496,4.2119,4.2213,249575
2021-09-22,4.2402,4.3061,4.2308,4.2590,259419
2021-09-23,4.1412,4.2213,4.1412,4.2119,766321
2021-09-24,4.1460,4.1742,4.1271,4.1648,599236
2021-09-27,4.1083,4.1742,4.0988,4.1460,662028
2021-09-28,4.0894,4.1365,4.0611,4.1365,1217332
2021-09-29,4.0988,4.1460,4.0800,4.1083,533032
2021-09-30,4.0706,4.1177,4.0517,4.0988,612165
2021-10-01,4.0894,4.0988,4.0517,4.0988,530971
2021-10-04,4.0706,4.0800,4.0093,4.0235,549161
2021-10-05,4.0140,4.0329,4.0046,4.0235,544257
2021-10-06,4.0046,4.0046,3.9387,3.9952,370996
2021-10-07,4.0329,4.0611,4.0235,4.0329,263216
2021-10-08,4.0517,4.0517,4.0046,4.0235,193053
2021-10-11,4.0046,4.0235,3.9763,3.9763,156845
2021-10-12,3.9952,3.9952,3.9575,3.9952,239099
2021-10-13,3.9858,4.0235,3.9622,3.9952,494639
2021-10-14,3.9481,3.9763,3.9292,3.9575,1635355
2021-10-15,3.9292,3.9669,3.9104,3.9575,493804
2021-10-18,3.9481,3.9481,3.9104,3.9292,394044
2021-10-19,3.9481,3.9763,3.9198,3.9669,384977
2021-10-20,3.9763,4.0140,3.9575,4.0046,336717
2021-10-21,3.9575,3.9858,3.9198,3.9387,671346
2021-10-22,3.9104,3.9481,3.9010,3.9010,408440
2021-10-25,3.8915,3.9858,3.8915,3.9481,414073
2021-10-26,3.9763,3.9858,3.9292,3.9292,291535
2021-10-27,3.9669,3.9858,3.9198,3.9669,391248
2021-10-28,3.9198,3.9387,3.8727,3.9104,513408
2021-10-29,3.9238,3.9528,3.8369,3.8369,725801
2021-11-01,3.9142,3.9722,3.8852,3.9335,551844
2021-11-02,3.9528,3.9915,3.9190,3.9915,656739
2021-11-03,3.9432,4.0301,3.9287,4.0205,504022
2021-11-04,4.0495,4.2718,4.0495,4.2331,1326154
2021-11-05,4.2041,4.2428,4.1606,4.1751,522636
2021-11-08,4.2621,4.2718,4.1751,4.1944,224655
2021-11-09,4.2331,4.2428,4.1751,4.2041,745681
2021-11-10,4.2041,4.2437,4.1993,4.2138,388589
2021-11-11,4.2428,4.3104,4.2138,4.2814,503757
2021-11-12,4.2814,4.2814,4.2138,4.2138,387630
2021-11-15,4.2428,4.3104,4.2428,4.2911,563933
2021-11-16,4.1461,4.1703,4.1075,4.1365,800668
2021-11-17,4.0978,4.0978,4.0398,4.0881,570955
2021-11-18,3.9625,4.0012,3.8948,3.9528,872389
2021-11-19,3.9625,3.9722,3.9142,3.9335,427786
2021-11-22,3.8658,3.9432,3.8562,3.8852,1053419
2021-11-23,3.5083,3.5882,3.4794,3.5469,3423318
2021-11-24,3.7112,3.7305,3.6484,3.6629,1560872
2021-11-26,3.5759,3.6242,3.5566,3.6146,389299
2021-11-29,3.5662,3.5856,3.5179,3.5566,877016
2021-11-30,3.4599,3.5372,3.4406,3.4793,1702213
2021-12-01,3.5566,3.6146,3.5469,3.5566,838628
2021-12-02,3.5372,3.5856,3.5179,3.5469,839385
2021-12-03,3.5759,3.6242,3.5566,3.5759,732694
2021-12-06,3.5759,3.6532,3.5759,3.6146,575621
2021-12-07,3.6436,3.6532,3.5759,3.6339,814346
2021-12-08,3.6629,3.7112,3.6436,3.7015,511128
2021-12-09,3.6339,3.6436,3.4696,3.5372,1494516
2021-12-10,3.5469,3.5469,3.4889,3.4986,765106
2021-12-13,3.6339,3.6339,3.4986,3.5952,1019005
2021-12-14,3.5566,3.6484,3.5276,3.6049,655885
2021-12-15,3.5469,3.5469,3.4841,3.5083,629488
2021-12-16,3.4793,3.5372,3.4116,3.4503,1725462
2021-12-17,3.1313,3.4503,3.0444,3.2570,3310270
2021-12-20,2.8124,3.4793,2.7544,3.3826,7827694
2021-12-21,3.5469,3.6001,3.3971,3.4406,1720325
2021-12-22,3.5759,3.6387,3.5276,3.5759,1099529
2021-12-23,3.9722,3.9818,3.7499,3.7692,2457330
2021-12-27,3.7692,3.8852,3.7499,3.7595,1082961
2021-12-28,3.7595,3.7885,3.7015,3.7209,399050
2021-12-29,3.7112,3.7209,3.6532,3.7015,380176
2021-12-30,3.5662,3.5904,3.5083,3.5662,1174261
2021-12-31,3.4116,3.5034,3.3633,3.4696,769150
2022-01-03,3.5276,3.6049,3.5276,3.5952,466869
2022-01-04,3.5372,3.6436,3.5083,3.6339,840003
2022-01-05,3.5904,3.6436,3.5372,3.5566,552242
2022-01-06,3.4889,3.5372,3.4793,3.5179,860094
2022-01-07,3.4503,3.4889,3.4309,3.4793,831513
2022-01-10,3.4793,3.5372,3.4599,3.5179,726079
2022-01-11,3.4986,3.5276,3.4599,3.5179,1103576
2022-01-12,3.5759,3.6726,3.5517,3.6146,709293
2022-01-13,3.5662,3.6146,3.5276,3.5372,705788
2022-01-14,3.5276,3.5566,3.4938,3.5372,548170
2022-01-18,3.4019,3.4599,3.3633,3.4213,817418
2022-01-19,3.4309,3.4696,3.4019,3.4309,515334
2022-01-20,3.3440,3.4793,3.3440,3.4019,1255990
2022-01-21,3.3536,3.3585,3.2666,3.2860,859323
2022-01-24,3.2570,3.2666,3.1603,3.2666,1021173
2022-01-25,3.2666,3.3826,3.2570,3.3343,507694
2022-01-26,3.2811,3.3633,3.2763,3.2956,473978
2022-01-27,3.3440,3.3971,3.3053,3.3343,405683
2022-01-28,3.3343,3.4116,3.2956,3.4116,356014
2022-01-31,3.3826,3.4503,3.3730,3.4503,804577
2022-02-01,3.4116,3.4213,3.3536,3.3730,637749
2022-02-02,3.2860,3.3147,3.2763,3.2860,738263
2022-02-03,3.2860,3.2956,3.2473,3.2473,691762
2022-02-04,3.2860,3.3005,3.2570,3.2763,456680
2022-02-07,3.2956,3.3440,3.2860,3.3150,483723
2022-02-08,3.2860,3.2860,3.2376,3.2763,596081
2022-02-09,3.2763,3.3246,3.2521,3.3053,703108
2022-02-10,3.3343,3.3730,3.3053,3.3343,485274
2022-02-11,3.3343,3.3923,3.3150,3.3343,522998
2022-02-14,3.3440,3.3440,3.2376,3.2570,471990
2022-02-15,3.2860,3.3052,3.2473,3.2763,292961
2022-02-16,3.2763,3.2860,3.2473,3.2763,271803
2022-02-17,3.2570,3.2666,3.1700,3.1893,800662
2022-02-18,3.2473,3.3488,3.2087,3.3246,517171
2022-02-22,3.4213,3.5421,3.3826,3.4503,1230217
2022-02-23,3.5276,3.5662,3.4068,3.4889,1410928
2022-02-24,3.2860,3.3536,3.2087,3.3440,1478198
2022-02-25,3.3826,3.4696,3.3633,3.4116,805867
2022-02-28,3.4116,3.4261,3.3150,3.4213,683565
2022-03-01,3.4503,3.5083,3.3440,3.3730,790134
2022-03-02,3.4309,3.5179,3.4019,3.5179,708165
2022-03-03,3.4986,3.5759,3.4889,3.4986,649035
2022-03-04,3.4116,3.4986,3.3536,3.4696,478530
2022-03-07,3.4406,3.4454,3.3923,3.4309,383334
2022-03-08,3.4406,3.4606,3.3536,3.3730,379614
2022-03-09,3.4793,3.5372,3.4503,3.5179,509606
2022-03-10,3.4116,3.4309,3.3440,3.4213,429827
2022-03-11,3.5179,3.5276,3.4503,3.4503,359256
2022-03-14,3.4599,3.4599,3.4068,3.4213,229163
2022-03-15,3.4213,3.5083,3.4066,3.4793,794603
2022-03-16,3.4793,3.6339,3.4793,3.5856,1021398
2022-03-17,3.5856,3.6822,3.5856,3.6726,210408
2022-03-18,3.5469,3.6387,3.5228,3.6242,569948
2022-03-21,3.6532,3.6629,3.6242,3.6436,341565
2022-03-22,3.6049,3.6532,3.5952,3.6339,307019
2022-03-23,3.5952,3.6339,3.5856,3.5856,252141
2022-03-24,3.6049,3.6484,3.5952,3.6242,173875
2022-03-25,3.6629,3.6774,3.5856,3.6146,294032
2022-03-28,3.6146,3.6146,3.5372,3.6049,220450
2022-03-29,3.6436,3.7112,3.6436,3.6919,339743
2022-03-30,3.7015,3.7789,3.7015,3.7402,290086
2022-03-31,3.7499,3.7934,3.7112,3.7595,246670
2022-04-01,3.7015,3.7402,3.6919,3.7209,262969
2022-04-04,3.7692,3.8271,3.7692,3.8079,258773
2022-04-05,3.7982,3.8030,3.7305,3.7305,209660
2022-04-06,3.7209,3.7547,3.6726,3.7305,478795
2022-04-07,3.7402,3.7402,3.6677,3.7112,333312
2022-04-08,3.6822,3.6822,3.6146,3.6146,632685
2022-04-11,3.7499,3.7789,3.6532,3.6629,472899
2022-04-12,3.6629,3.6822,3.6146,3.6339,376308
2022-04-13,3.6629,3.7692,3.6581,3.7595,233418
2022-04-14,3.7789,3.7789,3.7209,3.7305,119892
2022-04-18,3.7305,3.7982,3.6919,3.7209,315636
2022-04-19,3.7209,3.8175,3.6629,3.8079,232362
2022-04-20,3.8079,3.8272,3.7789,3.8079,136399
2022-04-21,3.7982,3.8272,3.7112,3.7112,321589
2022-04-22,3.7112,3.7379,3.6339,3.6532,144926
2022-04-25,3.6242,3.7692,3.6242,3.7402,285641
2022-04-26,3.7305,3.7691,3.6532,3.6726,279531
2022-04-27,3.6339,3.7209,3.6339,3.7015,217128
2022-04-28,3.6919,3.7112,3.6146,3.6146,181863
2022-04-29,3.5856,3.5875,3.3536,3.3730,568527
2022-05-02,3.3536,3.4309,3.2956,3.3246,469174
2022-05-03,3.3633,3.4116,3.3440,3.3730,317161
2022-05-04,3.3826,3.4116,3.3391,3.4019,246672
2022-05-05,3.4116,3.4686,3.3633,3.4116,397626
2022-05-06,3.3730,3.3730,3.1797,3.1990,505929
2022-05-09,3.1893,3.2666,3.1603,3.1797,649878
2022-05-10,3.2280,3.2763,3.1700,3.1893,437654
2022-05-11,3.1797,3.1797,3.1023,3.1217,388420
2022-05-12,3.1120,3.1313,3.0927,3.1023,273326
2022-05-13,3.1023,3.1603,3.0975,3.1507,418688
2022-05-16,3.0830,3.1120,3.0540,3.0830,729079
2022-05-17,3.0637,3.0637,3.0154,3.0347,831422
2022-05-18,2.9477,2.9670,2.8994,2.8994,826301
2022-05-19,2.8994,2.9670,2.8994,2.9284,287434
2022-05-20,2.9187,2.9187,2.8704,2.9090,906575
2022-05-23,2.9284,2.9960,2.9090,2.9477,474701
2022-05-24,2.9380,2.9380,2.8607,2.9187,732644
2022-05-25,2.8511,2.8994,2.8414,2.8801,509553
2022-05-26,2.9187,2.9767,2.9187,2.9380,272819
2022-05-27,2.8994,2.9187,2.8704,2.8994,535431
2022-05-31,2.9187,2.9380,2.8897,2.8994,526504
2022-06-01,2.9187,2.9187,2.8027,2.8317,881023
2022-06-02,2.8414,2.8897,2.8124,2.8897,560355
2022-06-03,2.8704,2.8801,2.8027,2.8221,582229
2022-06-06,2.8414,2.8511,2.8124,2.8317,242266
2022-06-07,2.8317,2.8317,2.7737,2.8317,421870
2022-06-08,2.7448,2.7448,2.6191,2.6481,2004330
2022-06-09,2.5998,2.6868,2.5756,2.6191,1048754
2022-06-10,2.5998,2.6288,2.5660,2.5805,555099
2022-06-13,2.5611,2.5853,2.5312,2.5611,962445
2022-06-14,2.5611,2.5805,2.5080,2.5321,834678
2022-06-15,2.5515,2.6046,2.5418,2.5998,807330
2022-06-16,2.4838,2.5563,2.4741,2.5515,1247690
2022-06-17,2.5128,2.5805,2.5031,2.5128,1861134
2022-06-21,2.5611,2.5756,2.5418,2.5515,577414
2022-06-22,2.5611,2.5901,2.5611,2.5708,427085
2022-06-23,2.5418,2.5418,2.4935,2.5225,408121
2022-06-24,2.5321,2.6094,2.5128,2.6094,447709
2022-06-27,2.6288,2.6288,2.5901,2.5998,298376
2022-06-28,2.6094,2.6094,2.5321,2.5321,598546
2022-06-29,2.5515,2.5515,2.4645,2.4935,580600
2022-06-30,2.4451,2.4451,2.3678,2.4162,651100
2022-07-01,2.4548,2.4693,2.4307,2.4548,388936
2022-07-05,2.4548,2.5321,2.4355,2.5321,777654
2022-07-06,2.4838,2.5321,2.4741,2.5321,636002
2022-07-07,2.5031,2.5321,2.5031,2.5321,215822
2022-07-08,2.5321,2.5321,2.4838,2.5031,171111
2022-07-11,2.4548,2.4935,2.4355,2.4838,547902
2022-07-12,2.4838,2.5128,2.4645,2.5128,505630
2022-07-13,2.3968,2.4355,2.3823,2.4355,626105
2022-07-14,2.3872,2.4258,2.3688,2.4162,648050
2022-07-15,2.4162,2.4645,2.4065,2.4451,392299
2022-07-18,2.4451,2.4451,2.4162,2.4355,154245
2022-07-19,2.4935,2.4935,2.4645,2.4838,474606
2022-07-20,2.4838,2.4838,2.4258,2.4548,489782
2022-07-21,2.4451,2.4451,2.3678,2.3872,533302
2022-07-22,2.3968,2.3968,2.3098,2.3292,599107
2022-07-25,2.3292,2.3340,2.3098,2.3195,441019
2022-07-26,2.3800,2.4000,2.3500,2.3800,560615
2022-07-27,2.3900,2.4100,2.3600,2.3800,644573
2022-07-28,2.3700,2.4000,2.3300,2.3500,533888
2022-07-29,2.3600,2.4000,2.3400,2.3900,581867
2022-08-01,2.3600,2.4400,2.3350,2.4000,576709
2022-08-02,2.4000,2.4099,2.3400,2.3800,438066
2022-08-03,2.3900,2.3900,2.3300,2.3600,619663
2022-08-04,2.3500,2.3900,2.3500,2.3600,275467
2022-08-05,2.3400,2.4000,2.3300,2.3700,595000
2022-08-08,2.3700,2.4900,2.3700,2.4900,540259
2022-08-09,2.4900,2.4900,2.3600,2.3900,515627
2022-08-10,2.4200,2.5600,2.4200,2.5200,763342
2022-08-11,2.5200,2.5500,2.4700,2.5500,372775
2022-08-12,2.5400,2.5400,2.4550,2.5100,348212
2022-08-15,2.4700,2.4850,2.4300,2.4800,230611
2022-08-16,2.4000,2.4900,2.3800,2.4800,928066
2022-08-17,2.4600,2.5200,2.4500,2.4900,821809
2022-08-18,2.5200,2.6300,2.5100,2.5900,678960
2022-08-19,2.6300,2.6300,2.5700,2.6100,405539
2022-08-22,2.6100,2.7600,2.6000,2.6300,832351
2022-08-23,2.7600,2.8300,2.7501,2.8300,850580
2022-08-24,2.8600,2.9600,2.8100,2.9600,1567192
2022-08-25,3.0300,3.1000,2.9300,2.9700,821453
2022-08-26,2.9600,2.9800,2.8800,2.9100,209133
2022-08-29,2.8700,3.0300,2.8676,2.9900,376721
2022-08-30,3.0100,3.0100,2.9109,2.9900,281802
2022-08-31,3.0100,3.0350,2.9500,2.9700,563177
2022-09-01,2.9600,2.9600,2.8650,2.9200,468861
2022-09-02,2.9700,2.9700,2.9000,2.9300,492885
2022-09-06,3.0900,3.2100,3.0500,3.1400,1023057
2022-09-07,3.2400,3.4450,3.2000,3.4400,1422253
2022-09-08,3.3900,3.4100,3.2500,3.4100,1039728
2022-09-09,3.3800,3.3800,3.3100,3.3200,313023
2022-09-12,3.4000,3.5700,3.4000,3.5200,920893
2022-09-13,3.3200,3.4300,3.2550,3.2600,1140868
2022-09-14,3.3400,3.4300,3.3100,3.4300,454081
2022-09-15,3.3000,3.3000,3.1400,3.1900,624935
2022-09-16,3.2000,3.2400,3.1900,3.1900,403403
2022-09-19,3.0900,3.1100,2.9100,2.9700,756283
2022-09-20,3.0900,3.1000,3.0450,3.0700,995808
2022-09-21,3.0900,3.0990,3.0000,3.0000,621686
2022-09-22,3.0000,3.0150,2.9500,2.9800,637831
2022-09-23,2.9700,2.9800,2.9000,2.9400,410175
2022-09-26,2.9100,2.9500,2.9011,2.9500,258681
2022-09-27,2.9500,2.9500,2.8600,2.9100,347788
2022-09-28,2.7900,2.8100,2.7500,2.7800,361723
2022-09-29,2.7600,2.7700,2.6609,2.7500,480780
2022-09-30,2.7000,2.7200,2.6600,2.6600,298796
2022-10-03,2.8400,2.9800,2.8150,2.9700,323138
2022-10-04,2.9600,2.9650,2.8900,2.9100,377128
2022-10-05,2.9100,2.9400,2.8700,2.8900,505669
2022-10-06,3.0100,3.0100,2.9700,2.9800,353395
2022-10-07,3.0400,3.0700,3.0050,3.0400,268406
2022-10-10,3.1500,3.1752,3.1000,3.1400,460852
2022-10-11,3.2800,3.3100,3.2000,3.2400,629296
2022-10-12,3.2100,3.2200,3.1350,3.1900,290148
2022-10-13,3.1200,3.1549,3.0900,3.1200,324159
2022-10-14,3.1200,3.1600,3.1000,3.1200,295280
2022-10-17,3.2800,3.3500,3.2650,3.3000,498887
2022-10-18,3.3200,3.3800,3.2700,3.3500,287643
2022-10-19,3.3400,3.4000,3.3200,3.3500,397250
2022-10-20,3.4200,3.4200,3.3100,3.3300,258397
2022-10-21,3.3600,3.3905,3.3315,3.3700,178678
2022-10-24,3.4000,3.4100,3.3500,3.3900,296898
2022-10-25,3.3900,3.4200,3.3300,3.3900,450004
2022-10-26,3.3800,3.3800,3.3000,3.3100,168514
2022-10-27,3.3000,3.3800,3.3000,3.3300,261349
2022-10-28,3.3400,3.3400,3.2600,3.3000,182197
