"MacroTrends Data Download"
"CZNC - Historical Price and Volume Data"
"Note: Historical prices are adjusted for stock splits."

"Disclaimer and Terms of Use: Historical stock data is provided 'as is' and solely for informational purposes, not for trading purposes or advice."
"MacroTrends LLC expressly disclaims the accuracy, adequacy, or completeness of any data and shall not be liable for any errors, omissions or other defects in, "
"delays or interruptions in such data, or for any actions taken in reliance thereon.  Neither MacroTrends LLC nor any of our information providers will be liable"
"for any damages relating to your use of the data provided."


"ATTRIBUTION: Proper attribution requires clear indication of the data source as ""www.macrotrends.net""."
"A ""dofollow"" backlink to the originating page is also required if the data is displayed on a web page."


date,open,high,low,close,volume
1996-05-30,5.1252,5.1252,5.1252,5.1252,0
1996-05-31,5.1252,5.1252,5.1252,5.1252,0
1996-06-03,5.1252,5.1252,5.1252,5.1252,0
1996-06-04,4.8436,4.8436,4.8436,4.8436,401
1996-06-05,4.8436,4.8436,4.8436,4.8436,0
1996-06-06,4.8436,4.8436,4.8436,4.8436,0
1996-06-07,4.8436,4.8436,4.8436,4.8436,0
1996-06-10,5.0125,5.0125,5.0125,5.0125,600
1996-06-11,4.8436,4.8436,4.8436,4.8436,101
1996-06-12,4.8436,4.8436,4.8436,4.8436,0
1996-06-13,4.8436,4.8436,4.8436,4.8436,0
1996-06-14,4.8436,4.8436,4.8436,4.8436,0
1996-06-17,4.8436,4.8436,4.8436,4.8436,300
1996-06-18,4.8436,4.8436,4.8436,4.8436,0
1996-06-19,4.8436,4.8436,4.8436,4.8436,0
1996-06-20,4.8436,4.8436,4.8436,4.8436,0
1996-06-21,4.8436,4.8436,4.8436,4.8436,401
1996-06-24,4.8436,4.8436,4.8436,4.8436,0
1996-06-25,4.8436,4.8436,4.8436,4.8436,1301
1996-06-26,4.8436,4.8436,4.8436,4.8436,0
1996-06-27,4.8776,4.8776,4.8776,4.8776,0
1996-06-28,4.8776,4.8776,4.8776,4.8776,401
1996-07-01,4.8776,5.1044,4.8776,4.8776,1800
1996-07-02,4.8776,4.8776,4.8776,4.8776,0
1996-07-03,4.9910,4.9910,4.9910,4.9910,701
1996-07-05,4.9910,4.9910,4.9910,4.9910,0
1996-07-08,5.0477,5.0477,5.0477,5.0477,600
1996-07-09,5.0477,5.0477,5.0477,5.0477,0
1996-07-10,5.0477,5.0477,5.0477,5.0477,0
1996-07-11,5.0477,5.0477,5.0477,5.0477,0
1996-07-12,5.0477,5.0477,5.0477,5.0477,0
1996-07-15,5.0477,5.0477,5.0477,5.0477,0
1996-07-16,4.8776,4.8776,4.8776,4.8776,300
1996-07-17,4.8776,4.8776,4.8776,4.8776,0
1996-07-18,4.8776,4.8776,4.8776,4.8776,0
1996-07-19,4.8776,4.8776,4.8776,4.8776,0
1996-07-22,4.8776,4.8776,4.8776,4.8776,0
1996-07-23,4.8776,4.8776,4.8776,4.8776,0
1996-07-24,4.8776,4.8776,4.8776,4.8776,0
1996-07-25,4.8776,4.8776,4.8776,4.8776,0
1996-07-26,4.8776,4.8776,4.8776,4.8776,0
1996-07-29,5.2179,5.2179,5.2179,5.2179,300
1996-07-30,4.9343,4.9343,4.9343,4.9343,401
1996-07-31,4.9343,4.9343,4.9343,4.9343,0
1996-08-01,4.9343,4.9343,4.9343,4.9343,0
1996-08-02,4.9343,4.9343,4.9343,4.9343,0
1996-08-05,4.9343,4.9343,4.9343,4.9343,0
1996-08-06,5.0477,5.0477,4.9343,5.0477,1301
1996-08-07,5.1906,5.1906,5.1906,5.1906,701
1996-08-08,5.1906,5.1906,5.1906,5.1906,0
1996-08-09,5.1906,5.1906,5.1906,5.1906,0
1996-08-12,5.1906,5.1906,5.1906,5.1906,0
1996-08-13,5.1906,5.1906,5.1906,5.1906,0
1996-08-14,5.1906,5.1906,5.1906,5.1906,0
1996-08-15,5.1906,5.1906,5.1906,5.1906,0
1996-08-16,5.1906,5.1906,5.1906,5.1906,0
1996-08-19,4.9343,4.9343,4.9343,4.9343,2700
1996-08-20,4.9343,4.9343,4.9343,4.9343,1200
1996-08-21,4.9343,4.9343,4.9343,4.9343,0
1996-08-22,4.9343,5.2179,4.9343,5.2179,1001
1996-08-23,5.2179,5.2179,5.2179,5.2179,0
1996-08-26,5.2179,5.2179,5.2179,5.2179,0
1996-08-27,5.2179,5.2179,5.0477,5.0477,1301
1996-08-28,5.2179,5.2179,5.2179,5.2179,101
1996-08-29,5.2179,5.2179,5.2179,5.2179,101
1996-08-30,5.2179,5.2179,5.2179,5.2179,0
1996-09-03,5.2179,5.2179,5.2179,5.2179,0
1996-09-04,4.9638,4.9638,4.9638,4.9638,101
1996-09-05,4.9638,4.9638,4.9638,4.9638,0
1996-09-06,4.9638,4.9638,4.9638,4.9638,0
1996-09-09,4.9638,4.9638,4.9638,4.9638,0
1996-09-10,4.9638,4.9638,4.9638,4.9638,0
1996-09-11,5.2746,5.2746,5.2746,5.2746,101
1996-09-12,5.2746,5.2746,5.2746,5.2746,101
1996-09-13,5.2746,5.2746,5.2746,5.2746,0
1996-09-16,5.2746,5.2746,5.2746,5.2746,0
1996-09-17,5.2746,5.2746,5.2746,5.2746,0
1996-09-18,5.2746,5.2746,5.2746,5.2746,0
1996-09-19,5.2746,5.2746,5.2746,5.2746,0
1996-09-20,5.2746,5.2746,5.2746,5.2746,0
1996-09-23,5.2746,5.2746,5.2746,5.2746,0
1996-09-24,5.2746,5.2746,5.2746,5.2746,0
1996-09-25,5.2746,5.2746,5.2746,5.2746,0
1996-09-26,5.3088,5.3088,5.3088,5.3088,0
1996-09-27,5.3088,5.3088,5.3088,5.3088,0
1996-09-30,5.3088,5.3088,5.3088,5.3088,0
1996-10-01,5.3088,5.3088,5.3088,5.3088,0
1996-10-02,5.4230,5.4230,5.4230,5.4230,300
1996-10-03,5.4230,5.4230,5.4230,5.4230,0
1996-10-04,5.3088,5.3088,5.3088,5.3088,701
1996-10-07,5.3088,5.3088,5.3088,5.3088,0
1996-10-08,5.3088,5.3088,5.3088,5.3088,0
1996-10-09,5.1376,5.1376,5.1376,5.1376,600
1996-10-10,5.1376,5.1376,5.1376,5.1376,0
1996-10-11,5.4801,5.4801,5.4801,5.4801,300
1996-10-14,5.4801,5.4801,5.4801,5.4801,0
1996-10-15,5.4801,5.4801,5.4801,5.4801,0
1996-10-16,5.7084,5.7084,5.6513,5.7084,3000
1996-10-17,5.7084,5.7084,5.7084,5.7084,0
1996-10-18,5.2518,5.2518,5.2518,5.2518,101
1996-10-21,5.5372,5.5372,5.3659,5.5372,1500
1996-10-22,5.5372,5.5372,5.5372,5.5372,0
1996-10-23,5.5372,5.5372,5.5372,5.5372,0
1996-10-24,5.5372,5.5372,5.5372,5.5372,0
1996-10-25,5.5372,5.5372,5.5372,5.5372,0
1996-10-28,5.5372,5.5372,5.5372,5.5372,0
1996-10-29,5.5372,5.5372,5.5372,5.5372,0
1996-10-30,5.5372,5.5372,5.5372,5.5372,0
1996-10-31,5.5372,5.5372,5.5372,5.5372,0
1996-11-01,5.5372,5.5372,5.5372,5.5372,0
1996-11-04,5.5372,5.5372,5.5372,5.5372,0
1996-11-05,5.5372,5.5372,5.5372,5.5372,0
1996-11-06,5.5372,5.5372,5.5372,5.5372,0
1996-11-07,5.5372,5.5372,5.5372,5.5372,0
1996-11-08,5.5372,5.5372,5.5372,5.5372,0
1996-11-11,5.5372,5.5372,5.5372,5.5372,0
1996-11-12,5.5372,5.5372,5.5372,5.5372,0
1996-11-13,5.5372,5.5372,5.5372,5.5372,0
1996-11-14,5.5372,5.5372,5.5372,5.5372,0
1996-11-15,5.5372,5.5372,5.5372,5.5372,0
1996-11-18,5.5372,5.5372,5.5372,5.5372,0
1996-11-19,5.5372,5.5372,5.5372,5.5372,0
1996-11-20,5.5372,5.5372,5.5372,5.5372,0
1996-11-21,5.5372,5.5372,5.5372,5.5372,0
1996-11-22,5.8797,5.8797,5.8797,5.8797,101
1996-11-25,5.8797,5.8797,5.8797,5.8797,300
1996-11-26,5.8797,5.8797,5.8797,5.8797,0
1996-11-27,5.8160,5.8160,5.8160,5.8160,0
1996-11-29,5.8160,5.8160,5.8160,5.8160,0
1996-12-02,5.8160,5.8160,5.8160,5.8160,0
1996-12-03,5.8160,5.8160,5.8160,5.8160,0
1996-12-04,5.8160,5.8160,5.8160,5.8160,0
1996-12-05,5.8160,5.8160,5.8160,5.8160,0
1996-12-06,5.8160,5.8160,5.8160,5.8160,0
1996-12-09,5.8160,5.8160,5.8160,5.8160,0
1996-12-10,5.8160,5.8160,5.8160,5.8160,0
1996-12-11,5.8160,5.8160,5.8160,5.8160,0
1996-12-12,5.8160,5.8160,5.8160,5.8160,0
1996-12-13,5.8160,5.8160,5.8160,5.8160,0
1996-12-16,5.8160,5.8160,5.8160,5.8160,0
1996-12-17,5.8160,5.8160,5.8160,5.8160,0
1996-12-18,5.8160,5.8160,5.8160,5.8160,0
1996-12-19,5.8160,5.8160,5.8160,5.8160,0
1996-12-20,5.8160,5.8160,5.8160,5.8160,0
1996-12-23,5.8160,5.8160,5.8160,5.8160,0
1996-12-24,5.8160,5.8160,5.8160,5.8160,0
1996-12-26,5.8160,5.8160,5.8160,5.8160,0
1996-12-27,5.8160,5.8160,5.8160,5.8160,0
1996-12-30,5.8160,5.8160,5.8160,5.8160,0
1996-12-31,5.8160,5.8160,5.8160,5.8160,0
1997-01-02,5.8160,5.8160,5.8160,5.8160,0
1997-01-03,5.8160,5.8160,5.8160,5.8160,0
1997-01-06,5.8160,5.8160,5.8160,5.8160,0
1997-01-07,5.8160,5.8160,5.8160,5.8160,0
1997-01-08,5.8160,5.8160,5.8160,5.8160,0
1997-01-09,5.8160,5.8160,5.8160,5.8160,0
1997-01-10,5.5724,5.5724,5.5724,5.5724,701
1997-01-13,5.8596,5.8596,5.8596,5.8596,1500
1997-01-14,6.0894,6.0894,6.0320,6.0894,2201
1997-01-15,6.0894,6.0894,6.0894,6.0894,0
1997-01-16,5.6873,5.6873,5.6873,5.6873,900
1997-01-17,5.6873,5.6873,5.6873,5.6873,0
1997-01-20,5.7447,5.7447,5.7447,5.7447,900
1997-01-21,5.7447,5.7447,5.7447,5.7447,0
1997-01-22,5.7447,5.7447,5.7447,5.7447,0
1997-01-23,5.7447,5.7447,5.7447,5.7447,0
1997-01-24,5.7447,5.7447,5.7447,5.7447,0
1997-01-27,5.7447,5.7447,5.7447,5.7447,0
1997-01-28,6.1469,6.1469,6.1469,6.1469,600
1997-01-29,5.8022,5.8022,5.8022,5.8022,900
1997-01-30,5.9745,5.9745,5.9745,5.9745,300
1997-01-31,5.9745,5.9745,5.9745,5.9745,0
1997-02-03,6.1469,6.1469,6.1469,6.1469,101
1997-02-04,6.1469,6.1469,6.1469,6.1469,0
1997-02-05,6.1469,6.1469,6.1469,6.1469,0
1997-02-06,6.1469,6.1469,6.1469,6.1469,0
1997-02-07,6.0894,6.0894,6.0894,6.0894,900
1997-02-10,6.0894,6.0894,6.0894,6.0894,0
1997-02-11,6.0894,6.0894,6.0894,6.0894,0
1997-02-12,6.0894,6.0894,6.0894,6.0894,0
1997-02-13,6.0894,6.0894,6.0894,6.0894,0
1997-02-14,6.0894,6.0894,6.0894,6.0894,0
1997-02-18,6.0894,6.0894,6.0894,6.0894,0
1997-02-19,6.0894,6.0894,6.0894,6.0894,0
1997-02-20,6.0894,6.0894,6.0894,6.0894,0
1997-02-21,6.0894,6.0894,6.0894,6.0894,0
1997-02-24,5.7447,5.7447,5.7447,5.7447,401
1997-02-25,5.7447,5.7447,5.7447,5.7447,0
1997-02-26,5.7447,5.7447,5.7447,5.7447,0
1997-02-27,5.7447,5.7447,5.7447,5.7447,0
1997-02-28,5.7447,5.7447,5.7447,5.7447,0
1997-03-03,5.7447,5.7447,5.7447,5.7447,0
1997-03-04,6.1767,6.1767,6.1767,6.1767,401
1997-03-05,6.2618,6.2618,6.2618,6.2618,401
1997-03-06,6.2618,6.2618,6.2618,6.2618,0
1997-03-07,5.9745,5.9745,5.9745,5.9745,101
1997-03-10,5.9745,5.9745,5.9745,5.9745,0
1997-03-11,5.9745,5.9745,5.9745,5.9745,0
1997-03-12,5.9745,5.9745,5.9745,5.9745,0
1997-03-13,5.9745,5.9745,5.9745,5.9745,0
1997-03-14,6.0320,6.0320,5.9745,6.0320,13901
1997-03-17,6.0320,6.0320,6.0320,6.0320,0
1997-03-18,6.0320,6.0320,6.0320,6.0320,0
1997-03-19,6.0320,6.0320,6.0320,6.0320,0
1997-03-20,6.0320,6.0320,6.0320,6.0320,0
1997-03-21,6.0320,6.0320,6.0320,6.0320,0
1997-03-24,6.0320,6.0320,6.0320,6.0320,0
1997-03-25,6.0320,6.0320,6.0320,6.0320,0
1997-03-26,5.9656,5.9656,5.9656,5.9656,0
1997-03-27,5.9656,5.9656,5.9656,5.9656,0
1997-03-31,5.9656,5.9656,5.9656,5.9656,0
1997-04-01,5.9656,5.9656,5.9656,5.9656,0
1997-04-02,5.9656,5.9656,5.9656,5.9656,0
1997-04-03,5.9656,5.9656,5.9656,5.9656,0
1997-04-04,5.9656,5.9656,5.9656,5.9656,0
1997-04-07,5.9656,5.9656,5.9656,5.9656,0
1997-04-08,5.9656,5.9656,5.9656,5.9656,0
1997-04-09,5.9656,5.9656,5.9656,5.9656,0
1997-04-10,5.9656,5.9656,5.9656,5.9656,0
1997-04-11,6.3586,6.3586,6.0696,6.3586,17000
1997-04-14,6.2430,6.3586,6.2430,6.2430,2501
1997-04-15,6.2430,6.3586,6.2430,6.2430,2700
1997-04-16,6.3586,6.3586,6.3586,6.3586,1500
1997-04-17,6.3586,6.3586,6.3586,6.3586,0
1997-04-18,6.3586,6.3586,6.3586,6.3586,0
1997-04-21,6.3586,6.3586,6.3586,6.3586,0
1997-04-22,6.3586,6.3586,6.3586,6.3586,0
1997-04-23,6.3586,6.3586,6.3586,6.3586,0
1997-04-24,6.3586,6.3586,6.3586,6.3586,0
1997-04-25,6.3586,6.3586,6.3586,6.3586,0
1997-04-28,6.3586,6.3586,6.3586,6.3586,0
1997-04-29,6.4743,6.4743,6.4743,6.4743,300
1997-04-30,6.4743,6.4743,6.4743,6.4743,0
1997-05-01,6.4743,6.4743,6.4743,6.4743,0
1997-05-02,6.4743,6.4743,6.4743,6.4743,0
1997-05-05,6.4743,6.4743,6.4743,6.4743,0
1997-05-06,6.4743,6.4743,6.4743,6.4743,0
1997-05-07,6.4165,6.4165,6.4165,6.4165,701
1997-05-08,6.4165,6.4165,6.4165,6.4165,0
1997-05-09,6.4165,6.4165,6.4165,6.4165,0
1997-05-12,6.4165,6.4165,6.4165,6.4165,0
1997-05-13,6.4165,6.4165,6.4165,6.4165,0
1997-05-14,6.5321,6.5321,6.3586,6.5321,600
1997-05-15,6.5321,6.5321,6.5321,6.5321,0
1997-05-16,6.5321,6.5321,6.5321,6.5321,0
1997-05-19,6.5321,6.5321,6.5321,6.5321,0
1997-05-20,6.5321,6.5321,6.5321,6.5321,0
1997-05-21,6.5321,6.5321,6.5321,6.5321,0
1997-05-22,6.5321,6.5321,6.5321,6.5321,0
1997-05-23,6.5321,6.5321,6.5321,6.5321,0
1997-05-27,6.5321,6.5321,6.5321,6.5321,3000
1997-05-28,6.6477,6.8789,6.6477,6.8789,3401
1997-05-29,6.6777,7.0523,6.6777,6.6777,3701
1997-05-30,6.7355,7.0523,6.7055,6.7355,3900
1997-06-02,6.8789,6.9367,6.6777,6.8789,17300
1997-06-03,6.7934,6.7934,6.5321,6.7934,1500
1997-06-04,6.7934,6.7934,6.7934,6.7934,0
1997-06-05,6.7934,6.7934,6.7934,6.7934,0
1997-06-06,6.7934,6.7934,6.7934,6.7934,0
1997-06-09,6.8211,6.8211,6.8211,6.8211,1301
1997-06-10,6.8211,6.8211,6.8211,6.8211,0
1997-06-11,6.8211,6.8211,6.8211,6.8211,0
1997-06-12,6.8583,6.8583,6.8583,6.8583,0
1997-06-13,6.8583,6.8583,6.8583,6.8583,0
1997-06-16,6.8583,6.8583,6.8583,6.8583,0
1997-06-17,6.8583,6.8583,6.8583,6.8583,0
1997-06-18,6.8583,6.8583,6.8583,6.8583,0
1997-06-19,6.8583,6.8583,6.8583,6.8583,0
1997-06-20,6.8583,6.8583,6.8583,6.8583,0
1997-06-23,6.8583,6.8583,6.8583,6.8583,0
1997-06-24,6.5677,6.5677,6.5677,6.5677,6000
1997-06-25,6.8467,7.0327,6.7421,6.8467,11201
1997-06-26,6.6258,6.9164,6.6258,6.6258,5801
1997-06-27,6.8583,6.9746,6.8583,6.8583,28500
1997-06-30,6.7421,6.7421,6.7421,6.7421,701
1997-07-01,6.9164,7.0908,6.9164,6.9164,1200
1997-07-02,6.9164,6.9164,6.9164,6.9164,0
1997-07-03,6.9164,6.9164,6.9164,6.9164,0
1997-07-07,6.8002,6.8002,6.8002,6.8002,2400
1997-07-08,7.2652,7.2652,7.2652,7.2652,600
1997-07-09,7.0908,7.0908,7.0908,7.0908,101
1997-07-10,7.0908,7.0908,7.0908,7.0908,401
1997-07-11,7.0327,7.2652,7.0327,7.0327,900
1997-07-14,7.3233,7.3233,7.2652,7.3233,1200
1997-07-15,7.2652,7.2652,7.2652,7.2652,401
1997-07-16,6.9746,6.9746,6.9746,6.9746,2700
1997-07-17,7.3233,7.3233,7.3233,7.3233,101
1997-07-18,7.3233,7.3233,7.3233,7.3233,0
1997-07-21,7.3233,7.3233,7.0327,7.3233,9401
1997-07-22,6.9164,7.3233,6.9164,6.9164,17501
1997-07-23,7.3233,7.3233,7.3233,7.3233,401
1997-07-24,7.3233,7.3233,7.3233,7.3233,0
1997-07-25,7.3233,7.3233,7.3233,7.3233,0
1997-07-28,6.9164,6.9164,6.9164,6.9164,701
1997-07-29,6.9164,6.9164,6.9164,6.9164,0
1997-07-30,7.3233,7.3233,7.3233,7.3233,401
1997-07-31,7.3233,7.3233,7.3233,7.3233,0
1997-08-01,7.3233,7.3233,7.3233,7.3233,0
1997-08-04,7.3233,7.3233,7.3233,7.3233,600
1997-08-05,7.3233,7.3233,7.3233,7.3233,0
1997-08-06,7.3233,7.3233,7.3233,7.3233,600
1997-08-07,7.3233,7.3233,7.3233,7.3233,0
1997-08-08,7.2071,7.4395,7.2071,7.2071,701
1997-08-11,7.2071,7.2071,7.2071,7.2071,0
1997-08-12,7.2071,7.2071,7.2071,7.2071,0
1997-08-13,7.2071,7.2071,7.2071,7.2071,0
1997-08-14,7.0327,7.0327,7.0327,7.0327,300
1997-08-15,7.0327,7.0327,7.0327,7.0327,0
1997-08-18,7.0327,7.0327,7.0327,7.0327,0
1997-08-19,7.0327,7.0327,7.0327,7.0327,0
1997-08-20,7.3233,7.4395,6.9746,7.3233,7001
1997-08-21,7.3814,7.3814,7.3233,7.3814,1200
1997-08-22,7.2652,7.2652,7.2652,7.2652,101
1997-08-25,7.2652,7.2652,7.2652,7.2652,0
1997-08-26,7.2652,7.2652,7.2652,7.2652,300
1997-08-27,7.2652,7.2652,7.2652,7.2652,0
1997-08-28,7.5558,7.5558,7.5558,7.5558,300
1997-08-29,7.4395,7.4395,7.4395,7.4395,101
1997-09-02,7.2071,7.4395,7.2071,7.4395,1800
1997-09-03,7.4395,7.4395,7.4395,7.4395,0
1997-09-04,6.9746,7.4395,6.9746,7.4395,5100
1997-09-05,7.4395,7.4395,7.4395,7.4395,0
1997-09-08,7.4395,7.4395,7.4395,7.4395,0
1997-09-09,7.3814,7.3814,6.9746,6.9746,1001
1997-09-10,6.9746,6.9746,6.9746,6.9746,0
1997-09-11,7.4395,7.4395,7.4395,7.4395,3600
1997-09-12,7.4395,7.4395,7.4395,7.4395,0
1997-09-15,7.4395,7.4395,7.4395,7.4395,0
1997-09-16,7.4395,7.4395,7.4395,7.4395,0
1997-09-17,7.4395,7.4395,7.4395,7.4395,0
1997-09-18,7.5558,7.5558,6.9746,7.5558,2100
1997-09-19,7.5558,7.5558,7.5558,7.5558,0
1997-09-22,7.5558,7.5558,7.5558,7.5558,300
1997-09-23,7.5558,7.5558,7.5558,7.5558,0
1997-09-24,7.5558,7.5558,7.5558,7.5558,0
1997-09-25,7.5932,7.5932,7.5932,7.5932,0
1997-09-26,7.5932,7.5932,7.5932,7.5932,0
1997-09-29,7.2428,7.2428,7.2428,7.2428,1301
1997-09-30,7.2428,7.2428,7.2428,7.2428,0
1997-10-01,7.2428,7.2428,7.2428,7.2428,0
1997-10-02,7.2428,7.2428,7.2428,7.2428,0
1997-10-03,7.2428,7.2428,7.2428,7.2428,0
1997-10-06,7.2428,7.2428,7.2428,7.2428,0
1997-10-07,7.2428,7.2428,7.2428,7.2428,0
1997-10-08,7.2428,7.2428,7.2428,7.2428,0
1997-10-09,7.2428,7.2428,7.2428,7.2428,0
1997-10-10,7.2428,7.2428,7.2428,7.2428,0
1997-10-13,7.2428,7.2428,7.2428,7.2428,0
1997-10-14,7.2428,7.2428,7.2428,7.2428,0
1997-10-15,7.2428,7.2428,7.2428,7.2428,0
1997-10-16,7.2428,7.2428,7.2428,7.2428,0
1997-10-17,7.3012,7.3012,7.3012,7.3012,401
1997-10-20,7.3012,7.3012,7.3012,7.3012,0
1997-10-21,7.7100,7.7100,7.3012,7.7100,600
1997-10-22,7.7100,7.7100,7.4764,7.5932,5201
1997-10-23,7.7100,7.7100,7.7100,7.7100,600
1997-10-24,7.7100,7.7100,7.7100,7.7100,0
1997-10-27,7.5068,7.5652,7.5068,7.5068,2100
1997-10-28,7.7100,7.7100,7.7100,7.7100,600
1997-10-29,7.7100,7.7100,7.7100,7.7100,0
1997-10-30,7.7100,7.7100,7.7100,7.7100,0
1997-10-31,7.7100,7.7100,7.7100,7.7100,0
1997-11-03,7.4764,7.4764,7.4764,7.4764,401
1997-11-04,7.4764,7.4764,7.4764,7.4764,0
1997-11-05,7.7100,7.7100,7.7100,7.7100,401
1997-11-06,7.7100,7.7100,7.7100,7.7100,0
1997-11-07,7.7100,7.7100,7.7100,7.7100,0
1997-11-10,7.5652,7.5652,7.5652,7.5652,600
1997-11-11,7.5652,7.5652,7.5652,7.5652,0
1997-11-12,7.5652,7.5652,7.5652,7.5652,0
1997-11-13,7.7100,7.7100,7.4764,7.7100,3101
1997-11-14,7.7100,7.7100,7.7100,7.7100,101
1997-11-17,7.7100,7.7100,7.5652,7.7100,3401
1997-11-18,7.7100,7.7100,7.7100,7.7100,0
1997-11-19,7.7100,7.7100,7.7100,7.7100,0
1997-11-20,7.7100,7.7100,7.7100,7.7100,0
1997-11-21,7.7100,7.7100,7.7100,7.7100,0
1997-11-24,7.7100,7.7100,7.7100,7.7100,0
1997-11-25,7.7100,7.7100,7.7100,7.7100,0
1997-11-26,7.8107,7.8695,7.8107,7.8107,1301
1997-11-28,7.8107,7.8107,7.8107,7.8107,0
1997-12-01,7.8107,7.8107,7.8107,7.8107,0
1997-12-02,7.8107,7.8107,7.8107,7.8107,0
1997-12-03,7.8107,7.8107,7.8107,7.8107,0
1997-12-04,7.8107,7.8107,7.8107,7.8107,0
1997-12-05,7.8107,7.8107,7.8107,7.8107,0
1997-12-08,7.6345,7.6345,7.5171,7.6345,7601
1997-12-09,7.5758,7.7520,7.5171,7.5758,13301
1997-12-10,7.8695,7.8695,7.5758,7.8695,12101
1997-12-11,7.8695,7.8695,7.8695,7.8695,4200
1997-12-12,7.8695,7.8695,7.8695,7.8695,0
1997-12-15,7.6345,7.6345,7.6345,7.6345,300
1997-12-16,7.6064,7.7238,7.6064,7.6064,1001
1997-12-17,7.6064,7.6064,7.6064,7.6064,0
1997-12-18,7.6064,7.6064,7.6064,7.6064,0
1997-12-19,7.6064,7.6064,7.6064,7.6064,0
1997-12-22,7.6064,7.6064,7.6064,7.6064,0
1997-12-23,7.6345,7.6345,7.6345,7.6345,300
1997-12-24,7.6345,7.6345,7.6345,7.6345,0
1997-12-26,7.6345,7.6345,7.6345,7.6345,0
1997-12-29,7.6345,7.6345,7.6345,7.6345,701
1997-12-30,7.9869,7.9869,7.9869,7.9869,600
1997-12-31,7.9869,7.9869,7.9869,7.9869,0
1998-01-02,7.9869,7.9869,7.9869,7.9869,300
1998-01-05,7.6345,7.6345,7.6345,7.6345,900
1998-01-06,7.8413,7.9282,7.8413,7.8413,1500
1998-01-07,7.9869,7.9869,7.9869,7.9869,701
1998-01-08,7.9869,7.9869,7.9869,7.9869,401
1998-01-09,7.9869,7.9869,7.8695,7.9869,600
1998-01-12,7.8695,7.8695,7.8107,7.8695,600
1998-01-13,8.2218,8.2218,8.2218,8.2218,300
1998-01-14,8.2218,8.2218,8.2218,8.2218,0
1998-01-15,8.2218,8.2218,8.2218,8.2218,101
1998-01-16,8.2218,8.2218,7.8695,8.2218,701
1998-01-20,8.2218,8.2218,8.2218,8.2218,0
1998-01-21,8.2218,8.2218,8.2218,8.2218,0
1998-01-22,8.2218,8.2218,8.2218,8.2218,0
1998-01-23,8.2218,8.2218,8.2218,8.2218,0
1998-01-26,8.2218,8.2218,8.2218,8.2218,0
1998-01-27,8.2218,8.2218,8.2218,8.2218,0
1998-01-28,8.2218,8.2218,8.2218,8.2218,0
1998-01-29,7.8695,7.8695,7.8695,7.8695,300
1998-01-30,7.8695,7.8695,7.8695,7.8695,0
1998-02-02,8.2805,8.2805,7.9869,8.2805,600
1998-02-03,8.2805,8.2805,8.2805,8.2805,0
1998-02-04,8.2805,8.2805,8.2805,8.2805,0
1998-02-05,8.2805,8.2805,8.2805,8.2805,0
1998-02-06,8.2805,8.2805,8.2805,8.2805,0
1998-02-09,8.2805,8.2805,8.2805,8.2805,0
1998-02-10,8.2805,8.2805,8.2805,8.2805,0
1998-02-11,8.1044,8.1044,8.1044,8.1044,401
1998-02-12,8.1044,8.4567,8.1044,8.1044,401
1998-02-13,8.3980,8.3980,8.3980,8.3980,600
1998-02-17,8.5155,8.5155,8.5155,8.5155,600
1998-02-18,8.5155,8.5155,8.5155,8.5155,0
1998-02-19,8.1631,8.1631,8.1631,8.1631,101
1998-02-20,8.1631,8.1631,8.1631,8.1631,0
1998-02-23,8.1631,8.1631,8.1631,8.1631,0
1998-02-24,8.1631,8.1631,8.1631,8.1631,0
1998-02-25,8.1631,8.1631,8.1631,8.1631,0
1998-02-26,8.6916,8.6916,8.6916,8.6916,300
1998-02-27,8.6916,8.6916,8.6916,8.6916,0
1998-03-02,8.6916,8.6916,8.6916,8.6916,0
1998-03-03,8.6916,8.6916,8.6916,8.6916,0
1998-03-04,8.2218,8.2218,8.2218,8.2218,300
1998-03-05,8.2218,8.2218,8.2218,8.2218,0
1998-03-06,8.2218,8.2218,8.2218,8.2218,0
1998-03-09,8.2218,8.2218,8.2218,8.2218,0
1998-03-10,8.6916,8.6916,8.2218,8.6916,1001
1998-03-11,8.6916,8.6916,8.2218,8.6916,3401
1998-03-12,8.4567,8.4567,8.4567,8.4567,701
1998-03-13,8.6329,9.0440,8.3980,8.6329,2801
1998-03-16,8.6916,8.6916,8.6916,8.6916,1601
1998-03-17,8.6916,8.6916,8.6916,8.6916,0
1998-03-18,8.6916,8.6916,8.6916,8.6916,101
1998-03-19,8.6916,8.6916,8.6916,8.6916,0
1998-03-20,8.2524,8.2524,8.2218,8.2524,2700
1998-03-23,8.2524,8.2524,8.2524,8.2524,0
1998-03-24,8.2524,8.2524,8.2524,8.2524,0
1998-03-25,8.6916,8.6916,8.6329,8.6916,701
1998-03-26,9.3214,9.3214,8.3775,9.3214,1001
1998-03-27,8.7315,8.7315,8.7315,8.7315,101
1998-03-30,8.7315,8.7315,8.7315,8.7315,0
1998-03-31,8.6135,8.7315,8.4955,8.6135,1601
1998-04-01,8.6135,8.6135,8.6135,8.6135,0
1998-04-02,8.6135,8.6135,8.6135,8.6135,0
1998-04-03,8.5545,8.5545,8.5545,8.5545,600
1998-04-06,8.6135,8.7315,8.6135,8.7315,1601
1998-04-07,8.6135,8.7905,8.6135,8.6135,2100
1998-04-08,8.6135,8.6135,8.6135,8.6135,0
1998-04-09,8.7905,8.7905,8.7905,8.7905,300
1998-04-13,8.6135,8.6135,8.5545,8.6135,1500
1998-04-14,8.6135,8.6135,8.6135,8.6135,0
1998-04-15,8.6135,8.6135,8.6135,8.6135,401
1998-04-16,8.6135,8.6135,8.6135,8.6135,0
1998-04-17,8.6135,8.6135,8.6135,8.6135,0
1998-04-20,8.6135,8.6135,8.6135,8.6135,0
1998-04-21,8.6135,8.6135,8.6135,8.6135,0
1998-04-22,8.9085,8.9085,8.9085,8.9085,1301
1998-04-23,8.9085,8.9085,8.9085,8.9085,0
1998-04-24,8.9085,8.9085,8.9085,8.9085,0
1998-04-27,8.9085,8.9085,8.9085,8.9085,0
1998-04-28,8.9085,8.9085,8.9085,8.9085,0
1998-04-29,8.9085,8.9085,8.9085,8.9085,0
1998-04-30,8.6725,8.6725,8.6725,8.6725,1500
1998-05-01,9.0854,9.3214,9.0854,9.3214,1601
1998-05-04,9.3214,9.3214,9.3214,9.3214,0
1998-05-05,9.3214,9.3214,9.3214,9.3214,0
1998-05-06,8.6135,8.6135,8.6135,8.6135,900
1998-05-07,8.6135,8.6135,8.6135,8.6135,0
1998-05-08,8.6135,8.6135,8.6135,8.6135,0
1998-05-11,8.6135,8.6135,8.6135,8.6135,0
1998-05-12,8.6135,8.6135,8.6135,8.6135,0
1998-05-13,8.6135,8.6135,8.6135,8.6135,0
1998-05-14,8.6135,8.6135,8.6135,8.6135,0
1998-05-15,8.6135,8.6135,8.6135,8.6135,0
1998-05-18,8.6135,8.6135,8.6135,8.6135,0
1998-05-19,8.6135,8.6135,8.6135,8.6135,101
1998-05-20,8.6135,8.6135,8.6135,8.6135,0
1998-05-21,8.6135,8.7315,8.6135,8.7315,900
1998-05-22,8.8495,8.8495,8.8495,8.8495,401
1998-05-26,8.6135,8.8495,8.6135,8.8495,1200
1998-05-27,8.7315,8.7315,8.7315,8.7315,701
1998-05-28,8.8495,9.0264,8.8495,9.0264,1500
1998-05-29,9.0264,9.0264,9.0264,9.0264,0
1998-06-01,9.0264,9.0264,9.0264,9.0264,0
1998-06-02,9.0264,9.0264,9.0264,9.0264,0
1998-06-03,9.0264,9.0264,9.0264,9.0264,0
1998-06-04,9.0264,9.0264,9.0264,9.0264,0
1998-06-05,8.6135,8.6725,8.6135,8.6725,3101
1998-06-08,8.6725,8.6725,8.6725,8.6725,0
1998-06-09,8.8495,8.8495,8.8495,8.8495,300
1998-06-10,8.8495,8.8495,8.8495,8.8495,0
1998-06-11,8.7152,8.7152,8.7152,8.7152,101
1998-06-12,8.7152,8.7152,8.7152,8.7152,0
1998-06-15,8.7152,8.7152,8.7152,8.7152,0
1998-06-16,8.7152,8.7152,8.7152,8.7152,0
1998-06-17,8.8338,8.8338,8.8338,8.8338,300
1998-06-18,8.7745,9.0709,8.7152,8.7152,4200
1998-06-19,8.7152,8.7152,8.7152,8.7152,0
1998-06-22,8.7152,8.7152,8.7152,8.7152,600
1998-06-23,8.7152,9.1895,8.7152,8.9523,600
1998-06-24,8.9523,8.9523,8.9523,8.9523,0
1998-06-25,8.7745,8.9523,8.7745,8.9523,1200
1998-06-26,8.8338,8.8338,8.8338,8.8338,600
1998-06-29,8.7745,9.0116,8.7745,9.0116,25400
1998-06-30,9.0116,9.0116,9.0116,9.0116,600
1998-07-01,8.7745,9.0116,8.7745,9.0116,2801
1998-07-02,9.0116,9.0116,9.0116,9.0116,0
1998-07-06,9.0709,9.0709,9.0709,9.0709,1800
1998-07-07,9.2488,9.2488,9.0709,9.0709,1901
1998-07-08,9.0709,9.0709,9.0709,9.0709,0
1998-07-09,9.0709,9.0709,9.0709,9.0709,0
1998-07-10,9.0709,9.0709,9.0709,9.0709,0
1998-07-13,9.0709,9.0709,9.0709,9.0709,0
1998-07-14,9.0709,9.0709,9.0709,9.0709,0
1998-07-15,8.7745,8.7745,8.7745,8.7745,300
1998-07-16,8.7745,8.7745,8.7745,8.7745,0
1998-07-17,8.7745,8.7745,8.7745,8.7745,0
1998-07-20,8.7745,8.7745,8.7745,8.7745,701
1998-07-21,9.0116,9.0116,9.0116,9.0116,900
1998-07-22,8.8053,9.1302,8.8053,9.1302,4800
1998-07-23,9.2488,9.2488,9.2488,9.2488,2801
1998-07-24,8.8053,8.8053,8.8053,8.8053,300
1998-07-27,8.8053,8.8053,8.8053,8.8053,0
1998-07-28,9.1017,9.1302,9.0116,9.1302,3900
1998-07-29,9.1302,9.1302,9.1302,9.1302,0
1998-07-30,9.1302,9.1302,9.1302,9.1302,0
1998-07-31,9.1302,9.1302,9.1302,9.1302,0
1998-08-03,9.1302,9.1302,9.1302,9.1302,0
1998-08-04,9.1302,9.1302,9.1302,9.1302,0
1998-08-05,9.1302,9.1302,9.1302,9.1302,0
1998-08-06,9.1302,9.1302,9.1302,9.1302,0
1998-08-07,9.1302,9.1302,9.1302,9.1302,0
1998-08-10,9.1302,9.1302,9.1302,9.1302,0
1998-08-11,9.1302,9.1302,9.1302,9.1302,0
1998-08-12,9.1302,9.1302,9.1302,9.1302,0
1998-08-13,9.1302,9.1302,9.1302,9.1302,0
1998-08-14,9.1302,9.1302,9.1302,9.1302,0
1998-08-17,9.1302,9.1302,9.1302,9.1302,0
1998-08-18,9.1302,9.1302,9.1302,9.1302,0
1998-08-19,9.1302,9.1302,9.1302,9.1302,0
1998-08-20,9.1302,9.1302,9.1302,9.1302,0
1998-08-21,9.1302,9.1302,9.1302,9.1302,0
1998-08-24,9.1302,9.1302,9.1302,9.1302,0
1998-08-25,9.0116,9.0116,9.0116,9.0116,600
1998-08-26,8.8053,8.8053,8.8053,8.8053,300
1998-08-27,8.7745,9.0116,8.7745,9.0116,20600
1998-08-28,9.0116,9.0116,8.7745,9.0116,2501
1998-08-31,8.7745,8.7745,8.7745,8.7745,12401
1998-09-01,8.7887,8.9523,8.7745,8.7745,17000
1998-09-02,8.7745,8.7745,8.7745,8.7745,0
1998-09-03,9.0116,9.0116,8.8338,9.0116,3101
1998-09-04,8.7745,8.7745,8.7745,8.7745,300
1998-09-08,9.0116,9.0116,9.0116,9.0116,1301
1998-09-09,8.8930,8.8930,8.7745,8.8930,7001
1998-09-10,8.8172,8.8172,8.7745,8.7745,4301
1998-09-11,9.0116,9.0116,8.8338,8.8930,4901
1998-09-14,9.0116,9.0116,8.6559,8.7745,5700
1998-09-15,8.9523,8.9523,8.7152,8.9523,3000
1998-09-16,8.9523,8.9523,8.9523,8.9523,0
1998-09-17,8.7745,8.7745,8.7745,8.7745,101
1998-09-18,8.9523,8.9523,8.9523,8.9523,300
1998-09-21,8.9523,8.9523,8.9523,8.9523,101
1998-09-22,8.9523,8.9523,8.9523,8.9523,0
1998-09-23,8.9523,8.9523,8.9523,8.9523,0
1998-09-24,8.9953,8.9953,8.9953,8.9953,0
1998-09-25,8.9953,8.9953,8.9953,8.9953,0
1998-09-28,8.9357,8.9357,8.9357,8.9357,101
1998-09-29,8.9357,8.9357,8.9357,8.9357,0
1998-09-30,8.7570,8.8761,8.6974,8.6974,7301
1998-10-01,8.6974,8.6974,8.6974,8.6974,0
1998-10-02,8.6974,8.8761,8.6974,8.8761,14801
1998-10-05,8.8761,8.8761,8.8761,8.8761,1200
1998-10-06,8.6378,8.8761,8.6092,8.6092,3600
1998-10-07,8.8761,8.8761,8.8761,8.8761,300
1998-10-08,8.5783,8.7284,8.5187,8.5187,3600
1998-10-09,8.7570,8.7570,8.3400,8.3400,600
1998-10-12,8.3400,8.3400,8.3400,8.3400,0
1998-10-13,8.3995,8.5187,8.3995,8.5187,1301
1998-10-14,8.6974,8.6974,8.3400,8.4901,4500
1998-10-15,8.6974,8.6974,8.6974,8.6974,1601
1998-10-16,8.6974,8.6974,8.6974,8.6974,0
1998-10-19,8.3400,8.4591,8.3400,8.4591,1800
1998-10-20,8.4901,8.5187,8.3400,8.5187,4200
1998-10-21,8.5187,8.5187,8.5187,8.5187,0
1998-10-22,8.3709,8.6092,8.3709,8.6092,4500
1998-10-23,8.6092,8.6092,8.6092,8.6092,0
1998-10-26,8.6092,8.6092,8.6092,8.6092,0
1998-10-27,8.6092,8.6092,8.6092,8.6092,0
1998-10-28,8.6092,8.6092,8.6092,8.6092,0
1998-10-29,8.6092,8.6092,8.6092,8.6092,0
1998-10-30,8.6092,8.6092,8.6092,8.6092,0
1998-11-02,8.6092,8.6092,8.6092,8.6092,0
1998-11-03,8.6092,8.6092,8.6092,8.6092,0
1998-11-04,8.6092,8.6092,8.6092,8.6092,0
1998-11-05,8.1613,8.1613,8.1613,8.1613,101
1998-11-06,8.6378,8.6378,8.6378,8.6378,401
1998-11-09,8.6378,8.6378,8.6378,8.6378,0
1998-11-10,8.6378,8.6378,8.6378,8.6378,0
1998-11-11,8.1613,8.1613,8.1613,8.1613,2801
1998-11-12,8.4305,8.4591,8.3709,8.4591,9401
1998-11-13,8.6378,8.6378,8.6378,8.6378,1601
1998-11-16,8.6378,8.6974,8.6378,8.6974,2100
1998-11-17,8.6974,8.6974,8.6974,8.6974,0
1998-11-18,8.6974,8.6974,8.6974,8.6974,0
1998-11-19,8.6974,8.6974,8.6974,8.6974,0
1998-11-20,8.6974,8.6974,8.6974,8.6974,0
1998-11-23,8.6974,8.6974,8.6974,8.6974,0
1998-11-24,8.8761,8.8761,8.8761,8.8761,900
1998-11-25,8.8644,8.8644,8.8644,8.8644,300
1998-11-27,8.8644,8.8644,8.8644,8.8644,0
1998-11-30,8.8644,8.8644,8.8644,8.8644,0
1998-12-01,8.8644,8.8644,8.8644,8.8644,0
1998-12-02,8.8644,8.8644,8.8644,8.8644,0
1998-12-03,8.8644,8.8644,8.8644,8.8644,0
1998-12-04,8.8644,8.8644,8.8644,8.8644,0
1998-12-07,8.8644,8.8644,8.8644,8.8644,0
1998-12-08,8.8644,8.8644,8.8644,8.8644,0
1998-12-09,8.8644,8.8644,8.8644,8.8644,0
1998-12-10,8.5051,8.5051,8.5051,8.5051,1500
1998-12-11,8.5051,8.5051,8.5051,8.5051,0
1998-12-14,8.5051,8.5051,8.5051,8.5051,0
1998-12-15,8.5051,8.5051,8.5051,8.5051,0
1998-12-16,8.5051,8.5051,8.5051,8.5051,0
1998-12-17,8.5051,8.5051,8.5051,8.5051,0
1998-12-18,8.5650,8.5650,8.5650,8.5650,3101
1998-12-21,8.5051,8.5051,8.5051,8.5051,900
1998-12-22,8.8644,8.8644,8.8045,8.8045,900
1998-12-23,8.5051,8.5051,8.4452,8.4452,7901
1998-12-24,8.4452,8.4452,8.4452,8.4452,0
1998-12-28,8.6249,8.6249,8.5051,8.5051,2201
1998-12-29,8.5051,8.5051,8.5051,8.5051,0
1998-12-30,8.5051,8.5051,8.5051,8.5051,0
1998-12-31,8.5051,8.5051,8.5051,8.5051,0
1999-01-04,8.3853,8.3853,8.3254,8.3254,701
1999-01-05,8.3254,8.3254,8.3254,8.3254,300
1999-01-06,8.3254,8.3254,8.3254,8.3254,0
1999-01-07,8.3254,8.3254,8.3254,8.3254,701
1999-01-08,8.3254,8.3254,8.3254,8.3254,0
1999-01-11,8.3254,8.3254,8.3254,8.3254,401
1999-01-12,8.3853,8.4452,8.3853,8.4452,1500
1999-01-13,8.4452,8.4452,8.4452,8.4452,0
1999-01-14,8.3254,8.3254,8.2056,8.2056,1500
1999-01-15,8.2056,8.2056,8.2056,8.2056,0
1999-01-19,8.2056,8.2056,8.2056,8.2056,0
1999-01-20,8.2056,8.2056,8.2056,8.2056,0
1999-01-21,8.1457,8.1457,8.1457,8.1457,300
1999-01-22,8.2655,8.2655,7.9061,7.9061,401
1999-01-25,7.9061,7.9061,7.9061,7.9061,0
1999-01-26,7.9061,7.9061,7.9061,7.9061,0
1999-01-27,7.9061,7.9061,7.9061,7.9061,0
1999-01-28,7.9061,7.9061,7.9061,7.9061,0
1999-01-29,8.3254,8.3254,7.9061,8.3254,3900
1999-02-01,8.3254,8.3254,7.9061,8.1457,3300
1999-02-02,8.2367,8.2367,8.0858,8.0858,1800
1999-02-03,8.2966,8.3853,8.2966,8.3853,1601
1999-02-04,8.3853,8.3853,8.3853,8.3853,0
1999-02-05,8.3853,8.3853,8.3853,8.3853,0
1999-02-08,8.3853,8.3853,8.3853,8.3853,0
1999-02-09,8.3853,8.3853,8.3853,8.3853,0
1999-02-10,8.3853,8.3853,8.3853,8.3853,0
1999-02-11,8.3853,8.3853,8.3853,8.3853,0
1999-02-12,8.3853,8.3853,8.3853,8.3853,0
1999-02-16,7.9061,7.9061,7.9061,7.9061,1800
1999-02-17,7.9660,7.9660,7.9660,7.9660,1800
1999-02-18,8.1457,8.2655,8.1457,8.2655,6900
1999-02-19,8.1457,8.1457,8.1457,8.1457,1301
1999-02-22,8.1457,8.1457,8.1457,8.1457,0
1999-02-23,8.1457,8.1457,8.1457,8.1457,0
1999-02-24,7.9061,7.9660,7.9061,7.9061,2100
1999-02-25,7.9061,7.9061,7.9061,7.9061,0
1999-02-26,8.1457,8.1457,8.1457,8.1457,101
1999-03-01,8.1457,8.1457,8.1457,8.1457,0
1999-03-02,7.9061,7.9061,7.9061,7.9061,101
1999-03-03,7.9061,7.9061,7.9061,7.9061,0
1999-03-04,7.9061,8.1457,7.9061,8.1457,6101
1999-03-05,8.1457,8.1457,8.1457,8.1457,1301
1999-03-08,8.1457,8.1457,8.1457,8.1457,0
1999-03-09,8.1457,8.1457,8.1457,8.1457,0
1999-03-10,8.1457,8.1457,8.1457,8.1457,0
1999-03-11,8.0259,8.0259,8.0259,8.0259,300
1999-03-12,8.0259,8.0259,8.0259,8.0259,0
1999-03-15,7.9061,8.0259,7.9061,8.0259,10601
1999-03-16,8.1457,8.1457,8.1457,8.1457,900
1999-03-17,7.9061,8.0858,7.9061,8.0858,2400
1999-03-18,8.0259,8.0858,8.0259,8.0858,10901
1999-03-19,7.9061,7.9061,7.9061,7.9061,300
1999-03-22,7.9972,7.9972,7.9972,7.9972,1500
1999-03-23,7.9948,7.9948,7.9948,7.9948,0
1999-03-24,7.9061,7.9373,7.9061,7.9373,1800
1999-03-25,8.0786,8.0786,8.0786,8.0786,900
1999-03-26,8.0786,8.0786,8.0786,8.0786,0
1999-03-29,8.1100,8.1389,8.1100,8.1389,1500
1999-03-30,8.1992,8.1992,7.9580,7.9580,1001
1999-03-31,8.0183,8.0183,8.0183,8.0183,300
1999-04-01,8.0183,8.0183,8.0183,8.0183,0
1999-04-05,8.0786,8.0786,8.0786,8.0786,300
1999-04-06,8.1992,8.1992,7.9580,8.0183,3101
1999-04-07,8.1992,8.1992,7.9580,8.1992,1901
1999-04-08,7.9580,7.9580,7.9580,7.9580,1601
1999-04-09,7.9580,7.9580,7.9580,7.9580,0
1999-04-12,7.9580,7.9580,7.9580,7.9580,0
1999-04-13,8.0786,8.0786,8.0786,8.0786,701
1999-04-14,8.1992,8.1992,7.9580,8.0183,6600
1999-04-15,8.0183,8.0183,8.0183,8.0183,0
1999-04-16,7.9580,7.9580,7.9580,7.9580,401
1999-04-19,7.9580,7.9580,7.9580,7.9580,300
1999-04-20,7.9580,7.9580,7.9580,7.9580,101
1999-04-21,8.1992,8.1992,8.1992,8.1992,300
1999-04-22,8.0786,8.0786,8.0786,8.0786,600
1999-04-23,8.0786,8.0786,8.0786,8.0786,0
1999-04-26,8.0786,8.0786,8.0786,8.0786,0
1999-04-27,7.9580,8.0183,7.9580,8.0183,701
1999-04-28,7.9580,7.9580,7.9580,7.9580,101
1999-04-29,7.9580,7.9580,7.9580,7.9580,0
1999-04-30,8.0183,8.0183,7.7169,7.7169,6701
1999-05-03,7.7169,7.7169,7.7169,7.7169,0
1999-05-04,7.7482,7.8375,7.7169,7.7169,14300
1999-05-05,7.7169,7.7169,7.7169,7.7169,600
1999-05-06,7.7169,7.7169,7.7169,7.7169,0
1999-05-07,7.7772,7.7772,7.7772,7.7772,1200
1999-05-10,7.7772,7.7772,7.7772,7.7772,0
1999-05-11,7.7169,7.8375,7.7169,7.8375,2100
1999-05-12,7.8375,7.8375,7.8375,7.8375,0
1999-05-13,7.7314,7.7772,7.7169,7.7772,6101
1999-05-14,7.7169,7.8977,7.4757,7.4757,17000
1999-05-17,7.7772,7.7772,7.4757,7.4757,900
1999-05-18,7.6566,7.7772,7.4757,7.7772,8100
1999-05-19,7.7772,7.7772,7.7772,7.7772,300
1999-05-20,7.4757,7.7169,7.4757,7.7169,6000
1999-05-21,7.7169,7.7169,7.7169,7.7169,0
1999-05-24,7.7169,7.7169,7.7169,7.7169,300
1999-05-25,7.4757,7.4757,7.4757,7.4757,101
1999-05-26,7.4757,7.4757,7.4757,7.4757,0
1999-05-27,7.4757,7.4757,7.4757,7.4757,0
1999-05-28,7.4757,7.5963,7.4757,7.5963,1901
1999-06-01,7.7169,7.7169,7.7169,7.7169,701
1999-06-02,7.6277,7.6277,7.4757,7.4757,900
1999-06-03,7.4757,7.4757,7.4757,7.4757,0
1999-06-04,7.4757,7.4757,7.4757,7.4757,0
1999-06-07,7.4757,7.4757,7.4757,7.4757,0
1999-06-08,7.5360,7.5360,7.5360,7.5360,1500
1999-06-09,7.5360,7.5360,7.5360,7.5360,0
1999-06-10,7.5360,7.5360,7.5360,7.5360,0
1999-06-11,7.5360,7.5360,7.5360,7.5360,0
1999-06-14,7.5360,7.5360,7.5360,7.5360,0
1999-06-15,7.5360,7.5360,7.5360,7.5360,0
1999-06-16,7.4757,7.5360,7.4757,7.5360,7500
1999-06-17,7.6566,7.6566,7.5360,7.6566,6101
1999-06-18,7.6566,7.6566,7.6566,7.6566,300
1999-06-21,7.6566,7.6566,7.5963,7.6566,1601
1999-06-22,7.5963,7.5963,7.5963,7.5963,1200
1999-06-23,7.4757,7.4757,7.4154,7.4757,1500
1999-06-24,7.5674,7.5674,7.5674,7.5674,701
1999-06-25,7.5650,7.5650,7.5650,7.5650,0
1999-06-28,7.5650,7.5650,7.5650,7.5650,0
1999-06-29,7.5650,7.5650,7.5650,7.5650,0
1999-06-30,7.5650,7.5650,7.5650,7.5650,0
1999-07-01,7.4082,7.4082,7.4082,7.4082,900
1999-07-02,7.4082,7.4082,7.4082,7.4082,0
1999-07-06,7.4689,7.4689,7.4689,7.4689,600
1999-07-07,7.5612,7.7118,7.5612,7.7118,7301
1999-07-08,7.8333,7.8333,7.8333,7.8333,401
1999-07-09,7.7725,7.7725,7.7725,7.7725,4601
1999-07-12,7.4689,7.7725,7.4689,7.7725,7500
1999-07-13,7.7725,7.7725,7.7725,7.7725,101
1999-07-14,7.7725,7.7725,7.7725,7.7725,0
1999-07-15,7.7725,7.7725,7.7725,7.7725,0
1999-07-16,7.7725,7.7725,7.7725,7.7725,0
1999-07-19,7.7725,7.7725,7.7725,7.7725,0
1999-07-20,7.5005,7.5005,7.5005,7.5005,701
1999-07-21,7.4981,7.4981,7.4981,7.4981,0
1999-07-22,7.4981,7.4981,7.4981,7.4981,0
1999-07-23,7.4981,7.4981,7.4981,7.4981,0
1999-07-26,7.4981,7.4981,7.4981,7.4981,0
1999-07-27,7.4981,7.4981,7.4981,7.4981,0
1999-07-28,7.4981,7.4981,7.4981,7.4981,0
1999-07-29,7.4981,7.4981,7.4981,7.4981,0
1999-07-30,7.4981,7.4981,7.4981,7.4981,0
1999-08-02,7.4981,7.4981,7.4981,7.4981,0
1999-08-03,7.4689,7.7725,7.4689,7.7725,701
1999-08-04,7.8940,7.8940,7.8940,7.8940,300
1999-08-05,7.8940,7.8940,7.8940,7.8940,0
1999-08-06,7.8940,7.8940,7.8940,7.8940,0
1999-08-09,7.8940,7.8940,7.8940,7.8940,0
1999-08-10,7.8940,7.8940,7.8940,7.8940,0
1999-08-11,7.8940,7.8940,7.8940,7.8940,0
1999-08-12,7.4689,7.4689,7.4689,7.4689,401
1999-08-13,7.4689,7.4689,7.4689,7.4689,101
1999-08-16,7.4689,7.4689,7.4689,7.4689,600
1999-08-17,7.4689,7.4689,7.4689,7.4689,600
1999-08-18,7.4689,7.4689,7.4689,7.4689,101
1999-08-19,7.5297,7.5297,7.5297,7.5297,600
1999-08-20,7.8940,7.9547,7.8940,7.9547,300
1999-08-23,7.8940,7.8940,7.8940,7.8940,300
1999-08-24,7.8940,7.8940,7.8940,7.8940,0
1999-08-25,7.8940,7.8940,7.8940,7.8940,0
1999-08-26,7.8940,7.8940,7.8940,7.8940,0
1999-08-27,7.4689,7.7725,7.4689,7.7725,701
1999-08-30,7.7725,7.7725,7.7725,7.7725,0
1999-08-31,7.7725,7.7725,7.7725,7.7725,0
1999-09-01,7.7725,7.7725,7.7725,7.7725,0
1999-09-02,7.7725,7.7725,7.7725,7.7725,0
1999-09-03,7.7725,7.7725,7.7725,7.7725,0
1999-09-07,7.5005,7.5005,7.5005,7.5005,2400
1999-09-08,7.6511,7.6511,7.6511,7.6511,701
1999-09-09,7.4689,7.4689,7.4689,7.4689,300
1999-09-10,7.4689,7.4689,7.4689,7.4689,0
1999-09-13,7.4689,7.4689,7.4689,7.4689,101
1999-09-14,7.4689,7.4689,7.4689,7.4689,701
1999-09-15,7.4689,7.4689,7.4689,7.4689,0
1999-09-16,7.4689,7.4689,7.4689,7.4689,0
1999-09-17,7.4398,7.5297,7.3791,7.3791,2501
1999-09-20,7.3766,7.3766,7.3766,7.3766,0
1999-09-21,7.3766,7.3766,7.3766,7.3766,0
1999-09-22,7.3475,7.3475,7.3475,7.3475,1500
1999-09-23,7.4082,7.5297,7.4082,7.5297,9000
1999-09-24,7.5297,7.5297,7.5297,7.5297,0
1999-09-27,7.3475,7.3475,7.3475,7.3475,600
1999-09-28,7.3475,7.3475,7.3475,7.3475,1500
1999-09-29,7.3475,7.3475,7.3475,7.3475,0
1999-09-30,7.4009,7.4009,7.4009,7.4009,0
1999-10-01,7.4009,7.4009,7.4009,7.4009,0
1999-10-04,7.4009,7.4009,7.4009,7.4009,0
1999-10-05,7.4009,7.4009,7.4009,7.4009,0
1999-10-06,7.3398,7.3398,7.3398,7.3398,900
1999-10-07,7.3398,7.3398,7.3398,7.3398,0
1999-10-08,7.3398,7.3398,7.3398,7.3398,0
1999-10-11,7.3398,7.5233,7.3398,7.5233,300
1999-10-12,7.4009,7.4009,7.1563,7.1563,1301
1999-10-13,7.0951,7.0951,6.9116,6.9116,1901
1999-10-14,6.8504,6.8504,6.8504,6.8504,101
1999-10-15,6.6669,6.6669,6.6669,6.6669,600
1999-10-18,6.6669,6.6669,6.6669,6.6669,0
1999-10-19,6.6669,6.6669,6.6669,6.6669,0
1999-10-20,6.6669,6.6669,6.6669,6.6669,0
1999-10-21,6.6669,6.6669,6.6669,6.6669,0
1999-10-22,6.6669,6.6669,6.6669,6.6669,0
1999-10-25,6.6669,6.6669,6.6669,6.6669,0
1999-10-26,6.6669,6.6669,6.6669,6.6669,0
1999-10-27,6.6669,6.6669,6.6669,6.6669,0
1999-10-28,6.6669,6.6669,6.6669,6.6669,0
1999-10-29,6.9728,7.0951,6.8504,7.0951,6401
1999-11-01,7.0951,7.0951,7.0951,7.0951,0
1999-11-02,7.0951,7.0951,7.0951,7.0951,0
1999-11-03,7.0951,7.0951,7.0951,7.0951,0
1999-11-04,7.0951,7.0951,7.0951,7.0951,0
1999-11-05,7.0951,7.0951,7.0951,7.0951,0
1999-11-08,7.0951,7.0951,7.0951,7.0951,0
1999-11-09,7.0951,7.0951,7.0951,7.0951,0
1999-11-10,7.0951,7.0951,7.0951,7.0951,0
1999-11-11,6.7281,6.7281,6.5446,6.6669,43901
1999-11-12,6.5764,6.5764,6.5764,6.5764,101
1999-11-15,6.6988,6.7893,6.6988,6.7893,3900
1999-11-16,6.7893,6.7893,6.7281,6.7893,2801
1999-11-17,6.7893,6.7893,6.7893,6.7893,0
1999-11-18,6.7893,6.7893,6.7893,6.7893,0
1999-11-19,6.8211,6.8211,6.8211,6.8211,1200
1999-11-22,6.8504,6.9116,6.8211,6.9116,3900
1999-11-23,7.0951,7.0951,6.7281,6.7281,8100
1999-11-24,6.6601,6.6601,6.6601,6.6601,1500
1999-11-26,6.6601,6.6601,6.6601,6.6601,0
1999-11-29,6.6601,6.6601,6.6601,6.6601,0
1999-11-30,6.6601,6.6601,6.6601,6.6601,0
1999-12-01,6.8155,6.9068,6.8155,6.9068,1001
1999-12-02,7.0301,7.3384,7.0301,7.3384,6000
1999-12-03,7.4001,7.4001,7.4001,7.4001,5400
1999-12-06,7.8934,7.8934,7.8934,7.8934,1601
1999-12-07,7.5234,7.7701,7.5234,7.7701,2501
1999-12-08,7.7701,7.7701,7.7701,7.7701,0
1999-12-09,7.7701,7.7701,7.0005,7.6172,1001
1999-12-10,7.6147,7.6147,7.6147,7.6147,0
1999-12-13,7.6147,7.6147,7.6147,7.6147,0
1999-12-14,7.6147,7.6147,7.6147,7.6147,0
1999-12-15,7.6147,7.6147,7.6147,7.6147,0
1999-12-16,7.2472,7.2472,7.0005,7.0005,2100
1999-12-17,7.0005,7.0005,7.0005,7.0005,101
1999-12-20,7.0005,7.0005,7.0005,7.0005,300
1999-12-21,7.6468,7.6468,6.9684,6.9684,701
1999-12-22,6.9684,7.0301,6.9068,6.9068,2700
1999-12-23,6.6601,6.6601,6.6601,6.6601,6300
1999-12-27,6.7834,6.7834,6.7834,6.7834,7800
1999-12-28,6.7834,6.7834,6.7834,6.7834,0
1999-12-29,6.6601,6.6601,6.6601,6.6601,300
1999-12-30,6.6601,6.6601,6.6601,6.6601,0
1999-12-31,6.6601,6.6601,6.6601,6.6601,300
2000-01-03,6.6601,6.6601,6.6601,6.6601,0
2000-01-04,6.6601,6.7218,6.6601,6.7218,900
2000-01-05,6.7218,6.7218,6.7218,6.7218,0
2000-01-06,6.4134,6.4134,6.4134,6.4134,300
2000-01-07,6.4134,6.4134,6.4134,6.4134,1001
2000-01-10,6.4134,6.4134,6.4134,6.4134,0
2000-01-11,6.4134,6.4134,6.4134,6.4134,1901
2000-01-12,6.6601,6.6601,6.4134,6.4134,1500
2000-01-13,6.7834,6.7834,6.4134,6.4134,9900
2000-01-14,6.8451,7.2768,6.8451,7.2768,401
2000-01-18,7.2768,7.2768,7.2768,7.2768,101
2000-01-19,6.9068,6.9068,6.4134,6.4134,1301
2000-01-20,6.4455,6.4455,6.4134,6.4134,300
2000-01-21,6.9068,6.9068,6.4134,6.4134,3701
2000-01-24,6.4134,6.4134,6.4134,6.4134,0
2000-01-25,6.3518,6.4751,6.3518,6.4751,1301
2000-01-26,6.5368,6.5368,6.5368,6.5368,101
2000-01-27,6.5368,6.5368,6.5368,6.5368,0
2000-01-28,6.3518,6.3518,6.3518,6.3518,401
2000-01-31,6.3518,6.3518,6.3518,6.3518,600
2000-02-01,6.3518,6.3518,6.3518,6.3518,0
2000-02-02,6.3518,6.3518,6.2580,6.2580,1500
2000-02-03,6.2580,6.2580,6.2580,6.2580,0
2000-02-04,6.2580,6.2580,6.2580,6.2580,0
2000-02-07,6.2580,6.2580,6.2580,6.2580,0
2000-02-08,6.3518,6.3518,6.3518,6.3518,300
2000-02-09,6.3518,6.3518,6.3518,6.3518,0
2000-02-10,6.3518,6.3838,6.3518,6.3838,8201
2000-02-11,6.3518,6.3518,6.3518,6.3518,3000
2000-02-14,6.3518,6.3518,6.3518,6.3518,0
2000-02-15,6.3518,6.3518,6.3518,6.3518,0
2000-02-16,6.3518,6.3518,6.3518,6.3518,0
2000-02-17,6.3518,6.3518,6.3518,6.3518,701
2000-02-18,6.3518,6.3518,6.3518,6.3518,0
2000-02-22,6.3518,6.3518,6.3518,6.3518,4601
2000-02-23,6.3518,6.3518,6.3518,6.3518,0
2000-02-24,6.3518,6.3518,6.3518,6.3518,0
2000-02-25,6.3518,6.3518,6.3518,6.3518,0
2000-02-28,6.3518,6.3518,6.3518,6.3518,0
2000-02-29,6.3518,6.3518,6.1988,6.1988,2501
2000-03-01,6.1964,6.1964,6.1964,6.1964,0
2000-03-02,6.1964,6.1964,6.1964,6.1964,0
2000-03-03,6.1988,6.1988,6.1988,6.1988,101
2000-03-06,6.1964,6.1964,6.1964,6.1964,0
2000-03-07,6.1964,6.1964,6.1964,6.1964,0
2000-03-08,6.1964,6.1964,6.1964,6.1964,0
2000-03-09,6.1964,6.1964,6.1964,6.1964,0
2000-03-10,6.1964,6.1964,6.1964,6.1964,0
2000-03-13,6.1964,6.1964,6.1964,6.1964,0
2000-03-14,6.1964,6.1964,6.1964,6.1964,0
2000-03-15,6.3518,6.3518,6.3518,6.3518,401
2000-03-16,6.3518,6.3518,6.3518,6.3518,0
2000-03-17,6.2901,6.2901,6.2284,6.2284,701
2000-03-20,6.1668,6.2284,6.1668,6.2284,9900
2000-03-21,6.2284,6.2284,6.2284,6.2284,401
2000-03-22,6.1051,6.2284,6.1051,6.2284,4200
2000-03-23,6.2284,6.2284,6.2284,6.2284,0
2000-03-24,6.1051,6.1051,6.1051,6.1051,300
2000-03-27,6.1051,6.1051,6.1051,6.1051,101
2000-03-28,6.1051,6.1051,6.1051,6.1051,0
2000-03-29,6.1051,6.1051,6.1051,6.1051,0
2000-03-30,6.1051,6.1051,6.1051,6.1051,0
2000-03-31,6.1051,6.1051,6.1051,6.1051,0
2000-04-03,6.1051,6.1668,6.0755,6.1668,1301
2000-04-04,6.1668,6.1668,6.1668,6.1668,101
2000-04-05,6.0755,6.0755,6.0755,6.0755,401
2000-04-06,6.1322,6.1322,6.1322,6.1322,0
2000-04-07,6.2269,6.2269,6.1970,6.1970,1901
2000-04-10,6.1970,6.2269,6.1970,6.2269,3000
2000-04-11,6.2269,6.2269,6.2269,6.2269,0
2000-04-12,6.2269,6.2269,6.2269,6.2269,2100
2000-04-13,6.2269,6.2269,6.2269,6.2269,0
2000-04-14,6.2269,6.2269,6.2269,6.2269,0
2000-04-17,6.2269,6.2269,6.2269,6.2269,1800
2000-04-18,6.2269,6.2269,6.2269,6.2269,0
2000-04-19,6.3215,6.5382,6.2891,6.3215,27300
2000-04-20,6.3190,6.3190,6.3190,6.3190,0
2000-04-24,6.4137,6.4137,6.1023,6.1023,2100
2000-04-25,6.1023,6.1023,6.1023,6.1023,0
2000-04-26,6.1023,6.1023,5.7287,5.7287,2700
2000-04-27,5.7287,5.7287,5.7287,5.7287,0
2000-04-28,5.7287,5.7287,5.7287,5.7287,300
2000-05-01,5.7287,5.7287,5.7287,5.7287,0
2000-05-02,5.7287,5.7287,5.7287,5.7287,0
2000-05-03,5.7287,5.7287,5.7287,5.7287,0
2000-05-04,5.7287,5.7287,5.7287,5.7287,0
2000-05-05,5.7287,5.7910,5.7287,5.7910,600
2000-05-08,5.7287,5.9155,5.3551,5.9155,2400
2000-05-09,5.9155,5.9155,5.9155,5.9155,0
2000-05-10,5.4174,5.4174,5.4174,5.4174,900
2000-05-11,5.4174,5.4174,5.4174,5.4174,0
2000-05-12,5.4796,5.4796,5.4796,5.4796,300
2000-05-15,5.4174,5.4174,5.4174,5.4174,600
2000-05-16,5.4796,5.4796,5.4174,5.4796,1001
2000-05-17,5.4796,5.4796,5.4796,5.4796,0
2000-05-18,5.6665,5.6665,5.6665,5.6665,900
2000-05-19,5.6665,5.6665,5.6665,5.6665,0
2000-05-22,5.6665,5.6665,5.6665,5.6665,0
2000-05-23,5.6665,5.6665,5.6665,5.6665,0
2000-05-24,5.6665,5.6665,5.6665,5.6665,0
2000-05-25,5.5419,5.7910,5.5419,5.7910,701
2000-05-26,5.7910,5.7910,5.7910,5.7910,0
2000-05-30,5.7910,5.7910,5.7910,5.7910,0
2000-05-31,5.7910,5.7910,5.7910,5.7910,0
2000-06-01,5.7910,5.7910,5.7910,5.7910,0
2000-06-02,5.7910,5.7910,5.7910,5.7910,0
2000-06-05,5.7910,5.7910,5.7910,5.7910,0
2000-06-06,5.5419,5.5419,5.5419,5.5419,101
2000-06-07,5.5419,5.5419,5.5419,5.5419,0
2000-06-08,5.7287,5.7287,5.7287,5.7287,600
2000-06-09,5.7287,5.7287,5.7287,5.7287,0
2000-06-12,5.7287,5.7287,5.7287,5.7287,3000
2000-06-13,5.7287,5.7287,5.7287,5.7287,0
2000-06-14,5.7287,5.7287,5.7287,5.7287,0
2000-06-15,5.7287,5.7611,5.7287,5.7611,6300
2000-06-16,5.7287,5.7287,5.7287,5.7287,401
2000-06-19,5.7287,5.7287,5.7287,5.7287,0
2000-06-20,5.7287,5.7287,5.5419,5.5419,1200
2000-06-21,5.5419,5.5419,5.5419,5.5419,0
2000-06-22,5.5419,5.5419,5.5419,5.5419,0
2000-06-23,5.5419,5.5419,5.5419,5.5419,0
2000-06-26,5.5419,5.5419,5.5419,5.5419,0
2000-06-27,5.5419,5.5419,5.5419,5.5419,401
2000-06-28,5.5419,5.5419,5.5419,5.5419,0
2000-06-29,5.6017,5.6017,5.6017,5.6017,0
2000-06-30,5.6017,5.6017,5.6017,5.6017,0
2000-07-03,5.6017,5.6017,5.5388,5.6017,3401
2000-07-05,5.6017,5.6017,5.6017,5.6017,0
2000-07-06,5.6646,5.7603,5.5388,5.6974,7200
2000-07-07,5.6948,5.6948,5.6948,5.6948,0
2000-07-10,5.6948,5.6948,5.6948,5.6948,0
2000-07-11,5.6948,5.6948,5.6948,5.6948,0
2000-07-12,5.7276,5.7276,5.6646,5.6646,1500
2000-07-13,5.6646,5.6646,5.6646,5.6646,0
2000-07-14,5.6974,5.6974,5.6974,5.6974,3000
2000-07-17,5.6948,5.6948,5.6948,5.6948,0
2000-07-18,5.6948,5.6948,5.6948,5.6948,0
2000-07-19,5.6948,5.6948,5.6948,5.6948,0
2000-07-20,5.7905,5.7905,5.7905,5.7905,900
2000-07-21,5.7905,5.7905,5.7905,5.7905,0
2000-07-24,5.8535,5.8535,5.8535,5.8535,300
2000-07-25,5.8535,5.8535,5.8535,5.8535,0
2000-07-26,5.8535,5.8535,5.8535,5.8535,0
2000-07-27,5.9793,5.9793,5.9164,5.9793,22400
2000-07-28,5.9164,5.9164,5.9164,5.9164,3000
2000-07-31,5.9164,5.9164,5.9164,5.9164,0
2000-08-01,5.9164,5.9164,5.9164,5.9164,0
2000-08-02,5.9642,5.9642,5.9642,5.9642,4200
2000-08-03,5.9164,5.9164,5.9164,5.9164,101
2000-08-04,5.9164,5.9164,5.9164,5.9164,3600
2000-08-07,5.9793,5.9793,5.9793,5.9793,101
2000-08-08,5.9793,5.9793,5.9793,5.9793,0
2000-08-09,5.9793,5.9793,5.9793,5.9793,0
2000-08-10,5.9793,5.9793,5.9793,5.9793,0
2000-08-11,5.9164,5.9164,5.9164,5.9164,900
2000-08-14,5.9164,5.9164,5.9164,5.9164,0
2000-08-15,5.9164,5.9164,5.9164,5.9164,0
2000-08-16,5.9164,5.9164,5.9164,5.9164,0
2000-08-17,5.9164,5.9164,5.9164,5.9164,0
2000-08-18,5.9164,5.9164,5.9164,5.9164,600
2000-08-21,5.9164,5.9491,5.9164,5.9491,6000
2000-08-22,5.9466,5.9466,5.9466,5.9466,0
2000-08-23,5.9466,5.9466,5.9466,5.9466,0
2000-08-24,5.9466,5.9466,5.9466,5.9466,0
2000-08-25,5.9466,5.9466,5.9466,5.9466,0
2000-08-28,5.9164,5.9164,5.9164,5.9164,3000
2000-08-29,5.9164,5.9164,5.9164,5.9164,2700
2000-08-30,5.9164,5.9164,5.8862,5.9164,1200
2000-08-31,5.9164,5.9164,5.9164,5.9164,0
2000-09-01,5.9164,5.9164,5.9164,5.9164,0
2000-09-05,5.9164,5.9164,5.9164,5.9164,0
2000-09-06,5.9164,5.9164,5.9164,5.9164,0
2000-09-07,5.9164,5.9164,5.9164,5.9164,0
2000-09-08,5.8862,5.8862,5.8862,5.8862,3000
2000-09-11,5.8837,5.8837,5.8837,5.8837,0
2000-09-12,5.8837,5.8837,5.8837,5.8837,0
2000-09-13,5.8837,5.8837,5.8837,5.8837,0
2000-09-14,5.8837,5.8837,5.8837,5.8837,0
2000-09-15,5.8837,5.8837,5.8837,5.8837,0
2000-09-18,5.8837,5.8837,5.8837,5.8837,0
2000-09-19,5.8862,5.8862,5.8862,5.8862,1001
2000-09-20,5.8862,5.9164,5.8862,5.9164,600
2000-09-21,5.8862,5.8862,5.8862,5.8862,1301
2000-09-22,5.8837,5.8837,5.8837,5.8837,0
2000-09-25,5.9793,5.9793,5.9793,5.9793,101
2000-09-26,5.8862,5.8862,5.7905,5.7905,3900
2000-09-27,5.7603,5.7603,5.6646,5.6646,900
2000-09-28,5.7251,5.7251,5.7251,5.7251,0
2000-09-29,5.7251,5.7251,5.7251,5.7251,0
2000-10-02,5.5978,5.8192,5.5978,5.8192,21600
2000-10-03,5.8192,5.8192,5.8192,5.8192,0
2000-10-04,5.7251,5.7581,5.7251,5.7581,20600
2000-10-05,5.7556,5.7556,5.7556,5.7556,0
2000-10-06,5.7556,5.7556,5.7556,5.7556,0
2000-10-09,5.8217,5.8217,5.8217,5.8217,1901
2000-10-10,5.8192,5.8192,5.8192,5.8192,0
2000-10-11,5.7403,5.7403,5.7403,5.7403,401
2000-10-12,5.7403,5.7403,5.7403,5.7403,0
2000-10-13,5.7403,5.7403,5.7403,5.7403,0
2000-10-16,5.7403,5.7403,5.7403,5.7403,0
2000-10-17,5.7403,5.7403,5.7403,5.7403,0
2000-10-18,5.7403,5.7403,5.7403,5.7403,1200
2000-10-19,5.7403,5.7403,5.7403,5.7403,101
2000-10-20,5.7403,5.7403,5.7403,5.7403,0
2000-10-23,5.7403,5.7403,5.7403,5.7403,0
2000-10-24,5.7403,5.7403,5.7403,5.7403,0
2000-10-25,5.7403,5.7403,5.3129,5.3434,19400
2000-10-26,5.3434,5.3434,5.3434,5.3434,0
2000-10-27,5.4070,5.5342,5.4070,5.4070,5201
2000-10-30,5.4070,5.4070,5.4070,5.4070,0
2000-10-31,5.3434,5.3434,5.3434,5.3434,300
2000-11-01,5.4706,5.5342,5.4706,5.5342,1901
2000-11-02,5.3434,5.3434,5.3434,5.3434,401
2000-11-03,5.3434,5.3434,5.3434,5.3434,0
2000-11-06,5.3434,5.3434,5.3434,5.3434,0
2000-11-07,5.3434,5.3434,5.0889,5.0889,4601
2000-11-08,5.0889,5.0889,5.0889,5.0889,0
2000-11-09,5.0889,5.0889,5.0889,5.0889,0
2000-11-10,5.0889,5.0889,5.0889,5.0889,0
2000-11-13,5.2162,5.2162,5.2162,5.2162,600
2000-11-14,5.2162,5.2162,5.2162,5.2162,0
2000-11-15,5.2162,5.2162,5.2162,5.2162,0
2000-11-16,5.2798,5.2798,5.2798,5.2798,4901
2000-11-17,5.2798,5.2798,5.2798,5.2798,0
2000-11-20,5.3129,5.3434,5.3129,5.3129,9000
2000-11-21,5.2162,5.2162,5.2162,5.2162,401
2000-11-22,5.1584,5.1584,5.1584,5.1584,0
2000-11-24,5.1584,5.1584,5.1584,5.1584,0
2000-11-27,5.4726,5.4726,5.2151,5.2151,1500
2000-11-28,5.2151,5.2151,5.2151,5.2151,0
2000-11-29,5.2151,5.2151,5.2151,5.2151,900
2000-11-30,5.2151,5.2151,5.2151,5.2151,0
2000-12-01,5.2151,5.2151,5.2151,5.2151,0
2000-12-04,5.2151,5.2151,5.2151,5.2151,401
2000-12-05,5.2151,5.2151,5.2151,5.2151,401
2000-12-06,5.1507,5.1507,5.0219,5.0219,1500
2000-12-07,5.0219,5.0219,5.0219,5.0219,0
2000-12-08,5.0219,5.0219,5.0219,5.0219,0
2000-12-11,5.0219,5.0219,5.0219,5.0219,0
2000-12-12,5.0219,5.0219,5.0219,5.0219,0
2000-12-13,5.0219,5.0219,5.0219,5.0219,0
2000-12-14,5.0219,5.0219,5.0219,5.0219,0
2000-12-15,5.0219,5.0219,5.0219,5.0219,0
2000-12-18,5.2151,5.2151,5.2151,5.2151,701
2000-12-19,5.0219,5.4082,5.0219,5.4082,3000
2000-12-20,5.4082,5.4082,5.4082,5.4082,0
2000-12-21,5.4082,5.4082,5.4082,5.4082,0
2000-12-22,5.4082,5.4082,5.4082,5.4082,0
2000-12-26,5.1507,5.1507,5.1507,5.1507,3701
2000-12-27,5.1507,5.1507,5.1507,5.1507,0
2000-12-28,5.1507,5.1507,5.1507,5.1507,101
2000-12-29,5.1507,5.1507,5.1507,5.1507,0
2001-01-02,5.1507,5.1507,5.1507,5.1507,0
2001-01-03,5.4726,5.4726,5.4726,5.4726,101
2001-01-04,5.4726,5.4726,5.1507,5.1507,600
2001-01-05,5.3773,5.3773,5.3773,5.3773,6600
2001-01-08,5.1842,5.1842,5.1842,5.1842,2700
2001-01-09,5.1842,5.1842,5.1842,5.1842,0
2001-01-10,5.1842,5.1842,5.1842,5.1842,0
2001-01-11,5.1507,5.1507,5.1507,5.1507,401
2001-01-12,5.1507,5.1507,5.1507,5.1507,0
2001-01-16,5.1507,5.1507,5.1507,5.1507,0
2001-01-17,5.1507,5.1507,5.1507,5.1507,0
2001-01-18,5.1507,5.1507,5.1507,5.1507,0
2001-01-19,5.1507,5.1507,5.1507,5.1507,300
2001-01-22,5.1507,5.1507,5.1507,5.1507,0
2001-01-23,5.1842,5.4726,5.1842,5.4726,9701
2001-01-24,5.6657,5.6657,5.6657,5.6657,101
2001-01-25,5.1507,5.1507,5.1507,5.1507,701
2001-01-26,5.6657,5.6657,5.6657,5.6657,101
2001-01-29,5.6657,5.6657,5.6657,5.6657,0
2001-01-30,5.3773,5.4417,5.3773,5.4417,13301
2001-01-31,5.4417,5.4417,5.4417,5.4417,0
2001-02-01,5.2151,5.2151,5.2151,5.2151,300
2001-02-02,5.2151,5.2151,5.2151,5.2151,0
2001-02-05,5.2151,5.2151,5.1842,5.1842,1200
2001-02-06,5.1842,5.1842,5.1842,5.1842,0
2001-02-07,5.3438,5.4082,5.3438,5.4082,19001
2001-02-08,5.1842,5.2151,5.1507,5.1842,2801
2001-02-09,5.1842,5.1842,5.1842,5.1842,0
2001-02-12,5.1842,5.1842,5.1842,5.1842,0
2001-02-13,5.1842,5.1842,5.1842,5.1842,0
2001-02-14,5.1842,5.1842,5.1842,5.1842,0
2001-02-15,5.1842,5.1842,5.1842,5.1842,300
2001-02-16,5.1842,5.1842,5.1842,5.1842,0
2001-02-20,5.1842,5.1842,5.1842,5.1842,0
2001-02-21,5.1842,5.2151,5.1842,5.2151,701
2001-02-22,5.1507,5.3129,5.1507,5.3129,14600
2001-02-23,5.1842,5.1842,5.1842,5.1842,3101
2001-02-26,5.1842,5.1842,5.1842,5.1842,0
2001-02-27,5.1842,5.1842,5.1842,5.1842,0
2001-02-28,5.1842,5.1842,5.1842,5.1842,0
2001-03-01,5.1842,5.1842,5.1842,5.1842,0
2001-03-02,5.1842,5.1842,5.1842,5.1842,0
2001-03-05,5.1842,5.1842,5.1842,5.1842,0
2001-03-06,5.1842,5.1842,5.1842,5.1842,0
2001-03-07,5.1842,5.1842,5.1842,5.1842,0
2001-03-08,5.1842,5.1842,5.1842,5.1842,0
2001-03-09,5.2485,5.2794,5.1507,5.2794,12401
2001-03-12,5.2794,5.2794,5.2794,5.2794,1001
2001-03-13,5.2794,5.2794,5.2794,5.2794,0
2001-03-14,5.2794,5.2794,5.2794,5.2794,1200
2001-03-15,5.2794,5.2794,5.2794,5.2794,0
2001-03-16,5.2794,5.2794,5.2794,5.2794,0
2001-03-19,5.2794,5.3284,5.2794,5.3284,7301
2001-03-20,5.2794,5.2794,5.2794,5.2794,101
2001-03-21,5.2794,5.2794,5.0863,5.2485,8201
2001-03-22,5.2151,5.2151,5.1507,5.1507,2400
2001-03-23,5.1507,5.1507,5.1507,5.1507,401
2001-03-26,5.3129,5.3129,5.3129,5.3129,900
2001-03-27,5.3103,5.3103,5.3103,5.3103,0
2001-03-28,5.3103,5.3103,5.3103,5.3103,0
2001-03-29,5.3773,5.3773,5.3773,5.3773,0
2001-03-30,5.2808,5.3799,5.2808,5.3799,1601
2001-04-02,5.3799,5.3799,5.3799,5.3799,1500
2001-04-03,5.3773,5.3773,5.3773,5.3773,0
2001-04-04,5.4451,5.4451,5.4451,5.4451,101
2001-04-05,5.4425,5.4425,5.4425,5.4425,0
2001-04-06,5.4764,5.4764,5.4764,5.4764,300
2001-04-09,5.4764,5.4764,5.4764,5.4764,0
2001-04-10,5.4764,5.4764,5.4764,5.4764,1500
2001-04-11,5.5416,5.5416,5.5416,5.5416,9000
2001-04-12,5.5416,5.5416,5.5416,5.5416,0
2001-04-16,5.5416,5.5416,5.5416,5.5416,0
2001-04-17,5.5416,5.5416,5.5416,5.5416,8700
2001-04-18,5.5416,5.5416,5.5416,5.5416,2801
2001-04-19,5.5416,5.5416,5.5416,5.5416,3000
2001-04-20,5.5416,5.5416,5.5416,5.5416,0
2001-04-23,5.5416,5.5755,5.4764,5.4764,23600
2001-04-24,5.4764,5.4764,5.4764,5.4764,0
2001-04-25,5.4764,5.4764,5.4764,5.4764,0
2001-04-26,5.4764,5.4764,5.4764,5.4764,0
2001-04-27,5.4764,5.4764,5.4764,5.4764,0
2001-04-30,5.4764,5.4764,5.4764,5.4764,0
2001-05-01,5.4242,5.4242,5.4242,5.4242,300
2001-05-02,5.4242,5.4242,5.4242,5.4242,0
2001-05-03,5.4242,5.4242,5.4242,5.4242,300
2001-05-04,5.4242,5.4242,5.3460,5.3460,900
2001-05-07,5.3460,5.3460,5.3460,5.3460,0
2001-05-08,5.3460,5.3460,5.3460,5.3460,0
2001-05-09,5.3460,5.3460,5.3460,5.3460,0
2001-05-10,5.3460,5.3460,5.3460,5.3460,0
2001-05-11,5.3460,5.3460,5.3460,5.3460,0
2001-05-14,5.4112,5.4112,5.4112,5.4112,1500
2001-05-15,5.4112,5.4112,5.4112,5.4112,0
2001-05-16,5.4112,5.4112,5.4112,5.4112,0
2001-05-17,5.4112,5.4112,5.4112,5.4112,0
2001-05-18,5.4112,5.4138,5.4112,5.4138,2501
2001-05-21,5.4112,5.4112,5.3460,5.4112,2501
2001-05-22,5.3460,5.3460,5.3460,5.3460,300
2001-05-23,5.5025,5.5025,5.3460,5.3460,1601
2001-05-24,5.3460,5.3460,5.3225,5.3225,2100
2001-05-25,5.3591,5.4242,5.3591,5.4242,1800
2001-05-29,5.4242,5.4242,5.4242,5.4242,0
2001-05-30,5.3721,5.4764,5.3721,5.4764,11000
2001-05-31,5.4764,5.4764,5.4764,5.4764,0
2001-06-01,5.5025,5.5025,5.4112,5.5025,27900
2001-06-04,5.4920,5.4920,5.4764,5.4764,4500
2001-06-05,5.5025,5.5025,5.5025,5.5025,401
2001-06-06,5.4112,5.4503,5.4112,5.4112,2100
2001-06-07,5.4112,5.4112,5.4112,5.4112,0
2001-06-08,5.4112,5.4503,5.4112,5.4503,1500
2001-06-11,5.4764,5.4764,5.4503,5.4503,1901
2001-06-12,5.4764,5.5677,5.4764,5.5677,16400
2001-06-13,5.5807,5.6720,5.5807,5.6720,2201
2001-06-14,5.5546,5.6589,5.4764,5.5807,46400
2001-06-15,5.5938,5.5938,5.5938,5.5938,4500
2001-06-18,5.6720,5.6720,5.5416,5.5416,900
2001-06-19,5.5286,5.5416,5.5286,5.5286,1901
2001-06-20,5.4764,5.4764,5.4764,5.4764,1200
2001-06-21,5.5807,5.5807,5.5807,5.5807,1601
2001-06-22,5.5025,5.5025,5.5025,5.5025,101
2001-06-25,5.5807,5.5807,5.5364,5.5364,701
2001-06-26,5.5364,5.5364,5.5364,5.5364,0
2001-06-27,5.5938,5.5938,5.5938,5.5938,300
2001-06-28,5.6221,5.6485,5.6221,5.6485,1601
2001-06-29,5.6485,5.6485,5.6485,5.6485,0
2001-07-02,5.5825,5.5825,5.5825,5.5825,1301
2001-07-03,5.5825,5.5825,5.5825,5.5825,0
2001-07-05,5.5825,5.5825,5.5825,5.5825,0
2001-07-06,5.5825,5.5825,5.5825,5.5825,0
2001-07-09,5.6089,5.6089,5.5693,5.5825,5400
2001-07-10,5.5561,5.5561,5.5429,5.5429,900
2001-07-11,5.5429,5.6221,5.5429,5.6221,1001
2001-07-12,5.6221,5.6221,5.6221,5.6221,0
2001-07-13,5.5773,5.5773,5.5773,5.5773,300
2001-07-16,5.5693,5.5693,5.5693,5.5693,1301
2001-07-17,5.6221,5.6221,5.6010,5.6089,13901
2001-07-18,5.6089,5.6221,5.5957,5.5957,13301
2001-07-19,5.5957,5.5957,5.5957,5.5957,0
2001-07-20,5.6221,5.6617,5.6116,5.6617,14501
2001-07-23,5.6749,5.7277,5.6353,5.7277,31500
2001-07-24,5.6485,5.7277,5.6485,5.7277,4601
2001-07-25,5.7277,5.7277,5.7277,5.7277,0
2001-07-26,5.7277,5.7277,5.7277,5.7277,0
2001-07-27,5.7277,5.7277,5.7277,5.7277,701
2001-07-30,5.7277,5.7277,5.7277,5.7277,0
2001-07-31,5.7409,5.7409,5.7409,5.7409,1500
2001-08-01,5.6749,5.7277,5.6749,5.7277,22100
2001-08-02,5.6749,5.7277,5.6749,5.7277,5201
2001-08-03,5.7277,5.7277,5.7277,5.7277,300
2001-08-06,5.7277,5.7277,5.7277,5.7277,401
2001-08-07,5.7013,5.7937,5.7013,5.7937,8100
2001-08-08,5.7145,5.7541,5.7145,5.7541,3000
2001-08-09,5.8069,5.8069,5.8069,5.8069,600
2001-08-10,5.8201,5.8201,5.8201,5.8201,900
2001-08-13,5.8201,5.8201,5.7805,5.7805,4500
2001-08-14,5.7805,5.7805,5.7805,5.7805,0
2001-08-15,5.7805,5.8069,5.7805,5.8069,5201
2001-08-16,5.8069,5.8333,5.8069,5.8333,4500
2001-08-17,5.8333,5.8333,5.8333,5.8333,0
2001-08-20,5.8069,5.8069,5.8069,5.8069,101
2001-08-21,5.8069,5.8069,5.8069,5.8069,1500
2001-08-22,5.9389,6.0049,5.9389,6.0049,1301
2001-08-23,6.0708,6.0708,6.0708,6.0708,300
2001-08-24,6.0708,6.0708,6.0708,6.0708,0
2001-08-27,6.0708,6.0708,6.0708,6.0708,600
2001-08-28,6.0708,6.1975,5.9389,6.1500,5201
2001-08-29,6.1975,6.2028,6.0049,6.0049,1500
2001-08-30,6.1368,6.1368,6.0049,6.0180,4001
2001-08-31,6.0180,6.0180,6.0180,6.0180,0
2001-09-04,6.1896,6.1896,6.0049,6.0312,6101
2001-09-05,6.0075,6.0075,6.0075,6.0075,300
2001-09-06,6.1368,6.1368,6.1368,6.1368,300
2001-09-07,6.1368,6.1368,6.1368,6.1368,0
2001-09-10,6.0708,6.0708,6.0444,6.0444,1001
2001-09-17,6.0180,6.0180,5.8993,5.8993,5700
2001-09-18,5.8993,5.8993,5.8993,5.8993,0
2001-09-19,5.9019,5.9019,5.9019,5.9019,101
2001-09-20,5.9019,5.9019,5.9019,5.9019,0
2001-09-21,5.9019,5.9019,5.9019,5.9019,0
2001-09-24,5.8861,5.8861,5.8861,5.8861,1001
2001-09-25,6.1368,6.1368,5.9045,6.1368,3300
2001-09-26,6.0972,6.1896,6.0708,6.1896,6600
2001-09-27,6.2055,6.2055,6.2055,6.2055,1800
2001-09-28,6.1387,6.2055,6.1387,6.2055,7001
2001-10-01,6.2588,6.2588,6.2588,6.2588,101
2001-10-02,6.2588,6.2588,6.2588,6.2588,0
2001-10-03,6.1387,6.1387,6.1387,6.1387,1800
2001-10-04,6.1387,6.1387,6.1387,6.1387,0
2001-10-05,6.1654,6.1654,6.1654,6.1654,701
2001-10-08,6.4056,6.4056,6.2668,6.4056,2801
2001-10-09,6.1654,6.1654,6.1654,6.1654,401
2001-10-10,6.1654,6.1654,6.1654,6.1654,0
2001-10-11,6.4056,6.4056,6.3389,6.4056,600
2001-10-12,6.4056,6.4056,6.4056,6.4056,0
2001-10-15,6.4056,6.4056,6.4056,6.4056,0
2001-10-16,6.4056,6.4056,6.4056,6.4056,0
2001-10-17,6.4056,6.4056,6.4056,6.4056,101
2001-10-18,6.4056,6.4056,6.4056,6.4056,0
2001-10-19,6.4724,6.6725,6.4724,6.6725,7601
2001-10-22,6.6725,6.6725,6.6725,6.6725,600
2001-10-23,6.6725,6.6725,6.6725,6.6725,0
2001-10-24,6.6725,6.7393,6.6725,6.7393,19700
2001-10-25,6.6725,6.6725,6.6725,6.6725,2801
2001-10-26,6.7393,6.7393,6.7393,6.7393,1500
2001-10-29,6.6191,6.6191,6.6191,6.6191,101
2001-10-30,6.6191,6.6191,6.6191,6.6191,0
2001-10-31,6.7393,6.7393,6.6725,6.6725,16100
2001-11-01,6.7393,6.7393,6.7393,6.7393,300
2001-11-02,6.7393,6.7393,6.7393,6.7393,0
2001-11-05,6.6191,6.6191,6.6191,6.6191,900
2001-11-06,6.6325,6.6325,6.6325,6.6325,300
2001-11-07,6.6325,6.6325,6.6325,6.6325,0
2001-11-08,6.7393,6.7393,6.7393,6.7393,300
2001-11-09,6.7393,6.7393,6.7393,6.7393,0
2001-11-12,6.7393,6.7393,6.7393,6.7393,0
2001-11-13,6.8060,6.8060,6.8060,6.8060,300
2001-11-14,6.6325,6.6325,6.6325,6.6325,600
2001-11-15,6.8060,6.8060,6.6725,6.6725,900
2001-11-16,6.6325,6.6325,6.6325,6.6325,1800
2001-11-19,6.7393,6.7393,6.7393,6.7393,600
2001-11-20,6.7393,6.7393,6.7393,6.7393,701
2001-11-21,6.7393,6.7393,6.7393,6.7393,0
2001-11-23,6.7393,6.7393,6.7393,6.7393,101
2001-11-26,6.7393,6.7393,6.7393,6.7393,0
2001-11-27,6.7393,6.7393,6.6325,6.6325,1301
2001-11-28,6.6325,6.6325,6.6325,6.6325,0
2001-11-29,6.6325,6.6325,6.6325,6.6325,1500
2001-11-30,6.6325,6.7126,6.6325,6.7126,1001
2001-12-03,6.7259,6.7259,6.6325,6.6325,3900
2001-12-04,6.6325,6.6325,6.6325,6.6325,0
2001-12-05,6.7393,6.7393,6.7393,6.7393,101
2001-12-06,6.7393,6.7393,6.6458,6.7393,36900
2001-12-07,6.7393,6.7393,6.7393,6.7393,1800
2001-12-10,6.7393,6.7393,6.7393,6.7393,0
2001-12-11,6.7393,6.7393,6.7393,6.7393,0
2001-12-12,6.7393,6.7393,6.7393,6.7393,0
2001-12-13,6.7393,6.7393,6.7393,6.7393,0
2001-12-14,6.8060,6.8727,6.8060,6.8060,2700
2001-12-17,6.8727,6.8727,6.6725,6.7659,32400
2001-12-18,6.7659,6.7659,6.7659,6.7659,0
2001-12-19,6.7393,6.7393,6.7393,6.7393,101
2001-12-20,6.7393,6.7393,6.7393,6.7393,7001
2001-12-21,7.0062,7.0062,7.0062,7.0062,1001
2001-12-24,7.0062,7.0062,7.0062,7.0062,0
2001-12-26,7.0729,7.0729,7.0729,7.0729,300
2001-12-27,6.8834,6.8834,6.8834,6.8834,101
2001-12-28,6.8834,6.8834,6.8834,6.8834,0
2001-12-31,7.0561,7.0561,7.0561,7.0561,600
2002-01-02,6.6109,6.8807,6.6109,6.8807,300
2002-01-03,6.6109,6.6109,6.6109,6.6109,401
2002-01-04,6.6109,6.6109,6.6109,6.6109,0
2002-01-07,7.5553,7.5553,7.5553,7.5553,101
2002-01-08,7.5553,7.5553,7.5553,7.5553,0
2002-01-09,7.5553,7.5553,7.5553,7.5553,0
2002-01-10,7.5553,7.5553,7.5553,7.5553,0
2002-01-11,7.2854,7.2854,6.8807,6.8807,1601
2002-01-14,6.8807,6.8807,6.8807,6.8807,600
2002-01-15,7.2180,7.2180,7.0831,7.0831,36401
2002-01-16,7.0831,7.0831,7.0831,7.0831,0
2002-01-17,7.0831,7.0831,7.0831,7.0831,0
2002-01-18,7.2854,7.2854,7.2854,7.2854,900
2002-01-22,7.4203,7.5553,7.3529,7.4203,21600
2002-01-23,7.6902,7.6902,7.6902,7.6902,600
2002-01-24,7.5553,7.6227,7.5553,7.5553,2100
2002-01-25,7.3934,7.4203,7.3934,7.3934,300
2002-01-28,7.3934,7.3934,7.3934,7.3934,0
2002-01-29,7.4203,7.5553,7.4203,7.5553,8400
2002-01-30,7.4203,7.5553,7.4069,7.5553,1500
2002-01-31,7.5553,7.5553,7.5553,7.5553,0
2002-02-01,7.5553,7.5553,7.4069,7.5553,1301
2002-02-04,7.5553,7.5553,7.3745,7.3745,1001
2002-02-05,7.4069,7.4069,7.4069,7.4069,1500
2002-02-06,7.4069,7.4069,7.4069,7.4069,0
2002-02-07,7.5553,7.5553,7.4069,7.4069,2501
2002-02-08,7.4878,7.4878,7.4878,7.4878,600
2002-02-11,7.4878,7.4878,7.4878,7.4878,0
2002-02-12,7.3664,7.5013,7.3664,7.5013,1200
2002-02-13,7.5013,7.5013,7.5013,7.5013,0
2002-02-14,7.3664,7.5553,7.3664,7.5553,401
2002-02-15,7.4015,7.4015,7.3664,7.3664,2201
2002-02-19,7.3664,7.3664,7.3664,7.3664,300
2002-02-20,7.3664,7.3664,7.3664,7.3664,0
2002-02-21,7.3664,7.3664,7.3664,7.3664,0
2002-02-22,7.3664,7.3664,7.3664,7.3664,0
2002-02-25,7.3664,7.3664,7.3664,7.3664,900
2002-02-26,7.3664,7.3664,7.3664,7.3664,900
2002-02-27,7.3664,7.6227,7.3664,7.6227,401
2002-02-28,7.6227,7.6227,7.6227,7.6227,0
2002-03-01,7.4203,7.5553,7.4203,7.5553,401
2002-03-04,7.4203,7.5553,7.4203,7.5553,4200
2002-03-05,7.4878,7.6227,7.4878,7.6227,1601
2002-03-06,7.6227,7.6227,7.6227,7.6227,0
2002-03-07,7.6227,7.6227,7.6227,7.6227,0
2002-03-08,7.5553,7.6227,7.5553,7.6227,401
2002-03-11,7.6227,7.6227,7.6227,7.6227,0
2002-03-12,7.6227,7.6227,7.6227,7.6227,101
2002-03-13,7.6227,7.6227,7.6227,7.6227,0
2002-03-14,7.4203,7.4203,7.4203,7.4203,600
2002-03-15,7.4203,7.4203,7.4203,7.4203,300
2002-03-18,7.4203,7.4203,7.4203,7.4203,0
2002-03-19,7.4203,7.4203,7.4203,7.4203,0
2002-03-20,7.4203,7.4203,7.4203,7.4203,0
2002-03-21,7.4203,7.4203,7.4203,7.4203,0
2002-03-22,7.3799,7.3799,7.3799,7.3799,300
2002-03-25,7.6227,7.6227,7.4203,7.5553,1601
2002-03-26,7.5553,7.5553,7.5553,7.5553,0
2002-03-27,7.6308,7.6308,7.6308,7.6308,0
2002-03-28,7.6308,7.6308,7.6308,7.6308,0
2002-04-01,7.6308,7.6308,7.6308,7.6308,0
2002-04-02,7.5354,7.6989,7.5354,7.6989,6101
2002-04-03,7.6989,7.6989,7.6989,7.6989,0
2002-04-04,7.6989,7.6989,7.6989,7.6989,0
2002-04-05,7.5354,7.5491,7.5354,7.5491,1500
2002-04-08,7.6308,8.0396,7.6308,8.0396,4601
2002-04-09,7.5627,8.0396,7.5627,8.0396,900
2002-04-10,8.0396,8.0396,7.5627,7.5627,600
2002-04-11,7.7671,8.0396,7.7671,8.0396,1800
2002-04-12,8.1759,8.1759,7.6308,7.8352,2700
2002-04-15,7.5627,7.5627,7.5627,7.5627,1301
2002-04-16,7.5899,7.5899,7.5899,7.5899,101
2002-04-17,7.5899,7.5899,7.5899,7.5899,0
2002-04-18,7.6308,7.7671,7.5899,7.7671,1800
2002-04-19,7.5899,7.6989,7.5899,7.6989,2100
2002-04-22,8.1077,8.1077,7.9033,7.9033,23400
2002-04-23,7.9033,8.0396,7.9033,8.0396,7601
2002-04-24,8.0396,8.0396,7.9715,8.0396,5201
2002-04-25,7.9715,8.0396,7.9715,8.0396,3000
2002-04-26,7.9715,8.1077,7.9715,8.1077,900
2002-04-29,7.9715,7.9715,7.9715,7.9715,1800
2002-04-30,7.9715,7.9715,7.9715,7.9715,0
2002-05-01,8.0396,8.0396,7.9715,8.0396,3000
2002-05-02,7.9715,8.0260,7.9715,8.0260,6900
2002-05-03,7.9851,7.9851,7.9851,7.9851,300
2002-05-06,7.9715,7.9715,7.9715,7.9715,300
2002-05-07,8.1077,8.1077,7.9715,7.9715,22500
2002-05-08,7.9715,7.9715,7.9715,7.9715,0
2002-05-09,7.9715,7.9715,7.9715,7.9715,0
2002-05-10,8.1759,8.1759,8.1759,8.1759,2400
2002-05-13,7.9851,8.1759,7.9715,8.0260,17201
2002-05-14,8.1759,8.1759,7.9715,8.1077,6600
2002-05-15,8.1077,8.1077,8.1077,8.1077,1500
2002-05-16,7.9715,8.0396,7.9715,7.9715,600
2002-05-17,7.9715,7.9715,7.9715,7.9715,0
2002-05-20,8.1077,8.1077,8.1077,8.1077,101
2002-05-21,7.9715,8.0396,7.9715,8.0396,12500
2002-05-22,7.9715,8.0396,7.9715,8.0396,36701
2002-05-23,7.9715,7.9715,7.9715,7.9715,1301
2002-05-24,7.9987,7.9987,7.9987,7.9987,1901
2002-05-28,7.9851,7.9851,7.9715,7.9715,6900
2002-05-29,7.9715,7.9715,7.9715,7.9715,0
2002-05-30,8.0124,8.0396,7.9715,8.0396,6701
2002-05-31,7.9715,7.9715,7.9715,7.9715,101
2002-06-03,7.9715,7.9715,7.9715,7.9715,300
2002-06-04,7.9715,7.9715,7.9715,7.9715,0
2002-06-05,7.9715,7.9715,7.9715,7.9715,600
2002-06-06,7.9715,8.0396,7.9715,8.0396,1001
2002-06-07,7.9715,7.9715,7.9715,7.9715,101
2002-06-10,7.9715,7.9715,7.9715,7.9715,0
2002-06-11,7.9715,7.9715,7.9715,7.9715,0
2002-06-12,7.9851,7.9851,7.9851,7.9851,1800
2002-06-13,7.9851,7.9851,7.9851,7.9851,0
2002-06-14,7.9851,7.9851,7.9851,7.9851,0
2002-06-17,7.9715,7.9715,7.9715,7.9715,101
2002-06-18,7.9715,7.9715,7.9715,7.9715,0
2002-06-19,8.1077,8.1077,8.1077,8.1077,101
2002-06-20,7.9851,7.9851,7.9851,7.9851,5501
2002-06-21,7.9851,8.0069,7.9851,8.0069,6300
2002-06-24,7.9851,7.9851,7.9851,7.9851,1200
2002-06-25,8.0396,8.0396,7.9851,7.9851,600
2002-06-26,7.9851,8.0396,7.9851,8.0396,5201
2002-06-27,8.1577,8.1577,8.0614,8.0614,4001
2002-06-28,8.0614,8.0614,8.0614,8.0614,1500
2002-07-01,8.0889,8.0889,8.0889,8.0889,300
2002-07-02,8.0614,8.0614,8.0614,8.0614,5201
2002-07-03,8.2402,8.2402,8.0614,8.0614,1301
2002-07-05,8.0889,8.0889,8.0889,8.0889,600
2002-07-08,8.0889,8.0889,8.0889,8.0889,0
2002-07-09,8.0614,8.0614,8.0614,8.0614,1601
2002-07-10,8.1164,8.1164,8.1164,8.1164,300
2002-07-11,8.1164,8.1164,8.1164,8.1164,0
2002-07-12,8.1164,8.1164,8.1164,8.1164,0
2002-07-15,8.1164,8.1164,8.1164,8.1164,0
2002-07-16,8.1852,8.1852,8.1852,8.1852,101
2002-07-17,8.1852,8.1852,8.1852,8.1852,300
2002-07-18,8.2540,8.2540,8.2540,8.2540,2201
2002-07-19,8.2540,8.5291,8.2512,8.5291,4601
2002-07-22,8.6667,8.8318,8.4604,8.8043,10601
2002-07-23,8.9418,8.9418,8.6942,8.8043,17201
2002-07-24,8.5291,8.5291,8.5291,8.5291,300
2002-07-25,8.5291,8.5291,8.5291,8.5291,0
2002-07-26,8.5291,8.5291,8.5291,8.5291,0
2002-07-29,8.5291,8.6667,8.5291,8.5291,2501
2002-07-30,8.5291,8.5291,8.1852,8.1852,13301
2002-07-31,8.6667,8.6667,8.6667,8.6667,401
2002-08-01,8.2540,8.3916,8.2540,8.3228,7800
2002-08-02,8.6667,8.6667,8.6667,8.6667,101
2002-08-05,8.2678,8.2678,8.2678,8.2678,2100
2002-08-06,8.2678,8.4604,8.2678,8.4604,1901
2002-08-07,8.2678,8.5291,8.2678,8.5291,701
2002-08-08,8.5291,8.5291,8.5291,8.5291,0
2002-08-09,8.3916,8.3916,8.3916,8.3916,300
2002-08-12,8.2678,8.2678,8.2678,8.2678,1200
2002-08-13,8.2678,8.3916,8.2540,8.3090,17900
2002-08-14,8.3090,8.3090,8.3090,8.3090,0
2002-08-15,8.3090,8.3090,8.3090,8.3090,0
2002-08-16,8.3916,8.3916,8.2953,8.2953,600
2002-08-19,8.2953,8.2953,8.2953,8.2953,0
2002-08-20,8.2953,8.3503,8.2678,8.3503,4800
2002-08-21,8.2815,8.3365,8.2815,8.3365,7901
2002-08-22,8.2815,8.2815,8.2815,8.2815,1800
2002-08-23,8.2815,8.3090,8.2815,8.3090,1301
2002-08-26,8.2815,8.4604,8.2815,8.4604,1601
2002-08-27,8.2815,8.2815,8.2815,8.2815,101
2002-08-28,8.2815,8.4604,8.2815,8.4604,1301
2002-08-29,8.2953,8.2953,8.2953,8.2953,101
2002-08-30,8.2953,8.2953,8.2953,8.2953,0
2002-09-03,8.2815,8.3365,8.2815,8.2815,9000
2002-09-04,8.3365,8.3365,8.3365,8.3365,1500
2002-09-05,8.2815,8.2815,8.2815,8.2815,300
2002-09-06,8.2815,8.2815,8.2815,8.2815,0
2002-09-09,8.4604,8.4604,8.3916,8.3916,300
2002-09-10,8.4604,8.4604,8.4604,8.4604,101
2002-09-11,8.4604,8.4604,8.4604,8.4604,0
2002-09-12,8.4604,8.4604,8.4604,8.4604,101
2002-09-13,8.2953,8.2953,8.2953,8.2953,101
2002-09-16,8.4604,8.4604,8.4604,8.4604,300
2002-09-17,8.3228,8.3228,8.3228,8.3228,101
2002-09-18,8.3228,8.3228,8.3228,8.3228,0
2002-09-19,8.3228,8.3228,8.3228,8.3228,0
2002-09-20,8.3916,8.3916,8.3916,8.3916,101
2002-09-23,8.3228,8.3916,8.3228,8.3916,5801
2002-09-24,8.3228,8.3228,8.3228,8.3228,401
2002-09-25,8.3916,8.3916,8.3916,8.3916,401
2002-09-26,8.3228,8.3228,8.3228,8.3228,2201
2002-09-27,8.4053,8.4053,8.4053,8.4053,401
2002-09-30,8.4414,8.4414,8.4414,8.4414,900
2002-10-01,8.4414,8.4414,8.4414,8.4414,0
2002-10-02,8.4414,8.4414,8.4414,8.4414,0
2002-10-03,8.4053,8.4053,8.4053,8.4053,101
2002-10-04,8.4053,8.4609,8.4053,8.4609,7301
2002-10-07,8.4053,8.4053,8.4053,8.4053,1001
2002-10-08,8.4053,8.4887,8.3775,8.3775,9101
2002-10-09,8.4748,8.6137,8.4748,8.6137,600
2002-10-10,8.6137,8.6137,8.6137,8.6137,0
2002-10-11,8.6137,8.6137,8.6137,8.6137,0
2002-10-14,8.3775,8.3775,8.3775,8.3775,701
2002-10-15,8.3775,8.4748,8.3775,8.3775,701
2002-10-16,8.3775,8.3775,8.3775,8.3775,300
2002-10-17,8.3775,8.3775,8.3775,8.3775,600
2002-10-18,8.3775,8.3775,8.3775,8.3775,0
2002-10-21,8.6082,8.6137,8.6082,8.6137,300
2002-10-22,8.5443,8.6137,8.5443,8.6137,11201
2002-10-23,8.6137,8.6137,8.4748,8.4748,7901
2002-10-24,8.4748,8.4748,8.4748,8.4748,0
2002-10-25,8.4748,8.4748,8.4748,8.4748,0
2002-10-28,8.4748,8.4748,8.4748,8.4748,300
2002-10-29,8.4748,8.4748,8.4748,8.4748,701
2002-10-30,8.6137,8.6137,8.6137,8.6137,1301
2002-10-31,8.6137,8.6137,8.6137,8.6137,0
2002-11-01,8.4887,8.4887,8.4887,8.4887,900
2002-11-04,9.1694,9.1694,8.6137,8.6137,600
2002-11-05,8.8916,9.1278,8.8916,9.1278,2801
2002-11-06,9.1694,9.1694,9.1694,9.1694,401
2002-11-07,8.8916,8.8916,8.8221,8.8221,600
2002-11-08,8.5165,8.5165,8.5165,8.5165,300
2002-11-11,8.5165,8.5165,8.5165,8.5165,101
2002-11-12,8.5165,8.5165,8.5165,8.5165,0
2002-11-13,8.5165,8.7527,8.5165,8.6832,6900
2002-11-14,8.5165,8.6137,8.5165,8.6137,1800
2002-11-15,8.5165,8.5165,8.5165,8.5165,1901
2002-11-18,8.5165,8.5165,8.5165,8.5165,0
2002-11-19,8.5998,8.6554,8.5998,8.6554,32100
2002-11-20,8.6137,8.7110,8.6137,8.6832,3900
2002-11-21,8.8499,9.1556,8.8499,9.1417,2100
2002-11-22,8.6137,8.6137,8.6137,8.6137,300
2002-11-25,8.6137,8.6832,8.6137,8.6832,900
2002-11-26,8.6832,8.6832,8.6832,8.6832,0
2002-11-27,8.9610,8.9610,8.8916,8.8916,300
2002-11-29,8.8916,8.8916,8.8916,8.8916,0
2002-12-02,8.8916,8.8916,8.8916,8.8916,0
2002-12-03,8.6137,8.9610,8.6137,8.6415,701
2002-12-04,8.9472,8.9610,8.9472,8.9610,300
2002-12-05,8.6276,8.6276,8.6276,8.6276,300
2002-12-06,8.6276,8.6276,8.6276,8.6276,701
2002-12-09,8.6276,8.7527,8.6276,8.6415,1001
2002-12-10,8.6276,8.6276,8.6276,8.6276,101
2002-12-11,8.9610,8.9610,8.6276,8.6276,4901
2002-12-12,8.6276,8.6276,8.6276,8.6276,300
2002-12-13,8.6276,8.6276,8.6276,8.6276,300
2002-12-16,8.6832,8.8221,8.6832,8.8221,3000
2002-12-17,8.8221,8.8221,8.8221,8.8221,0
2002-12-18,8.6832,8.6832,8.6832,8.6832,3900
2002-12-19,8.6832,8.6832,8.6832,8.6832,0
2002-12-20,8.6832,8.6832,8.6832,8.6832,0
2002-12-23,8.6832,8.6832,8.6832,8.6832,0
2002-12-24,8.6832,8.6832,8.6832,8.6832,0
2002-12-26,8.6762,8.6762,8.6762,8.6762,0
2002-12-27,9.0436,9.0436,9.0436,9.0436,300
2002-12-30,8.6931,8.6931,8.6931,8.6931,900
2002-12-31,8.6931,8.6931,8.6931,8.6931,0
2003-01-02,8.6931,8.7211,8.6931,8.7211,29600
2003-01-03,8.6931,8.6931,8.6931,8.6931,300
2003-01-06,8.6931,8.6931,8.6931,8.6931,0
2003-01-07,8.7211,8.7211,8.5669,8.5669,3101
2003-01-08,8.5669,8.5669,8.5669,8.5669,1301
2003-01-09,8.7211,8.7211,8.6931,8.7211,900
2003-01-10,8.7211,8.7211,8.6370,8.7211,4901
2003-01-13,8.7491,8.8193,8.7491,8.8193,900
2003-01-14,8.8193,8.8193,8.8193,8.8193,300
2003-01-15,8.8193,8.8193,8.8193,8.8193,0
2003-01-16,8.8193,8.8193,8.8193,8.8193,0
2003-01-17,8.8193,8.8193,8.8193,8.8193,0
2003-01-21,8.6959,8.9707,8.6959,8.9707,300
2003-01-22,8.9735,8.9735,8.7211,8.9735,28500
2003-01-23,8.9034,9.0997,8.7211,8.9034,13700
2003-01-24,8.7211,8.7211,8.7211,8.7211,900
2003-01-27,8.7211,8.7211,8.7211,8.7211,0
2003-01-28,8.7211,8.7211,8.7211,8.7211,101
2003-01-29,8.7211,8.7211,8.7211,8.7211,101
2003-01-30,8.7211,8.7211,8.7211,8.7211,1800
2003-01-31,8.7211,8.8333,8.7211,8.8333,4601
2003-02-03,8.8333,8.8333,8.7632,8.7632,2100
2003-02-04,8.7632,8.7632,8.7632,8.7632,0
2003-02-05,8.7211,8.7211,8.7211,8.7211,101
2003-02-06,8.7211,8.7211,8.7211,8.7211,300
2003-02-07,8.8193,8.8193,8.6931,8.6959,1901
2003-02-10,8.6650,8.6650,8.6650,8.6650,600
2003-02-11,8.7351,8.7351,8.7351,8.7351,300
2003-02-12,8.7351,8.7351,8.7351,8.7351,0
2003-02-13,8.7351,8.7351,8.7351,8.7351,0
2003-02-14,8.8333,8.8333,8.7211,8.7211,9300
2003-02-18,8.8333,8.8333,8.6931,8.6931,1301
2003-02-19,8.6931,8.6931,8.6931,8.6931,600
2003-02-20,8.6931,8.7632,8.6931,8.7632,2700
2003-02-21,8.7491,8.7491,8.7211,8.7211,300
2003-02-24,8.7071,8.7071,8.7071,8.7071,1800
2003-02-25,8.7071,8.7071,8.7071,8.7071,0
2003-02-26,8.7071,8.7491,8.7071,8.7491,600
2003-02-27,8.7071,8.7912,8.7071,8.7912,3900
2003-02-28,8.7071,8.7071,8.7071,8.7071,600
2003-03-03,8.7071,8.7071,8.7071,8.7071,0
2003-03-04,8.7071,8.7071,8.7071,8.7071,0
2003-03-05,8.7071,8.7071,8.7071,8.7071,10901
2003-03-06,8.7491,8.7912,8.7211,8.7211,1200
2003-03-07,8.7351,8.7772,8.7211,8.7211,5100
2003-03-10,8.7071,8.7912,8.7071,8.7912,1800
2003-03-11,8.7912,8.7912,8.7912,8.7912,1800
2003-03-12,8.7912,8.7912,8.7912,8.7912,401
2003-03-13,8.7912,8.7912,8.7912,8.7912,0
2003-03-14,8.7912,8.7912,8.7912,8.7912,0
2003-03-17,8.7912,8.7912,8.7912,8.7912,1500
2003-03-18,8.7912,8.7912,8.7912,8.7912,0
2003-03-19,8.7211,8.7211,8.7211,8.7211,101
2003-03-20,8.7211,8.7211,8.7211,8.7211,300
2003-03-21,8.7379,8.7379,8.7351,8.7351,1601
2003-03-24,8.7351,8.7351,8.7351,8.7351,1001
2003-03-25,8.7407,8.7407,8.7407,8.7407,701
2003-03-26,8.8333,8.8333,8.8333,8.8333,600
2003-03-27,8.9174,8.9174,8.9174,8.9174,600
2003-03-28,8.9454,8.9454,8.9454,8.9454,401
2003-03-31,8.9454,8.9454,8.9454,8.9454,0
2003-04-01,8.9454,8.9454,8.9454,8.9454,0
2003-04-02,9.0852,9.0852,9.0852,9.0852,1001
2003-04-03,9.0625,9.1189,8.9917,8.9917,5801
2003-04-04,9.2041,9.2041,8.9209,8.9209,1200
2003-04-07,9.2041,9.3457,9.0625,9.3457,1001
2003-04-08,9.3457,9.3457,9.1333,9.1333,1001
2003-04-09,9.2041,9.2041,9.2041,9.2041,701
2003-04-10,9.2041,9.2041,9.2041,9.2041,0
2003-04-11,9.3457,9.4873,9.3169,9.3169,2801
2003-04-14,9.3169,9.3169,9.3169,9.3169,101
2003-04-15,9.5581,9.5581,9.5581,9.5581,600
2003-04-16,9.4165,9.4165,9.4165,9.4165,300
2003-04-17,9.5581,9.5581,9.5581,9.5581,2100
2003-04-21,9.5581,9.5581,9.4873,9.5293,24800
2003-04-22,10.6201,10.6201,9.7705,9.7705,1333
2003-04-23,9.5794,9.5794,9.5794,9.5794,2500
2003-04-24,9.7705,9.7705,9.7705,9.7705,400
2003-04-25,9.7705,10.6201,9.7705,9.8767,1700
2003-04-28,9.9829,10.6201,9.9829,10.0891,3600
2003-04-29,10.5986,10.9172,10.5355,10.9172,1600
2003-04-30,10.7263,10.7263,10.2385,10.2385,2600
2003-05-01,10.1953,10.1953,10.1953,10.1953,100
2003-05-02,10.1953,10.1953,10.1953,10.1953,0
2003-05-05,10.1953,10.1953,10.1953,10.1953,200
2003-05-06,10.3015,10.5139,10.3015,10.5139,300
2003-05-07,10.6201,10.6201,10.6201,10.6201,700
2003-05-08,10.5571,10.5571,10.5571,10.5571,400
2003-05-09,10.4077,10.4077,10.4077,10.4077,200
2003-05-12,10.4077,10.6626,10.4077,10.5139,2600
2003-05-13,10.3646,10.5770,10.3646,10.3646,3500
2003-05-14,10.3653,10.3653,10.3653,10.3653,7000
2003-05-15,10.3646,10.3646,10.3015,10.3015,1400
2003-05-16,10.3015,10.5139,10.3015,10.5139,500
2003-05-19,10.5139,10.5139,10.5139,10.5139,1100
2003-05-20,10.5139,10.5139,10.5139,10.5139,0
2003-05-21,10.3231,10.5139,10.3231,10.5139,600
2003-05-22,10.4077,10.4077,10.4077,10.4077,200
2003-05-23,10.3231,10.3646,10.3015,10.3015,3400
2003-05-27,10.3228,10.3228,10.3228,10.3228,600
2003-05-28,10.3228,10.3228,10.3228,10.3228,0
2003-05-29,10.3440,10.6201,10.3440,10.6201,900
2003-05-30,10.6201,10.6201,10.6201,10.6201,0
2003-06-02,10.6201,10.6201,10.6201,10.6201,300
2003-06-03,10.5139,10.7263,10.5139,10.7263,300
2003-06-04,10.6201,10.6201,10.5355,10.6201,400
2003-06-05,10.7263,10.7263,10.6201,10.6201,9100
2003-06-06,10.6201,10.6201,10.6201,10.6201,0
2003-06-09,10.8325,10.8325,10.8325,10.8325,300
2003-06-10,10.8325,10.8325,10.8325,10.8325,0
2003-06-11,10.6201,10.9387,10.6201,10.9387,5400
2003-06-12,10.6201,10.9387,10.6201,10.9387,800
2003-06-13,10.9387,11.4482,10.9387,11.4067,6800
2003-06-16,11.0449,11.0449,11.0449,11.0449,200
2003-06-17,11.0449,11.0449,11.0449,11.0449,1400
2003-06-18,11.0449,11.4060,11.0449,11.1511,700
2003-06-19,11.3635,11.3635,11.0449,11.0449,4900
2003-06-20,11.2573,11.2573,11.0449,11.0449,2800
2003-06-23,11.0449,11.0449,11.0449,11.0449,0
2003-06-24,11.0449,11.0449,11.0449,11.0449,3100
2003-06-25,11.0449,11.1080,11.0449,11.0449,3100
2003-06-26,11.1341,11.1341,11.1341,11.1341,200
2003-06-27,11.1341,11.1341,11.0488,11.0522,9200
2003-06-30,11.0528,11.0528,11.0528,11.0528,0
2003-07-01,11.0528,11.0528,11.0528,11.0528,0
2003-07-02,11.0528,11.0528,11.0528,11.0528,0
2003-07-03,11.0528,11.0528,11.0528,11.0528,300
2003-07-07,11.1341,11.1341,11.0528,11.0528,500
2003-07-08,11.0528,11.1341,11.0528,11.1341,1100
2003-07-09,11.0528,11.0528,11.0528,11.0528,400
2003-07-10,11.1341,11.1341,11.0528,11.0528,700
2003-07-11,11.0528,11.0528,11.0528,11.0528,0
2003-07-14,11.1341,11.1341,11.0528,11.0528,500
2003-07-15,11.0528,11.0528,11.0528,11.0528,0
2003-07-16,11.1341,11.1341,11.1341,11.1341,500
2003-07-17,11.0528,11.1341,11.0528,11.0528,600
2003-07-18,11.1341,11.1341,11.0528,11.0528,3700
2003-07-21,11.0528,11.2369,11.0528,11.2369,19700
2003-07-22,11.2369,11.2369,11.0699,11.0699,1500
2003-07-23,11.2362,11.3483,11.1341,11.1341,3100
2003-07-24,11.1341,11.1341,11.0906,11.1341,5200
2003-07-25,11.1341,11.1341,11.1341,11.1341,0
2003-07-28,11.1341,11.1341,11.1341,11.1341,0
2003-07-29,11.1341,11.1341,11.1341,11.1341,0
2003-07-30,11.3483,11.3483,11.1777,11.2412,1900
2003-07-31,11.1777,11.2412,11.1777,11.1777,4500
2003-08-01,11.1777,11.3483,11.1777,11.3483,1100
2003-08-04,11.3483,11.3483,11.1777,11.1777,1400
2003-08-05,11.1770,11.2198,11.1341,11.1341,3500
2003-08-06,11.1341,11.1341,11.1341,11.1341,0
2003-08-07,11.1770,11.1770,11.0485,11.1556,2900
2003-08-08,11.1341,11.1341,11.0485,11.1341,4400
2003-08-11,11.1556,11.1556,11.1556,11.1556,100
2003-08-12,11.0485,11.1556,11.0485,11.1556,200
2003-08-13,11.0699,11.0699,11.0699,11.0699,1200
2003-08-14,11.1341,11.1341,11.1341,11.1341,300
2003-08-15,11.1341,11.1556,11.0913,11.0913,6500
2003-08-18,11.0913,11.0913,11.0913,11.0913,800
2003-08-19,11.2412,11.2412,11.2412,11.2412,200
2003-08-20,11.0906,11.0906,11.0906,11.0906,500
2003-08-21,11.0906,11.0906,11.0906,11.0906,1300
2003-08-22,11.0913,11.0913,11.0913,11.0913,0
2003-08-25,11.2412,11.3483,11.2412,11.3483,1000
2003-08-26,11.0906,11.1341,11.0906,11.1341,3100
2003-08-27,11.0906,11.0906,11.0906,11.0906,1000
2003-08-28,11.0913,11.0913,11.0913,11.0913,0
2003-08-29,11.1341,11.1341,11.0906,11.1341,12200
2003-09-02,11.2412,11.2412,11.2412,11.2412,100
2003-09-03,11.2412,11.2412,11.1341,11.1977,21200
2003-09-04,11.1341,11.1341,11.1341,11.1341,3100
2003-09-05,11.1341,11.2412,11.1341,11.2412,2800
2003-09-08,11.2412,11.2412,11.1341,11.1341,1400
2003-09-09,11.1341,11.1341,11.0913,11.0913,2900
2003-09-10,11.0913,11.1341,11.0913,11.0913,3100
2003-09-11,11.1341,11.1341,11.1341,11.1341,400
2003-09-12,11.0913,11.0913,11.0913,11.0913,700
2003-09-15,11.0913,11.0913,11.0913,11.0913,1000
2003-09-16,11.0913,11.1341,11.0913,11.0913,3200
2003-09-17,11.0913,11.1770,11.0913,11.1770,3100
2003-09-18,11.1341,11.1341,11.1341,11.1341,200
2003-09-19,11.1341,11.1341,11.1341,11.1341,0
2003-09-22,11.1127,11.1127,11.1127,11.1127,100
2003-09-23,11.1770,11.1770,11.1770,11.1770,100
2003-09-24,11.1777,11.3483,11.1341,11.3483,17800
2003-09-25,11.1341,11.4988,11.1341,11.3483,3300
2003-09-26,11.3483,11.3483,11.3483,11.3483,0
2003-09-29,11.3483,11.5406,11.3483,11.3483,2100
2003-09-30,11.1341,11.3483,11.1341,11.3483,500
2003-10-01,11.1341,11.1341,11.1341,11.1341,500
2003-10-02,11.2241,11.2241,11.2241,11.2241,1700
2003-10-03,11.1802,11.3320,11.1802,11.3320,4100
2003-10-06,11.1802,11.2241,11.1802,11.1802,2300
2003-10-07,11.1809,11.3320,11.1809,11.1809,1300
2003-10-08,11.2241,11.2241,11.2241,11.2241,400
2003-10-09,11.1809,11.1809,11.1809,11.1809,600
2003-10-10,11.2021,11.2460,11.1802,11.1802,5600
2003-10-13,11.1802,11.1802,11.1802,11.1802,200
2003-10-14,11.1802,11.1802,11.1802,11.1802,600
2003-10-15,11.3320,11.3320,11.3320,11.3320,500
2003-10-16,11.1802,11.1802,11.1802,11.1802,200
2003-10-17,11.1809,11.1809,11.1809,11.1809,900
2003-10-20,11.2241,11.2679,11.2021,11.2241,59200
2003-10-21,11.3320,11.3320,11.2241,11.2241,500
2003-10-22,11.3320,11.3320,11.2241,11.3320,3300
2003-10-23,11.3320,11.3320,11.3320,11.3320,0
2003-10-24,11.2241,11.3104,11.2241,11.3104,1000
2003-10-27,11.3104,11.3104,11.3104,11.3104,0
2003-10-28,11.3104,11.3104,11.3104,11.3104,0
2003-10-29,11.2241,11.3104,11.2241,11.3104,600
2003-10-30,11.3234,11.3234,11.2241,11.2672,10600
2003-10-31,11.2241,11.2241,11.2241,11.2241,300
2003-11-03,11.3234,11.3234,11.3234,11.3234,2200
2003-11-04,11.2241,11.3234,11.2241,11.2888,3500
2003-11-05,11.2888,11.2888,11.2241,11.2241,1300
2003-11-06,11.2888,11.2888,11.2888,11.2888,400
2003-11-07,11.2888,11.2888,11.2241,11.2241,1000
2003-11-10,11.2241,11.2241,11.2241,11.2241,2200
2003-11-11,11.2888,11.2888,11.2241,11.2241,500
2003-11-12,11.2241,11.2241,11.1809,11.1809,85000
2003-11-13,11.2241,11.2672,11.1377,11.1377,21000
2003-11-14,11.1377,11.2241,11.1377,11.2241,2600
2003-11-17,11.1377,11.2241,11.1377,11.2241,1200
2003-11-18,11.2241,11.2241,11.2241,11.2241,500
2003-11-19,11.1377,11.1377,11.1377,11.1377,1200
2003-11-20,11.1377,11.2241,11.1377,11.2241,900
2003-11-21,11.1377,11.1377,11.1377,11.1377,1200
2003-11-24,11.1377,11.1377,11.1377,11.1377,200
2003-11-25,11.2241,11.2241,11.2241,11.2241,600
2003-11-26,11.2241,11.2241,11.2241,11.2241,0
2003-11-28,11.2241,11.2241,11.2241,11.2241,300
2003-12-01,11.2241,11.2241,11.2241,11.2241,400
2003-12-02,11.1377,11.2241,11.1377,11.2241,200
2003-12-03,11.2241,11.2241,11.2241,11.2241,800
2003-12-04,11.1377,11.2241,11.1377,11.2025,1100
2003-12-05,11.2241,11.2241,11.2241,11.2241,400
2003-12-08,11.2241,11.2241,11.2241,11.2241,0
2003-12-09,11.2241,11.2241,11.1377,11.1377,1900
2003-12-10,11.2025,11.2025,11.2025,11.2025,300
2003-12-11,11.1377,11.2241,11.1377,11.2025,5800
2003-12-12,11.2025,11.2025,11.1377,11.2025,5400
2003-12-15,11.2025,11.2025,11.2025,11.2025,1400
2003-12-16,11.1377,11.2025,11.1377,11.1809,28900
2003-12-17,11.2025,11.3104,11.1377,11.3104,23400
2003-12-18,11.3104,11.4399,11.3104,11.3104,800
2003-12-19,11.2672,11.2888,11.2672,11.2888,1500
2003-12-22,11.2241,11.2888,11.2241,11.2888,8800
2003-12-23,11.2888,11.2888,11.2888,11.2888,400
2003-12-24,11.1729,11.1729,11.1729,11.1729,0
2003-12-26,11.3165,11.3165,11.3165,11.3165,700
2003-12-29,11.3165,11.7518,11.3165,11.3165,800
2003-12-30,11.3165,11.5341,11.3165,11.5341,1100
2003-12-31,11.3165,11.7518,11.3165,11.7518,300
2004-01-02,11.5341,11.6430,11.5341,11.5733,1900
2004-01-05,11.4253,11.4689,11.3600,11.4689,22600
2004-01-06,11.4689,11.5341,11.3600,11.3600,10600
2004-01-07,11.5341,11.6430,11.3600,11.5341,16100
2004-01-08,11.7518,11.7518,11.4253,11.4906,2100
2004-01-09,11.4906,11.4906,11.4906,11.4906,600
2004-01-12,11.4906,11.6430,11.4253,11.6430,1900
2004-01-13,11.7518,11.7518,11.5341,11.7518,2500
2004-01-14,11.7518,11.7518,11.6430,11.6647,2900
2004-01-15,11.7518,11.7518,11.7518,11.7518,500
2004-01-16,11.6430,11.6430,11.6430,11.6430,400
2004-01-20,11.7518,11.7518,11.6647,11.7518,46000
2004-01-21,11.7518,11.7518,11.7474,11.7518,800
2004-01-22,11.7518,11.7518,11.7518,11.7518,800
2004-01-23,11.7518,11.7518,11.7474,11.7518,2200
2004-01-26,11.7082,11.7518,11.7082,11.7518,2500
2004-01-27,11.7082,11.7518,11.7082,11.7518,1800
2004-01-28,11.7518,11.7518,11.7300,11.7300,1100
2004-01-29,11.7082,11.7082,11.4689,11.4906,8200
2004-01-30,11.5777,11.7082,11.4906,11.4906,1400
2004-02-02,11.6430,11.6430,11.6212,11.6212,2000
2004-02-03,11.5994,11.5994,11.4689,11.4993,800
2004-02-04,11.4471,11.5341,11.4471,11.5341,5000
2004-02-05,11.5341,11.5341,11.4471,11.5341,11000
2004-02-06,11.4471,11.4471,11.4471,11.4471,300
2004-02-09,11.5341,11.5341,11.4471,11.4558,1600
2004-02-10,11.4906,11.4906,11.4906,11.4906,700
2004-02-11,11.5341,11.5341,11.4471,11.5124,2200
2004-02-12,11.4471,11.5341,11.4471,11.4689,6700
2004-02-13,11.4689,11.4689,11.4689,11.4689,0
2004-02-17,11.4471,11.5341,11.4471,11.5341,4200
2004-02-18,11.4471,11.4471,11.4471,11.4471,2000
2004-02-19,11.4471,11.5341,11.4471,11.4471,9100
2004-02-20,11.5341,11.5341,11.4471,11.4471,600
2004-02-23,11.4471,11.4471,11.4471,11.4471,0
2004-02-24,11.4471,11.4471,11.4471,11.4471,6400
2004-02-25,11.4253,11.4906,11.3165,11.3165,22500
2004-02-26,11.3165,11.3165,11.3165,11.3165,0
2004-02-27,11.4253,11.4253,11.3165,11.3165,1300
2004-03-01,11.3165,11.4036,11.3165,11.4036,1700
2004-03-02,11.3165,11.3165,11.2077,11.2077,45700
2004-03-03,11.2077,11.2077,11.2077,11.2077,0
2004-03-04,11.2077,11.2077,11.2077,11.2077,0
2004-03-05,11.3165,11.3165,11.3165,11.3165,5300
2004-03-08,11.3165,11.3165,11.3165,11.3165,0
2004-03-09,11.2077,11.3165,11.2077,11.3165,1400
2004-03-10,11.3165,11.3165,11.3165,11.3165,200
2004-03-11,11.3165,11.3165,11.3165,11.3165,0
2004-03-12,11.2077,11.3165,11.2077,11.3165,300
2004-03-15,11.3165,11.3165,11.2077,11.2948,800
2004-03-16,11.2948,11.2948,11.2948,11.2948,0
2004-03-17,11.3122,11.3122,11.2077,11.2730,1400
2004-03-18,11.2295,11.2295,10.9901,11.0989,37000
2004-03-19,11.0989,11.0989,11.0989,11.0989,300
2004-03-22,10.9683,10.9683,10.8813,10.8813,900
2004-03-23,10.8813,10.8813,10.8813,10.8813,1000
2004-03-24,11.0336,11.0554,10.9248,10.9683,43600
2004-03-25,10.9683,10.9683,10.9683,10.9683,0
2004-03-26,10.9683,10.9683,10.9683,10.9683,0
2004-03-29,10.9030,10.9030,10.9030,10.9030,700
2004-03-30,10.9030,10.9030,10.9030,10.9030,0
2004-03-31,10.9901,10.9901,10.9030,10.9030,4200
2004-04-01,10.9988,10.9988,10.9988,10.9988,1100
2004-04-02,11.0646,11.0646,11.0207,11.0207,19300
2004-04-05,11.0866,11.0866,11.0866,11.0866,100
2004-04-06,11.0866,11.0866,11.0207,11.0866,1600
2004-04-07,11.0427,11.0866,11.0427,11.0866,1400
2004-04-08,11.0866,11.0866,11.0207,11.0207,1100
2004-04-12,11.0866,11.1525,11.0866,11.1086,2500
2004-04-13,11.1086,11.1086,11.1086,11.1086,100
2004-04-14,11.1086,11.1086,11.1086,11.1086,0
2004-04-15,11.0646,11.1525,11.0646,11.1525,1500
2004-04-16,11.1525,11.1525,11.1525,11.1525,0
2004-04-19,11.0646,11.1744,11.0646,11.1744,2300
2004-04-20,11.1964,11.1964,11.1086,11.1964,32300
2004-04-21,11.1964,11.1964,11.1744,11.1744,800
2004-04-22,11.1964,11.1964,11.0646,11.0646,1800
2004-04-23,11.0646,11.0646,11.0207,11.0207,3700
2004-04-26,11.1744,11.1744,11.1744,11.1744,8300
2004-04-27,11.1525,11.1525,11.1525,11.1525,700
2004-04-28,11.0207,11.1744,11.0076,11.1744,2400
2004-04-29,11.1744,11.1744,11.1744,11.1744,0
2004-04-30,11.0120,11.0120,11.0120,11.0120,3000
2004-05-03,11.0120,11.0251,11.0076,11.0251,10500
2004-05-04,11.0076,11.0866,10.9768,11.0866,12400
2004-05-05,11.0866,11.0866,11.0076,11.0866,800
2004-05-06,11.1744,11.1744,11.0866,11.0866,300
2004-05-07,11.0866,11.0866,10.9768,10.9768,7300
2004-05-10,11.0427,11.0427,10.9549,10.9768,6600
2004-05-11,10.9768,10.9768,10.9549,10.9768,1100
2004-05-12,10.9549,10.9768,10.9549,10.9768,19000
2004-05-13,10.9549,10.9549,10.9549,10.9549,1000
2004-05-14,10.9768,10.9768,10.9549,10.9768,900
2004-05-17,10.9768,10.9768,10.9768,10.9768,400
2004-05-18,10.9768,10.9768,10.9768,10.9768,300
2004-05-19,10.9768,10.9768,10.9768,10.9768,0
2004-05-20,10.9768,10.9768,10.9768,10.9768,0
2004-05-21,10.9549,10.9768,10.9549,10.9549,20400
2004-05-24,10.9768,10.9988,10.9549,10.9988,9000
2004-05-25,10.9549,10.9988,10.9549,10.9768,1000
2004-05-26,10.9329,10.9768,10.9329,10.9768,2600
2004-05-27,10.9219,10.9768,10.9219,10.9768,300
2004-05-28,10.9219,10.9549,10.9219,10.9549,900
2004-06-01,10.9768,10.9768,10.9768,10.9768,300
2004-06-02,10.9768,10.9768,10.9768,10.9768,100
2004-06-03,10.9768,10.9768,10.8671,10.8671,3500
2004-06-04,10.9549,10.9768,10.8671,10.9549,2300
2004-06-07,10.8671,10.9768,10.8671,10.9768,600
2004-06-08,10.9110,11.0207,10.8671,10.8671,7400
2004-06-09,11.0207,11.0207,10.9768,10.9768,4500
2004-06-10,10.9110,10.9110,10.6914,10.7353,3800
2004-06-14,10.7573,10.9329,10.7353,10.9329,500
2004-06-15,10.7792,10.7792,10.7792,10.7792,1600
2004-06-16,10.7792,10.7792,10.7792,10.7792,3500
2004-06-17,10.7353,10.7353,10.7353,10.7353,200
2004-06-18,10.7353,11.1744,10.7353,11.1744,8300
2004-06-21,10.9768,10.9768,10.9768,10.9768,400
2004-06-22,10.9768,11.0866,10.9768,10.9768,1100
2004-06-23,11.0866,11.0866,11.0866,11.0866,400
2004-06-24,10.9768,10.9768,10.8671,10.9768,1400
2004-06-25,10.9768,10.9768,10.9768,10.9768,300
2004-06-28,10.9768,10.9768,10.9768,10.9768,200
2004-06-29,10.9768,10.9768,10.9329,10.9768,1100
2004-06-30,10.9768,11.0866,10.9768,11.0646,2100
2004-07-01,10.9768,10.9768,10.9768,10.9768,1000
2004-07-02,11.0866,11.0866,11.0866,11.0866,1900
2004-07-06,11.2052,11.2052,11.2052,11.2052,200
2004-07-07,11.2052,11.2052,11.1166,11.1166,600
2004-07-08,11.1830,11.1830,11.1387,11.1387,3100
2004-07-09,11.1830,11.2052,11.1166,11.2052,1600
2004-07-12,11.0723,11.0723,10.9837,10.9837,5400
2004-07-13,10.9837,11.0723,10.9837,11.0723,1300
2004-07-14,10.9837,11.0723,10.9837,11.0723,700
2004-07-15,11.0723,11.1166,11.0723,11.0723,2600
2004-07-16,11.0723,11.0723,11.0723,11.0723,700
2004-07-19,11.0280,11.0679,11.0280,11.0280,2900
2004-07-20,11.0723,11.1166,11.0723,11.0819,18700
2004-07-21,11.1166,11.1166,11.0723,11.0723,600
2004-07-22,11.0058,11.0058,11.0058,11.0058,400
2004-07-23,10.9837,10.9837,10.9394,10.9394,1000
2004-07-26,10.9394,11.1166,10.9394,11.1166,4500
2004-07-27,10.9394,11.1166,10.9394,11.1166,600
2004-07-28,10.9394,10.9394,10.9394,10.9394,600
2004-07-29,11.0723,11.0723,10.8730,11.0723,3000
2004-07-30,10.8730,10.9616,10.8730,10.9616,3300
2004-08-02,10.8508,10.8508,10.8508,10.8508,400
2004-08-03,10.9616,11.0501,10.9616,11.0501,700
2004-08-04,10.9616,10.9616,10.8508,10.8508,600
2004-08-05,11.0723,11.0723,10.8287,10.8287,2900
2004-08-06,10.8287,10.8287,10.8287,10.8287,0
2004-08-09,11.0723,11.0723,10.7180,10.7180,400
2004-08-10,10.9616,10.9616,10.7180,10.8508,1000
2004-08-11,10.8508,10.8508,10.8508,10.8508,400
2004-08-12,10.8508,10.9616,10.8508,10.9616,1300
2004-08-13,10.9616,10.9616,10.9616,10.9616,700
2004-08-16,10.9616,10.9616,10.8951,10.9173,2000
2004-08-17,10.8287,11.0058,10.8287,10.9616,1600
2004-08-18,10.8951,10.8951,10.7180,10.7180,2900
2004-08-19,10.7180,10.8065,10.7180,10.7844,600
2004-08-20,10.7844,10.7844,10.7401,10.7844,900
2004-08-23,10.7844,10.8287,10.7844,10.8287,1100
2004-08-24,10.7623,11.0723,10.7623,11.0723,3600
2004-08-25,10.7623,11.0501,10.7623,10.7623,2100
2004-08-26,11.0723,11.0723,10.8508,10.8508,1000
2004-08-27,10.9616,10.9837,10.9616,10.9837,1000
2004-08-30,10.9394,10.9394,10.9394,10.9394,300
2004-08-31,11.0723,11.1830,10.9394,10.9837,3300
2004-09-01,11.1830,11.1830,11.1830,11.1830,200
2004-09-02,11.1830,11.1830,10.9837,10.9837,2300
2004-09-03,10.9837,10.9837,10.9837,10.9837,0
2004-09-07,11.0723,11.0723,11.0723,11.0723,200
2004-09-08,10.9837,10.9837,10.9616,10.9616,2300
2004-09-09,10.8730,10.8730,10.8730,10.8730,600
2004-09-10,10.8730,10.8730,10.8730,10.8730,0
2004-09-13,11.0723,11.0723,10.8508,10.8508,500
2004-09-14,10.8508,10.8508,10.8508,10.8508,3100
2004-09-15,10.8508,10.8508,10.8508,10.8508,1000
2004-09-16,10.8508,11.1166,10.8508,10.9173,7100
2004-09-17,10.9306,10.9306,10.9306,10.9306,3700
2004-09-20,10.8730,11.1166,10.8730,11.0723,6000
2004-09-21,11.2937,11.4045,11.2937,11.4045,3200
2004-09-22,11.2937,11.5152,11.2937,11.4709,17400
2004-09-23,11.2937,11.2937,11.2937,11.2937,400
2004-09-24,11.2937,11.5152,11.2937,11.2937,900
2004-09-27,11.3159,11.3159,10.9616,10.9616,4600
2004-09-28,10.9616,11.1166,10.9616,10.9837,13600
2004-09-29,10.9837,11.0723,10.9616,11.0723,7000
2004-09-30,11.0723,11.0723,11.0723,11.0723,0
2004-10-01,11.0576,11.2140,11.0576,11.2140,3600
2004-10-04,11.0576,11.0576,11.0576,11.0576,800
2004-10-05,11.1470,11.1470,11.1470,11.1470,500
2004-10-06,11.0800,11.1470,11.0800,11.1470,3900
2004-10-07,11.1023,11.1693,11.0800,11.1023,2400
2004-10-08,11.1247,11.1693,11.1247,11.1693,900
2004-10-11,11.1693,11.1693,11.1693,11.1693,0
2004-10-12,11.1693,11.2900,11.1693,11.1693,15700
2004-10-13,11.1693,11.1693,11.1693,11.1693,0
2004-10-14,11.1693,11.1693,11.1693,11.1693,200
2004-10-15,11.3927,11.3927,11.1693,11.3927,900
2004-10-18,11.3927,11.3927,11.1693,11.2140,3800
2004-10-19,11.1917,11.2810,11.1917,11.2810,3600
2004-10-20,11.2810,11.2810,11.2810,11.2810,300
2004-10-21,11.5491,11.5491,11.1917,11.1917,21200
2004-10-22,11.1917,11.1917,11.1917,11.1917,0
2004-10-25,11.1917,11.3927,11.1917,11.1917,3400
2004-10-26,11.1917,11.2810,11.1917,11.2810,2100
2004-10-27,11.2363,11.2810,11.2363,11.2810,3800
2004-10-28,11.2810,11.2810,11.1247,11.1247,5500
2004-10-29,11.1023,11.1693,11.0621,11.1693,1200
2004-11-01,11.0800,11.1023,11.0800,11.1023,3000
2004-11-02,11.1693,11.2363,11.1693,11.2363,600
2004-11-03,11.0800,11.0800,11.0800,11.0800,400
2004-11-04,11.1693,11.1693,11.1693,11.1693,100
2004-11-05,11.1693,11.1693,11.1247,11.1247,700
2004-11-08,11.1693,11.1693,11.1247,11.1470,2100
2004-11-09,11.1247,11.1470,11.1247,11.1247,1700
2004-11-10,11.0800,11.0800,11.0800,11.0800,700
2004-11-11,11.0800,11.1470,11.0800,11.0800,1500
2004-11-12,11.1470,11.1470,11.1470,11.1470,300
2004-11-15,11.0800,11.1470,11.0800,11.1023,2400
2004-11-16,11.1470,11.2140,11.1470,11.2095,23200
2004-11-17,11.1693,11.1693,11.0800,11.1693,5700
2004-11-18,11.1247,11.1247,11.1247,11.1247,300
2004-11-19,11.2810,11.5044,11.2810,11.4597,15400
2004-11-22,11.2810,11.4508,11.2810,11.4508,11100
2004-11-23,11.3927,11.3927,11.2810,11.2810,2500
2004-11-24,11.3034,11.5044,11.3034,11.5044,800
2004-11-26,11.5044,11.5938,11.3034,11.3034,13500
2004-11-29,11.3480,11.3704,11.3480,11.3704,600
2004-11-30,11.3927,11.5938,11.3927,11.5938,400
2004-12-01,11.5938,11.6161,11.3927,11.5938,11700
2004-12-02,11.6161,11.6608,11.5938,11.6608,4700
2004-12-03,11.6608,11.6608,11.6161,11.6340,3800
2004-12-06,11.5714,11.6608,11.5714,11.6608,3400
2004-12-07,11.6161,11.6608,11.5714,11.6161,2500
2004-12-08,11.6161,11.6161,11.6161,11.6161,3200
2004-12-09,11.6161,11.6161,11.6161,11.6161,0
2004-12-10,11.5938,11.6161,11.5938,11.6161,500
2004-12-13,11.5938,11.5938,11.5938,11.5938,400
2004-12-14,11.5938,11.5938,11.5938,11.5938,0
2004-12-15,11.7055,11.7278,11.6608,11.7278,2100
2004-12-16,11.6608,11.8395,11.6608,11.8395,2100
2004-12-17,11.6608,11.6608,11.6608,11.6608,300
2004-12-20,11.6608,11.6608,11.6608,11.6608,0
2004-12-21,11.7055,11.7278,11.7055,11.7278,1500
2004-12-22,11.8395,11.8395,11.7278,11.7278,1500
2004-12-23,11.7278,11.7278,11.7278,11.7278,0
2004-12-27,11.8395,11.8395,11.8395,11.8395,400
2004-12-28,11.7121,12.1626,11.7121,12.1626,400
2004-12-29,11.7121,11.7121,11.7121,11.7121,200
2004-12-30,12.1626,12.1626,12.1626,12.1626,400
2004-12-31,12.1626,12.1626,12.1626,12.1626,0
2005-01-03,12.8383,12.8383,11.9374,12.1626,3700
2005-01-04,12.3878,12.3878,12.2752,12.2752,500
2005-01-05,12.4329,12.4329,12.3878,12.3878,1300
2005-01-06,12.3878,12.3878,12.3878,12.3878,500
2005-01-07,12.3878,12.7257,12.3878,12.7167,500
2005-01-10,12.3878,12.6131,12.3878,12.4554,9400
2005-01-11,12.4554,12.6356,12.4554,12.5005,1800
2005-01-12,12.7257,13.0635,12.4779,13.0635,5600
2005-01-13,13.5140,13.8519,13.0635,13.7392,6400
2005-01-14,13.7347,13.9600,13.1086,13.7392,12000
2005-01-18,13.6266,14.2573,13.4239,14.1267,18000
2005-01-19,14.4149,14.4149,13.7392,13.8519,2800
2005-01-20,13.8519,14.4195,13.7392,14.3023,21400
2005-01-21,13.8519,13.9424,13.7392,13.7392,17100
2005-01-24,13.5365,13.9645,13.5365,13.9645,1600
2005-01-25,13.9645,13.9645,13.7392,13.7392,1300
2005-01-26,13.5455,13.8519,13.5365,13.7392,10400
2005-01-27,13.7392,13.8068,13.5816,13.7392,2800
2005-01-28,13.7613,13.8068,13.5365,13.5365,2800
2005-01-31,13.8293,13.8293,13.5501,13.5501,1100
2005-02-01,13.7843,13.8293,13.6266,13.6266,3400
2005-02-02,13.8519,13.9194,13.6266,13.9194,1100
2005-02-03,13.9645,13.9645,13.7397,13.9645,500
2005-02-04,13.7392,13.8879,13.6266,13.8879,1900
2005-02-07,13.9645,14.2573,13.8654,14.0095,6900
2005-02-08,13.9645,14.0321,13.9645,13.9690,12200
2005-02-09,14.0095,14.0275,13.9870,14.0275,2700
2005-02-10,13.9645,14.0501,13.9645,13.9645,5000
2005-02-11,13.8744,13.9645,13.8744,13.8969,3900
2005-02-14,14.0321,14.0501,13.9014,13.9104,3400
2005-02-15,13.8519,14.0501,13.6762,13.6762,4200
2005-02-16,13.9870,13.9870,13.5140,13.5140,4600
2005-02-17,13.5140,13.9861,13.4690,13.9636,1000
2005-02-18,13.4059,13.6311,13.2437,13.2437,1500
2005-02-22,13.2437,13.5942,13.2437,13.4280,3800
2005-02-23,13.8469,13.8469,13.2437,13.2437,1600
2005-02-24,13.4464,13.4464,13.3960,13.3960,1400
2005-02-25,13.2437,13.3473,13.2437,13.3428,8600
2005-02-28,13.4464,13.9870,13.3564,13.5136,8800
2005-03-01,13.7392,14.0546,13.5140,14.0095,7700
2005-03-02,14.0501,14.0546,13.7573,14.0546,16700
2005-03-03,14.0546,14.0546,14.0546,14.0546,0
2005-03-04,13.9645,14.1397,13.7582,13.9329,0
2005-03-07,14.1852,14.5276,14.1852,14.1987,2000
2005-03-08,14.1906,14.1906,14.1906,14.1906,100
2005-03-09,14.1005,14.1005,13.5140,13.7077,2500
2005-03-10,13.4690,13.7077,13.4239,13.7032,900
2005-03-11,13.4014,13.5185,13.2888,13.5140,6800
2005-03-14,13.5140,13.5140,13.5140,13.5140,0
2005-03-15,13.5591,13.5591,13.5365,13.5370,1900
2005-03-16,13.6041,13.6041,13.5816,13.5816,500
2005-03-17,13.5816,13.5816,13.5816,13.5816,0
2005-03-18,13.6447,13.6447,13.6447,13.6447,300
2005-03-21,13.1676,13.1852,13.1676,13.1852,1200
2005-03-22,13.2888,13.2888,13.1536,13.1536,2100
2005-03-23,13.0635,13.0635,12.7933,12.7933,1500
2005-03-24,13.3536,13.3536,13.3536,13.3536,100
2005-03-28,13.5095,13.5095,12.7302,13.3068,2800
2005-03-29,12.8162,13.0681,12.7302,13.0590,2200
2005-03-30,13.2798,13.2798,12.7257,12.9960,1200
2005-03-31,12.9464,12.9555,12.9419,12.9464,600
2005-04-01,12.7739,12.7739,12.4197,12.4197,5600
2005-04-04,12.3743,12.3743,11.9202,11.9519,40200
2005-04-05,12.0382,12.0382,11.8066,11.8838,12400
2005-04-06,11.8975,11.9429,11.8884,11.9202,4200
2005-04-07,11.9147,11.9837,11.9020,11.9020,1800
2005-04-08,11.8066,11.8066,11.8066,11.8066,100
2005-04-11,11.7158,11.9878,11.7158,11.9878,200
2005-04-12,11.8066,12.3288,11.7431,12.2380,4000
2005-04-13,12.2562,13.2371,12.2562,12.5968,9600
2005-04-14,12.7139,13.2598,12.7139,13.2598,6400
2005-04-15,12.7148,13.8047,12.7148,13.6230,13000
2005-04-18,13.2643,13.3960,13.2371,13.3960,1300
2005-04-19,13.6185,13.6185,13.1826,13.1826,900
2005-04-20,13.3960,13.6003,13.2507,13.3960,28300
2005-04-21,13.3905,13.3960,13.3052,13.3914,4500
2005-04-22,13.3960,13.3960,13.1689,13.1689,2500
2005-04-25,13.1689,13.1689,12.8556,12.8556,2000
2005-04-26,12.8147,13.1231,12.8147,12.9646,1900
2005-04-27,13.1508,13.1689,12.7602,13.1689,5300
2005-04-28,12.8329,13.0327,12.8329,13.0327,500
2005-04-29,13.1235,13.1689,13.1190,13.1689,1900
2005-05-02,13.1689,13.1689,12.5332,12.6694,1800
2005-05-03,13.1689,13.3960,13.1689,13.2098,7800
2005-05-04,12.9691,13.6230,12.9691,13.6230,5600
2005-05-05,13.5776,13.6230,13.1689,13.6230,6900
2005-05-06,13.5050,13.5095,12.4651,13.5095,5000
2005-05-09,12.4932,13.6230,12.4932,13.6230,6500
2005-05-10,13.6230,13.9772,13.3960,13.9772,7100
2005-05-11,14.0272,14.0499,13.9409,13.9863,2900
2005-05-12,14.0317,14.0317,13.9818,13.9818,2900
2005-05-13,14.5449,14.5449,13.5322,14.0090,18300
2005-05-16,13.3052,14.0090,13.3052,13.9818,5900
2005-05-17,13.9818,13.9818,13.6185,13.6230,6600
2005-05-18,13.9636,13.9636,12.8284,13.0554,6300
2005-05-19,13.0554,13.6003,13.0554,13.6003,2700
2005-05-20,13.2825,13.5640,12.8284,13.4051,5900
2005-05-23,13.0145,13.6003,13.0145,13.3869,4400
2005-05-24,13.3052,13.6230,13.3052,13.5095,4700
2005-05-25,13.3052,14.0226,13.3052,13.9818,7900
2005-05-26,13.4232,13.9863,13.4232,13.9364,3100
2005-05-27,13.9727,14.7447,13.6230,14.7447,37600
2005-05-31,14.5312,14.5312,13.9454,14.0998,7500
2005-06-01,13.9409,14.0090,13.6866,13.8365,3000
2005-06-02,13.7911,14.5312,13.7911,14.5267,11400
2005-06-03,14.3905,14.5267,14.3905,14.4177,2600
2005-06-06,14.5176,14.5267,14.5176,14.5176,8900
2005-06-07,14.5267,14.5312,14.2066,14.5312,36500
2005-06-08,14.4177,14.5630,14.4177,14.4813,5300
2005-06-09,14.6221,14.6221,14.5312,14.5312,28300
2005-06-10,14.6448,14.6448,13.7820,14.0454,10300
2005-06-13,14.0454,14.5767,14.0454,14.5721,18800
2005-06-14,13.7774,14.5767,13.7774,14.5585,5500
2005-06-15,14.1044,14.6766,14.1044,14.6766,12900
2005-06-16,14.1225,14.7992,14.1225,14.5857,9300
2005-06-17,14.8219,14.9853,14.8219,14.9354,3900
2005-06-20,14.1453,14.9853,14.1453,14.9808,13700
2005-06-21,14.9853,15.0943,14.5539,15.0943,9400
2005-06-22,15.0989,15.0989,14.5312,15.0671,9300
2005-06-23,14.8173,15.0080,14.6039,14.9717,2600
2005-06-24,14.9763,15.3713,14.5203,14.6221,477900
2005-06-27,14.7992,14.7992,13.9364,14.3269,42100
2005-06-28,14.2769,14.6084,13.9182,14.3042,14900
2005-06-29,14.2452,14.5312,14.1316,14.4586,16000
2005-06-30,14.6062,14.6245,13.9292,14.2906,20700
2005-07-01,14.1488,14.9676,14.1488,14.8898,15000
2005-07-05,14.9630,15.5485,14.9630,15.5257,9200
2005-07-06,15.1048,15.4388,15.0819,15.2695,5600
2005-07-07,15.1917,15.4022,14.7480,15.3610,12300
2005-07-08,15.3473,16.3536,15.3473,16.3056,6200
2005-07-11,16.5824,17.0352,16.5503,16.8797,18000
2005-07-12,16.9254,17.0169,16.7516,16.9941,19600
2005-07-13,16.9254,16.9254,16.5824,16.6098,13500
2005-07-14,16.7059,16.9254,16.7059,16.7653,6400
2005-07-15,16.6098,16.7104,16.4680,16.5915,4800
2005-07-18,16.4085,16.6967,16.4085,16.5046,5800
2005-07-19,16.5137,16.5275,16.3994,16.5137,4600
2005-07-20,16.5137,17.1587,16.4680,16.8980,21000
2005-07-21,17.0764,17.0764,16.6830,16.9254,10600
2005-07-22,16.6967,17.0490,16.6967,17.0490,14200
2005-07-25,17.0764,17.0856,15.3244,15.9053,42900
2005-07-26,15.8230,16.6967,15.3427,15.7773,16300
2005-07-27,15.6858,16.2667,15.3335,16.2667,3300
2005-07-28,16.5686,16.5686,15.6034,16.4131,5500
2005-07-29,16.4223,16.4223,15.1872,15.7978,11500
2005-08-01,15.9785,16.3765,15.9785,16.2942,7100
2005-08-02,16.3765,16.6281,16.3765,16.4680,2600
2005-08-03,16.3353,16.6921,16.3353,16.4451,4200
2005-08-04,16.2942,16.4680,15.2969,15.2969,5700
2005-08-05,15.2100,15.2100,14.0435,14.2814,5900
2005-08-08,14.3500,14.5788,14.1167,14.1167,3300
2005-08-09,14.1762,14.2677,14.1762,14.2677,500
2005-08-10,14.2174,14.2174,13.7279,13.7279,7800
2005-08-11,13.7233,13.7325,13.3116,13.4077,6000
2005-08-12,13.4946,13.7096,13.0372,13.5221,9600
2005-08-15,13.2750,13.2933,13.0372,13.2796,3200
2005-08-16,13.1515,13.1515,12.5294,12.6117,8200
2005-08-17,12.4562,12.4562,12.2687,12.2824,9900
2005-08-18,12.1863,12.4379,12.1680,12.3053,6100
2005-08-19,12.2458,12.5843,12.2458,12.5843,4000
2005-08-22,12.5889,12.8588,12.5889,12.7307,6900
2005-08-23,12.8313,13.1241,12.6987,13.0372,2400
2005-08-24,13.2430,13.7920,13.2430,13.7233,4700
2005-08-25,13.7233,13.7233,13.3254,13.3574,4100
2005-08-26,13.3254,13.4260,13.1698,13.1698,5300
2005-08-29,13.1561,13.1744,12.8862,13.0143,6000
2005-08-30,13.4077,13.4077,13.1287,13.1287,600
2005-08-31,13.3894,14.1259,13.3894,13.9612,4600
2005-09-01,14.1396,14.7160,14.0756,14.6519,3300
2005-09-02,14.7480,15.0865,14.7480,14.7663,4600
2005-09-06,14.9173,14.9173,14.4049,14.6428,5400
2005-09-07,14.6336,15.1002,14.6336,15.1002,2000
2005-09-08,14.9905,14.9905,14.1167,14.2951,3600
2005-09-09,14.1808,14.1808,14.0088,14.0664,2000
2005-09-12,14.2265,14.5010,14.0618,14.4415,3300
2005-09-13,14.4232,14.4232,14.1350,14.1762,1500
2005-09-14,13.8148,13.8606,13.6227,13.7233,3700
2005-09-15,13.6090,13.6593,13.3803,13.5449,6100
2005-09-16,13.6776,13.7233,13.4214,13.7050,34400
2005-09-19,13.6318,13.7233,13.1424,13.2522,5600
2005-09-20,13.3894,13.3894,12.7078,12.7901,4200
2005-09-21,12.6941,12.6987,12.1223,12.1223,6500
2005-09-22,12.0994,12.5248,12.0994,12.3739,2900
2005-09-23,12.4608,12.4882,12.1269,12.1726,5800
2005-09-26,12.1452,12.2138,12.0216,12.1452,4000
2005-09-27,12.0491,12.2641,12.0079,12.1406,3100
2005-09-28,12.1680,12.3739,11.7563,11.8224,6400
2005-09-29,11.6385,12.2229,11.6385,12.2229,16300
2005-09-30,12.1168,12.3198,12.1168,12.3198,4700
2005-10-03,12.3290,12.5736,12.3244,12.3936,1500
2005-10-04,12.5505,12.5551,12.0153,12.3798,3400
2005-10-05,12.2737,12.2737,11.7200,11.7200,12600
2005-10-06,11.7200,11.9415,11.0878,11.4108,11300
2005-10-07,11.5400,11.8953,11.5354,11.8953,700
2005-10-10,11.8999,12.1629,11.8815,12.1306,1200
2005-10-11,12.0753,12.0753,11.7846,11.7938,2100
2005-10-12,11.7661,11.8815,11.5622,11.5815,3100
2005-10-13,11.5123,11.5788,11.4201,11.5788,3900
2005-10-14,11.7477,12.0291,11.7200,12.0291,2200
2005-10-17,12.1814,12.4490,11.2539,11.4570,5900
2005-10-18,11.6554,11.6554,11.2124,11.3001,4500
2005-10-19,11.2124,11.9553,11.2124,11.9553,4800
2005-10-20,11.9922,11.9968,11.6508,11.8030,3400
2005-10-21,11.8907,12.6889,11.8907,12.5459,31400
2005-10-24,12.5551,12.5551,11.7338,12.5459,13000
2005-10-25,12.4259,12.5090,11.9738,12.5090,1500
2005-10-26,12.5367,12.5413,12.3152,12.3152,2700
2005-10-27,12.3752,12.3752,11.6738,11.6738,2100
2005-10-28,11.7661,12.4306,11.6739,12.4306,2500
2005-10-31,12.5459,12.5644,12.3890,12.5644,8200
2005-11-01,12.4675,12.6889,11.9738,12.4813,4400
2005-11-02,12.5690,12.6889,12.5367,12.6889,4300
2005-11-03,12.6889,12.6889,12.6197,12.6566,7000
2005-11-04,12.6889,12.6889,11.9784,12.0660,13600
2005-11-07,12.0983,12.1076,12.0199,12.1076,1000
2005-11-08,12.0891,12.0891,11.9045,12.0799,2700
2005-11-09,12.5321,12.6797,12.5321,12.6797,1400
2005-11-10,12.5921,12.6889,12.3706,12.6751,4300
2005-11-11,12.6013,12.6889,12.6013,12.6889,2100
2005-11-14,12.6843,12.6843,12.2321,12.4167,8900
2005-11-15,12.2737,12.4905,12.0937,12.2137,8800
2005-11-16,12.4536,12.4536,11.9968,12.1076,3900
2005-11-17,12.2321,12.2321,12.0199,12.1399,2800
2005-11-18,12.4952,12.4952,12.4121,12.4121,2400
2005-11-21,12.5921,12.6889,12.5228,12.6889,4800
2005-11-22,12.6889,12.7905,12.6889,12.7812,1400
2005-11-23,12.8043,12.9104,12.6936,12.8966,9600
2005-11-25,12.9197,13.1365,12.5874,12.8274,8200
2005-11-28,12.7397,12.7397,12.4490,12.5136,2300
2005-11-29,12.5736,12.5736,12.5090,12.5690,1400
2005-11-30,12.5690,12.8966,12.5690,12.8966,11700
2005-12-01,12.9150,13.5933,12.9150,13.3488,19100
2005-12-02,13.2103,13.3442,12.9243,13.0535,6200
2005-12-05,13.1457,13.1504,13.0996,13.1504,2600
2005-12-06,13.2103,13.3765,13.1965,13.2196,1600
2005-12-07,13.0858,13.1042,13.0627,13.0812,4100
2005-12-08,12.9197,12.9197,12.7259,12.8735,900
2005-12-09,12.5275,13.3718,12.5275,13.3718,3300
2005-12-12,13.3811,13.3811,13.3211,13.3765,1300
2005-12-13,13.3811,13.3811,13.1965,13.1965,2300
2005-12-14,13.3626,13.3811,13.3626,13.3811,2400
2005-12-15,13.1965,13.2796,13.0489,13.2796,2600
2005-12-16,13.3119,13.3119,12.3060,12.5228,64500
2005-12-19,12.3198,12.3706,11.7661,11.7938,11700
2005-12-20,11.6877,12.0430,11.6508,11.8399,7300
2005-12-21,12.1768,12.1768,12.1768,12.1768,400
2005-12-22,12.4536,12.4536,11.8861,12.0799,2200
2005-12-23,12.0107,12.0107,11.7661,11.7661,1900
2005-12-27,11.8416,11.9580,11.5808,11.9300,1900
2005-12-28,11.8788,11.8788,11.7578,11.8649,1100
2005-12-29,11.8649,12.7123,11.7582,12.3631,8300
2005-12-30,12.2048,12.4283,11.7112,11.9347,13100
2006-01-03,12.4143,12.4143,11.6646,12.0418,7300
2006-01-04,12.0604,12.3398,12.0604,12.1070,3000
2006-01-05,12.3538,12.3864,12.1256,12.3724,2400
2006-01-06,12.3864,12.6099,12.3491,12.4097,1300
2006-01-09,12.4190,12.5773,12.3398,12.4842,7900
2006-01-10,12.4097,12.5633,12.4097,12.5633,1400
2006-01-11,12.4655,12.5354,12.3398,12.5121,8800
2006-01-12,12.3398,12.4469,12.3398,12.4469,2000
2006-01-13,12.5726,12.6611,12.4469,12.4842,3900
2006-01-17,12.8055,12.8055,12.3957,12.5773,6700
2006-01-18,12.5726,12.7822,12.5726,12.7822,1300
2006-01-19,12.7589,12.9591,12.7589,12.9591,5600
2006-01-20,13.0383,13.0383,12.8613,12.8613,23400
2006-01-23,12.9917,13.1547,12.8288,13.1407,1000
2006-01-24,13.1780,13.4341,13.1780,13.4294,3500
2006-01-25,13.1454,13.5319,13.1454,13.5319,3900
2006-01-26,13.5645,13.9230,13.4248,13.9230,2900
2006-01-27,13.9696,14.0767,13.5971,13.7647,5600
2006-01-30,14.0627,14.0627,13.6064,13.8253,2200
2006-01-31,13.8206,13.9370,13.5738,13.9370,5100
2006-02-01,13.5971,13.7368,12.5959,13.1687,14800
2006-02-02,13.2618,13.2618,12.5959,12.6425,9600
2006-02-03,12.6425,12.9545,12.6425,12.6425,2100
2006-02-06,12.6616,12.8008,12.6425,12.7962,4100
2006-02-07,12.8101,12.8101,12.5494,12.5494,1300
2006-02-08,12.4423,12.6565,12.2653,12.2653,2700
2006-02-09,12.2607,12.3538,12.1070,12.1070,2300
2006-02-10,12.1070,12.2001,11.7578,11.9114,4700
2006-02-13,11.8742,11.8742,11.5063,11.5994,21100
2006-02-14,11.4551,12.0837,11.4551,11.8881,4000
2006-02-15,12.1722,12.1722,11.9300,11.9300,1300
2006-02-16,12.2234,12.2234,11.9906,12.0837,13700
2006-02-17,12.1070,12.1070,12.0045,12.1070,3800
2006-02-21,12.0651,12.0651,11.6181,11.6181,4700
2006-02-22,11.6972,11.6972,11.5948,11.6134,11200
2006-02-23,11.6926,11.7857,11.5016,11.6600,11300
2006-02-24,11.6879,11.7531,11.6413,11.7531,5800
2006-02-27,11.6926,12.0511,11.6786,11.8323,2200
2006-02-28,11.7158,12.0278,11.6646,11.8649,4300
2006-03-01,11.7857,12.4190,11.7857,12.3771,14800
2006-03-02,12.4749,12.5168,12.2281,12.2700,5400
2006-03-03,12.2234,12.5726,11.8788,11.9300,4600
2006-03-06,11.7531,11.9673,11.6413,11.7857,6300
2006-03-07,11.6693,12.0930,11.6693,11.7531,800
2006-03-08,11.6926,11.7810,11.6413,11.6413,2600
2006-03-09,11.6414,11.6414,11.4085,11.4085,11900
2006-03-10,11.5948,11.7205,11.4318,11.7205,1100
2006-03-13,11.4597,11.7531,11.4365,11.5436,1100
2006-03-14,11.5994,11.6413,11.5016,11.6413,2800
2006-03-15,11.7438,12.0418,11.6283,11.8881,2400
2006-03-16,12.0185,12.1070,11.9300,11.9580,2900
2006-03-17,12.0791,12.1070,11.8276,11.8276,53300
2006-03-20,11.9068,11.9208,11.4551,11.5994,12900
2006-03-21,11.5063,11.7205,11.2921,11.2921,7800
2006-03-22,11.5249,11.7624,11.2921,11.5482,6200
2006-03-23,11.3759,11.3871,11.2222,11.2455,6400
2006-03-24,11.5016,11.6926,11.5016,11.6646,4500
2006-03-27,11.5482,11.5482,11.2362,11.4458,7000
2006-03-28,11.4458,11.4458,11.1757,11.1850,3800
2006-03-29,11.1990,11.8090,11.1990,11.8090,8400
2006-03-30,11.7999,12.0349,11.7764,11.7764,600
2006-03-31,11.7999,11.7999,11.3063,11.3768,3600
2006-04-03,11.3533,11.4614,11.2828,11.2828,4100
2006-04-04,11.2404,11.3298,11.1934,11.1934,8600
2006-04-05,11.1934,11.1934,11.1417,11.1417,11900
2006-04-06,11.1417,11.1417,10.8361,10.8973,14400
2006-04-07,11.0054,11.0101,10.7421,10.7562,11100
2006-04-10,10.7421,10.8126,10.4883,10.5541,4900
2006-04-11,10.5776,10.5964,10.5541,10.5541,4800
2006-04-12,10.6951,10.6951,10.5541,10.5588,4500
2006-04-13,10.5776,10.9772,10.5588,10.8785,4300
2006-04-17,11.0054,11.0524,10.6951,10.6951,3700
2006-04-18,10.7985,11.1652,10.7985,11.1652,6800
2006-04-19,11.0947,11.5413,11.0947,11.4896,6000
2006-04-20,11.5178,11.5178,11.2828,11.3627,3100
2006-04-21,11.5319,11.5742,11.0712,11.4238,29300
2006-04-24,11.1041,11.5178,11.1041,11.3721,2100
2006-04-25,11.4708,11.5178,11.3298,11.3298,14300
2006-04-26,11.3768,11.3768,11.0994,11.1182,1000
2006-04-27,11.0994,11.1699,10.9772,10.9913,9900
2006-04-28,10.9772,10.9960,10.7186,10.9114,6300
2006-05-01,11.0712,11.2404,10.7844,10.7844,4500
2006-05-02,10.7186,11.2216,10.7186,10.8879,13700
2006-05-03,10.9725,11.0712,10.8126,10.8173,4500
2006-05-04,10.8832,10.9584,10.8597,10.9302,6500
2006-05-05,11.0571,11.1981,10.9302,10.9396,5300
2006-05-08,10.9302,11.0853,10.7656,10.8738,9700
2006-05-09,10.7985,10.8926,10.7280,10.7656,4600
2006-05-10,10.8173,10.8220,10.6246,10.6340,5100
2006-05-11,10.6246,10.6387,10.4601,10.5776,12600
2006-05-12,10.5588,10.5776,10.1075,10.1545,35100
2006-05-15,10.1075,10.2485,9.9899,10.0134,9000
2006-05-16,10.0134,10.1075,9.8865,9.8865,5800
2006-05-17,9.8724,10.4036,9.6233,9.7972,14400
2006-05-18,9.8536,10.1545,9.7690,9.8724,6500
2006-05-19,9.8066,10.3425,9.7549,10.2626,4500
2006-05-22,10.2015,10.6105,9.8254,10.1216,6300
2006-05-23,10.1921,10.1921,9.8630,9.8724,8200
2006-05-24,9.9664,10.1780,9.5480,10.0040,12900
2006-05-25,10.3143,10.6011,10.0087,10.5259,7700
2006-05-26,10.6152,10.8126,10.5776,10.7891,5100
2006-05-30,10.6387,10.6387,9.8254,9.8724,14500
2006-05-31,9.9382,9.9429,9.7784,9.8066,19400
2006-06-01,9.8912,10.6011,9.8113,10.5259,16300
2006-06-02,10.7891,10.7891,10.1310,10.5494,15000
2006-06-05,10.4365,10.5024,9.8959,9.9241,16700
2006-06-06,9.8959,9.9946,9.8818,9.8912,5700
2006-06-07,10.1028,10.3190,9.8583,9.8865,10800
2006-06-08,9.8724,10.0558,9.8583,10.0417,4400
2006-06-09,10.1310,10.2861,9.9664,10.2861,5100
2006-06-12,9.9664,10.1216,9.9241,9.9946,6600
2006-06-13,9.9429,10.2485,9.9429,10.1028,5700
2006-06-14,10.1545,10.3284,9.9664,10.3284,9000
2006-06-15,10.4836,10.4836,10.1780,10.2720,9100
2006-06-16,10.2908,10.3660,10.1122,10.1686,105900
2006-06-19,10.2485,10.4638,9.9194,10.2861,19600
2006-06-20,10.4930,10.7891,10.2250,10.5353,15600
2006-06-21,10.4460,10.8032,10.3566,10.7233,6200
2006-06-22,10.6152,11.0900,10.5776,11.0665,63100
2006-06-23,10.9631,11.3016,10.9631,11.2075,4900
2006-06-26,11.2828,12.0020,11.2263,11.9315,13100
2006-06-27,11.8610,12.1290,11.7905,11.9127,18500
2006-06-28,11.8281,12.2136,11.6588,12.2136,14000
2006-06-29,12.1572,12.1854,11.3016,11.5460,29000
2006-06-30,11.8818,12.1050,11.0460,11.2169,859900
2006-07-03,11.2312,11.2312,11.0460,11.0507,17500
2006-07-05,11.0555,11.0555,10.8513,10.8513,12500
2006-07-06,11.0412,11.1884,10.7420,10.7420,4200
2006-07-07,10.8560,11.0507,10.7326,10.8228,5300
2006-07-10,10.7326,10.8133,10.7231,10.7231,1100
2006-07-11,10.8513,10.8988,10.5901,10.5901,5500
2006-07-12,10.7705,10.7705,10.4476,10.6376,3900
2006-07-13,10.4476,10.5663,10.4476,10.4476,3600
2006-07-14,10.4239,10.4239,10.2862,10.2862,9500
2006-07-17,11.1315,11.1315,9.7733,9.7828,13000
2006-07-18,9.7923,9.8018,9.4978,9.7780,23900
2006-07-19,9.8445,9.9727,9.7590,9.7590,6000
2006-07-20,9.9490,11.5684,9.9490,11.2359,55400
2006-07-21,11.1505,11.3024,10.3669,10.4001,7300
2006-07-24,10.6138,10.9178,10.5663,10.8703,6300
2006-07-25,10.9937,10.9937,10.8275,10.8275,1000
2006-07-26,10.8275,11.3404,10.6376,11.3404,27100
2006-07-27,11.2122,11.3452,10.6851,10.7943,6800
2006-07-28,10.7231,10.7515,10.6376,10.6423,12400
2006-07-31,11.0792,11.0792,10.6471,10.7468,1400
2006-08-01,10.6613,10.7705,10.6613,10.6613,4400
2006-08-02,10.6613,10.6993,10.4714,10.4714,9000
2006-08-03,10.4714,10.5853,10.4714,10.5711,3100
2006-08-04,10.7515,10.8513,10.6138,10.6138,2600
2006-08-07,10.7326,10.7326,10.5663,10.5663,3300
2006-08-08,10.7159,10.7326,10.5663,10.5663,2700
2006-08-09,10.6613,10.6613,10.6613,10.6613,100
2006-08-10,10.5872,10.6708,10.5663,10.5663,1300
2006-08-11,10.5872,10.6708,10.5663,10.5663,1000
2006-08-14,10.8988,11.1172,10.8038,10.9747,6800
2006-08-15,11.1600,11.2027,10.9700,11.0887,13700
2006-08-16,10.9700,11.1220,10.9700,11.0887,1900
2006-08-17,10.8536,11.0887,10.8275,11.0887,2900
2006-08-18,11.2074,11.2074,10.8513,10.9747,3900
2006-08-21,10.8275,10.9368,10.8275,10.8275,1600
2006-08-22,10.8275,10.8275,10.8275,10.8275,0
2006-08-23,11.1030,11.1030,11.0840,11.0887,1900
2006-08-24,10.9890,10.9890,10.9890,10.9890,200
2006-08-25,10.7753,10.9273,10.6851,10.7373,15200
2006-08-28,10.7420,10.8180,10.7420,10.8133,900
2006-08-29,10.7420,10.7753,10.5901,10.6851,4700
2006-08-30,10.6851,10.7326,10.6851,10.6946,2000
2006-08-31,10.6946,11.0555,10.6946,10.7373,17000
2006-09-01,10.9225,10.9225,10.8275,10.9178,4500
2006-09-05,10.8275,10.8750,10.7136,10.7136,4000
2006-09-06,10.8038,10.8038,10.8038,10.8038,1900
2006-09-07,10.8038,10.8038,10.8038,10.8038,900
2006-09-08,10.8038,10.8275,10.6851,10.8275,1400
2006-09-11,10.6899,10.8275,10.5473,10.5473,3200
2006-09-12,10.6898,10.6946,10.6898,10.6898,1800
2006-09-13,10.7800,10.7800,10.6946,10.6946,300
2006-09-14,10.7800,10.7800,10.6898,10.6898,9200
2006-09-15,10.6898,10.6898,10.6898,10.6898,0
2006-09-18,10.5996,10.7705,10.5663,10.6233,1700
2006-09-19,10.5901,10.5948,10.5901,10.5948,600
2006-09-20,10.5426,10.9225,10.5426,10.7074,14700
2006-09-21,10.5426,10.5749,10.5426,10.5749,400
2006-09-22,10.5792,10.5792,10.5792,10.5792,1000
2006-09-25,10.5663,10.9083,10.5616,10.8133,4600
2006-09-26,10.8180,10.8180,10.6043,10.6423,700
2006-09-27,10.6518,10.6518,10.6518,10.6518,200
2006-09-28,10.7658,10.7658,10.7658,10.7658,0
2006-09-29,10.7658,10.8474,10.7658,10.7658,500
2006-10-02,10.6794,10.6794,10.6602,10.6602,2200
2006-10-03,10.6794,10.6794,10.5882,10.5882,1400
2006-10-04,10.5834,10.6794,10.5834,10.6794,700
2006-10-05,11.0346,11.0346,11.0346,11.0346,300
2006-10-06,10.7802,10.7802,10.6362,10.7034,700
2006-10-09,10.6506,10.6506,10.5834,10.5834,900
2006-10-10,10.5834,10.5834,10.5834,10.5834,0
2006-10-11,10.6458,10.6458,10.6458,10.6458,200
2006-10-12,10.7994,10.7994,10.7994,10.7994,300
2006-10-13,10.7514,10.7514,10.7514,10.7514,500
2006-10-16,10.6314,10.7466,10.6314,10.7418,1600
2006-10-17,10.9434,11.0250,10.6506,10.6506,3300
2006-10-18,10.6554,10.7994,10.6554,10.7418,4300
2006-10-19,10.7658,10.9434,10.6794,10.9434,5300
2006-10-20,11.0106,11.0394,11.0106,11.0394,20700
2006-10-23,10.8954,10.9002,10.5834,10.5882,4000
2006-10-24,10.6007,10.6007,10.6007,10.6007,1000
2006-10-25,10.6074,10.7466,10.6074,10.7466,800
2006-10-26,10.7994,10.7994,10.7994,10.7994,200
2006-10-27,10.7994,10.7994,10.7994,10.7994,0
2006-10-30,10.7994,10.7994,10.5834,10.6074,5800
2006-10-31,10.5690,10.6794,10.5690,10.6794,700
2006-11-01,10.6794,10.6794,10.6794,10.6794,0
2006-11-02,10.7946,10.7994,10.6794,10.7994,2200
2006-11-03,10.7994,10.7994,10.6794,10.6842,1500
2006-11-06,10.7994,10.7994,10.7946,10.7994,1000
2006-11-07,10.6794,10.6794,10.6794,10.6794,600
2006-11-08,10.6794,10.6794,10.5402,10.5402,1200
2006-11-09,10.5114,10.5115,10.5114,10.5115,300
2006-11-10,10.6554,10.6554,10.5114,10.5114,5300
2006-11-13,10.6794,10.7034,10.5594,10.6074,2200
2006-11-14,10.5642,10.5690,10.5594,10.5594,600
2006-11-15,10.5594,10.7322,10.5258,10.5258,3200
2006-11-16,10.5210,10.7370,10.5018,10.6362,2200
2006-11-17,10.5834,10.7034,10.5834,10.5834,1200
2006-11-20,10.7994,10.7994,10.5498,10.6842,2600
2006-11-21,10.7665,10.7665,10.7665,10.7665,200
2006-11-22,10.7994,10.7994,10.7514,10.7514,600
2006-11-24,10.7514,10.7514,10.7514,10.7514,0
2006-11-27,10.6602,10.7658,10.5402,10.5450,1800
2006-11-28,10.7946,10.7946,10.5114,10.5114,1600
2006-11-29,10.5738,10.5738,10.5738,10.5738,200
2006-11-30,10.7466,10.7514,10.7466,10.7514,600
2006-12-01,10.7514,10.7514,10.7514,10.7514,0
2006-12-04,10.6218,10.6218,10.6170,10.6170,300
2006-12-05,10.7603,10.7603,10.6458,10.7466,3200
2006-12-06,10.7514,10.7562,10.6746,10.7562,800
2006-12-07,10.6650,10.7994,10.5834,10.7994,2400
2006-12-08,10.7334,10.9386,10.6794,10.8570,2900
2006-12-11,10.7178,10.8714,10.7178,10.8714,700
2006-12-12,10.8714,10.8858,10.7946,10.8474,1700
2006-12-13,10.8522,10.8570,10.7418,10.8570,2700
2006-12-14,10.7946,10.8474,10.5834,10.6314,10900
2006-12-15,10.6842,10.7226,10.4970,10.7226,10900
2006-12-18,10.7322,10.7322,10.5594,10.5594,1300
2006-12-19,10.6554,10.6794,10.4634,10.5355,5800
2006-12-20,10.7466,10.7466,10.5930,10.5930,1000
2006-12-21,10.5162,10.5162,10.3194,10.3194,15900
2006-12-22,10.3194,10.4394,10.3194,10.4394,20600
2006-12-26,10.4394,10.4874,10.3962,10.4442,1500
2006-12-27,10.3482,10.4922,10.3482,10.4922,6400
2006-12-28,10.6759,10.9329,10.6710,10.9038,7800
2006-12-29,10.8844,10.8844,10.6710,10.6710,3200
2007-01-03,10.6710,10.9863,10.6710,10.6710,11200
2007-01-04,11.0591,11.0591,10.8893,10.8941,900
2007-01-05,10.9572,10.9572,10.4867,10.6468,3600
2007-01-08,10.8650,10.8650,10.5934,10.6031,800
2007-01-09,10.5983,10.6759,10.5498,10.6710,5500
2007-01-10,10.6710,10.6759,10.6468,10.6710,3900
2007-01-11,10.6759,10.6759,10.6710,10.6759,1400
2007-01-12,10.6710,10.9281,10.6710,10.6710,1900
2007-01-16,10.6710,10.6710,10.6710,10.6710,0
2007-01-17,10.8117,10.8117,10.6225,10.6225,9000
2007-01-18,10.8165,10.8165,10.8165,10.8165,100
2007-01-19,10.6953,10.7535,10.6953,10.7535,800
2007-01-22,10.8941,10.8941,10.7195,10.7389,5200
2007-01-23,10.8893,10.8893,10.7486,10.7486,1100
2007-01-24,10.6953,10.8602,10.6953,10.7244,5100
2007-01-25,10.7195,10.7195,10.7001,10.7001,3000
2007-01-26,10.7002,10.7923,10.7002,10.7923,9700
2007-01-29,10.7826,10.8068,10.7195,10.8068,1900
2007-01-30,10.8553,10.8553,10.7244,10.7292,6500
2007-01-31,10.7292,10.7292,10.7292,10.7292,1600
2007-02-01,10.8262,10.8699,10.8262,10.8699,200
2007-02-02,10.7922,10.7923,10.7292,10.7292,1100
2007-02-05,10.7874,10.7923,10.7486,10.7486,600
2007-02-06,10.9135,10.9135,10.7389,10.8068,6300
2007-02-07,10.8117,10.8117,10.8068,10.8117,5700
2007-02-08,10.8068,10.9135,10.8068,10.9135,17500
2007-02-09,10.8990,10.8990,10.8068,10.8165,7800
2007-02-12,10.8165,10.8165,10.7923,10.8117,800
2007-02-13,10.8165,10.8602,10.7923,10.7923,5100
2007-02-14,10.7923,10.7923,10.7923,10.7923,1300
2007-02-15,10.7923,10.8602,10.7923,10.7923,900
2007-02-16,10.7971,10.7971,10.7971,10.7971,300
2007-02-20,10.7923,10.7923,10.7923,10.7923,600
2007-02-21,11.3695,11.3695,10.6080,10.7244,5100
2007-02-22,10.7244,10.7341,10.6468,10.7341,1800
2007-02-23,10.5692,10.7583,10.5692,10.6613,1900
2007-02-26,10.6419,10.6710,10.6419,10.6710,800
2007-02-27,10.6953,10.6953,10.6468,10.6468,400
2007-02-28,10.9475,10.9475,10.5498,10.6322,4700
2007-03-01,10.6322,10.6322,10.6322,10.6322,0
2007-03-02,10.9572,10.9572,10.5740,10.6225,2100
2007-03-05,10.6662,10.6662,10.6613,10.6613,400
2007-03-06,10.6662,10.6710,10.5934,10.6419,2800
2007-03-07,10.6662,10.7971,10.5740,10.6274,16300
2007-03-08,10.6274,10.6322,10.5740,10.5983,900
2007-03-09,10.6807,10.6807,10.5498,10.5502,900
2007-03-12,10.6565,10.6565,10.6565,10.6565,200
2007-03-13,10.6322,10.6419,10.6225,10.6419,300
2007-03-14,10.4771,10.5255,10.3072,10.3072,5500
2007-03-15,10.2830,10.2830,10.2830,10.2830,600
2007-03-16,10.2830,10.2830,10.2830,10.2830,0
2007-03-19,10.2830,10.3557,10.2054,10.2102,600
2007-03-20,10.3072,10.3072,10.3072,10.3072,100
2007-03-21,10.2830,10.4285,10.2345,10.2345,3100
2007-03-22,10.2345,10.2345,10.1181,10.1908,4200
2007-03-23,10.1714,10.2927,10.1714,10.2927,1800
2007-03-26,10.1375,10.2248,10.0550,10.2248,1700
2007-03-27,10.0647,10.0793,10.0647,10.0696,1300
2007-03-28,10.1860,10.2005,10.0647,10.1181,2400
2007-03-29,10.1772,10.2296,10.1724,10.1811,1500
2007-03-30,10.2605,10.2605,10.0593,10.1084,33800
2007-04-02,10.1084,10.1084,10.1084,10.1084,0
2007-04-03,10.0691,10.0696,10.0691,10.0696,600
2007-04-04,10.1574,10.1673,10.0838,10.0838,4400
2007-04-05,10.0839,10.3046,10.0838,10.2360,18700
2007-04-09,10.2065,10.2065,10.2065,10.2065,200
2007-04-10,10.1231,10.1329,10.1231,10.1329,200
2007-04-11,10.2654,10.2850,10.1084,10.2850,2000
2007-04-12,10.1329,10.1329,10.1084,10.1084,600
2007-04-13,10.2114,10.2360,10.1084,10.1280,2700
2007-04-16,10.1280,10.1280,10.1280,10.1280,0
2007-04-17,10.1329,10.4028,10.1084,10.2065,18500
2007-04-18,10.1329,10.3046,10.1084,10.2850,3400
2007-04-19,10.2850,10.2850,10.2850,10.2850,0
2007-04-20,10.4077,10.4077,10.3292,10.3537,3800
2007-04-23,10.3046,10.4715,10.3046,10.3341,16700
2007-04-24,10.4273,10.4273,10.3096,10.3096,31100
2007-04-25,10.3243,10.3635,10.3046,10.3046,700
2007-04-26,10.3243,10.3243,10.1820,10.1820,2700
2007-04-27,10.3537,10.3709,10.1820,10.1820,500
2007-04-30,10.1820,10.2016,10.1820,10.1820,1100
2007-05-01,10.1820,10.2458,10.1820,10.2458,1200
2007-05-02,10.2997,10.2997,10.1820,10.1820,3800
2007-05-03,10.2065,10.3046,10.2065,10.3046,1400
2007-05-04,10.2899,10.3046,10.2065,10.3046,3100
2007-05-07,10.3046,10.3046,10.3046,10.3046,900
2007-05-08,10.2114,10.2114,10.2114,10.2114,200
2007-05-09,10.2114,10.3979,10.2114,10.3979,2100
2007-05-10,10.3537,10.3562,10.3537,10.3537,900
2007-05-11,10.3488,10.3537,10.3046,10.3046,800
2007-05-14,10.3979,10.4027,10.3537,10.3537,700
2007-05-15,10.3046,10.3096,10.3046,10.3096,2400
2007-05-16,10.3046,10.3537,10.3046,10.3537,1700
2007-05-17,10.3145,10.3145,10.2556,10.2556,19200
2007-05-18,10.2556,10.3046,10.1623,10.2899,6100
2007-05-21,10.2997,10.2997,10.1820,10.1869,1100
2007-05-22,10.1820,10.2997,10.1820,10.1869,900
2007-05-23,10.2948,10.3881,10.2556,10.2556,13800
2007-05-24,10.1869,10.1869,10.1820,10.1820,700
2007-05-25,10.2016,10.2016,10.1820,10.1820,1300
2007-05-29,10.1918,10.3733,10.1918,10.3733,1400
2007-05-30,10.3046,10.3046,10.2360,10.2360,1800
2007-05-31,10.2360,10.2360,10.2360,10.2360,0
2007-06-01,10.2997,10.2997,10.2360,10.2360,1500
2007-06-04,10.1918,10.2556,10.1918,10.2458,4200
2007-06-05,10.2310,10.2310,10.2065,10.2065,1100
2007-06-06,10.2310,10.2360,10.1918,10.2360,1200
2007-06-07,10.1918,10.2310,10.0986,10.1623,18200
2007-06-08,10.1820,10.2703,10.1820,10.2703,200
2007-06-11,10.2065,10.2065,10.1329,10.1329,1400
2007-06-12,10.1329,10.2065,10.1329,10.2065,2600
2007-06-13,10.2065,10.2065,10.1378,10.1771,1600
2007-06-14,10.0936,10.1722,10.0936,10.1231,1700
2007-06-15,10.0593,10.1771,9.8630,9.9513,6400
2007-06-18,9.9366,9.9612,9.8140,9.8140,3900
2007-06-19,9.8287,10.2065,9.8287,10.0102,4800
2007-06-20,10.0838,10.0838,9.9563,9.9808,5000
2007-06-21,10.0053,10.0053,9.9563,9.9563,600
2007-06-22,9.9563,9.9612,9.8140,9.8140,7900
2007-06-25,9.8532,9.8532,9.8189,9.8189,1000
2007-06-26,10.0151,10.0544,10.0151,10.0544,300
2007-06-27,9.8778,9.8826,9.8777,9.8777,2700
2007-06-28,9.8581,9.8581,9.8581,9.8581,300
2007-06-29,9.9857,9.9857,9.5931,9.5980,7400
2007-07-02,9.8093,9.8093,9.7845,9.7845,1600
2007-07-03,9.7348,9.7845,9.6951,9.6951,1500
2007-07-05,9.9335,9.9335,9.6852,9.9335,1200
2007-07-06,9.9285,9.9335,9.9285,9.9335,200
2007-07-09,9.8093,9.8342,9.6852,9.6852,5800
2007-07-10,9.6852,9.7597,9.6454,9.6454,7200
2007-07-11,9.7348,9.7348,9.6405,9.6405,3300
2007-07-12,9.6951,9.7746,9.6504,9.7348,10200
2007-07-13,9.6603,9.6653,9.5660,9.5660,3900
2007-07-16,9.6772,9.7348,9.5660,9.6007,1800
2007-07-17,9.6852,9.6852,9.1835,9.3971,52700
2007-07-18,9.4170,9.5362,9.4170,9.4170,3100
2007-07-19,9.6802,9.7597,9.6007,9.6057,4200
2007-07-20,9.8044,9.8044,9.6504,9.6504,800
2007-07-23,9.7845,9.7845,9.6802,9.6802,31300
2007-07-24,9.7845,9.8193,9.6852,9.6852,28200
2007-07-25,9.7795,9.7795,9.6405,9.6405,400
2007-07-26,9.5858,9.8093,9.5858,9.6554,2800
2007-07-27,9.6703,9.6703,9.5113,9.5113,1400
2007-07-30,9.5858,9.5858,9.5113,9.5560,2500
2007-07-31,9.4219,9.5858,9.4219,9.5362,7100
2007-08-01,9.9037,9.9037,9.6256,9.7100,14500
2007-08-02,9.6852,9.7100,9.6852,9.7100,900
2007-08-03,9.4915,9.7100,9.4915,9.5362,2000
2007-08-06,9.6901,9.6901,9.2928,9.3127,1000
2007-08-07,9.4170,9.5014,9.4170,9.4567,3300
2007-08-08,9.5113,9.5113,9.3176,9.4219,2300
2007-08-09,9.9434,9.9434,9.7299,9.8789,1200
2007-08-10,9.5163,9.5610,9.3325,9.3325,2300
2007-08-13,9.7398,9.7398,9.4319,9.4319,400
2007-08-14,9.3127,9.3872,9.1438,9.1686,6900
2007-08-15,9.3872,9.3872,9.2233,9.2233,400
2007-08-16,9.1637,9.4368,9.1637,9.4319,14300
2007-08-17,9.2133,9.4368,9.0643,9.2034,6200
2007-08-20,9.4319,9.7994,9.4319,9.5660,4500
2007-08-21,9.6901,9.6901,9.6802,9.6802,300
2007-08-22,9.8838,9.8838,9.8838,9.8838,600
2007-08-23,9.6852,9.6852,9.5858,9.6852,2000
2007-08-24,9.6852,9.9236,9.4021,9.4269,1900
2007-08-27,9.5908,9.5908,9.4035,9.4035,500
2007-08-28,9.4319,9.4319,9.3127,9.4219,400
2007-08-29,9.5560,9.5610,9.2730,9.2730,1300
2007-08-30,9.2957,9.3663,8.9650,9.3663,9400
2007-08-31,9.1090,9.1537,8.9402,8.9402,2900
2007-09-04,9.0395,9.3077,9.0395,9.1885,700
2007-09-05,9.0892,9.1736,8.9402,8.9402,5900
2007-09-06,8.9799,9.1786,8.9799,9.1637,1500
2007-09-07,9.0147,9.1537,9.0147,9.1289,900
2007-09-10,9.1587,9.1587,9.0594,9.1090,1100
2007-09-11,9.0643,9.0643,9.0643,9.0643,4800
2007-09-12,9.1001,9.1090,9.0643,9.0643,1800
2007-09-13,9.0643,9.0643,8.9650,8.9898,13100
2007-09-14,9.0991,9.1041,9.0395,9.0395,600
2007-09-17,9.1041,9.1041,9.0594,9.0594,800
2007-09-18,9.1736,9.1736,9.0842,9.0842,400
2007-09-19,9.2233,9.2878,8.9948,9.0395,7000
2007-09-20,9.0395,9.0892,9.0047,9.0892,7800
2007-09-21,9.0643,9.0643,9.0643,9.0643,1000
2007-09-24,9.1090,9.1090,9.1090,9.1090,100
2007-09-25,8.9898,9.1190,8.9898,8.9898,12600
2007-09-26,9.1637,9.2829,8.9948,8.9948,400
2007-09-27,9.5613,9.5613,9.0581,9.1587,5200
2007-09-28,9.2593,9.2593,9.2442,9.2442,1200
2007-10-01,9.2442,9.2442,9.2442,9.2442,0
2007-10-02,9.1436,9.1688,9.0631,9.0681,1700
2007-10-03,9.1285,9.1285,9.1285,9.1285,100
2007-10-04,9.1335,9.1335,9.1335,9.1335,100
2007-10-05,9.0581,9.1436,8.9876,9.1436,1700
2007-10-08,9.1335,9.1335,9.1335,9.1335,500
2007-10-09,9.1285,9.1285,9.0765,9.0765,600
2007-10-10,9.0782,9.0782,9.0782,9.0782,0
2007-10-11,9.5361,9.5562,9.5361,9.5562,300
2007-10-12,9.4355,9.5462,9.3801,9.3801,2800
2007-10-15,9.3851,9.4707,9.3851,9.3902,1400
2007-10-16,9.6166,9.6368,9.5613,9.6368,5900
2007-10-17,9.7122,9.8934,9.5588,9.7173,12500
2007-10-18,9.8884,9.9840,9.6871,9.7424,3400
2007-10-19,9.9941,10.1199,9.7374,9.9639,15300
2007-10-22,10.0595,10.2155,10.0142,10.0544,2200
2007-10-23,10.2457,10.2457,10.1214,10.1214,400
2007-10-24,9.9387,9.9387,9.7374,9.7374,300
2007-10-25,9.6368,9.8305,9.6368,9.8305,1200
2007-10-26,10.0041,10.0041,9.7324,9.7424,500
2007-10-29,9.7424,9.7424,9.7424,9.7424,0
2007-10-30,10.0544,10.2356,9.6921,9.8079,1500
2007-10-31,9.9286,10.0595,9.8255,10.0595,600
2007-11-01,10.0091,10.1249,9.9186,9.9941,13300
2007-11-02,9.8179,9.9387,9.6871,9.9387,3600
2007-11-05,9.8381,9.8381,9.8079,9.8129,1000
2007-11-06,9.6871,9.6871,9.5663,9.5663,2900
2007-11-07,9.5663,9.5663,9.1688,9.3147,3800
2007-11-08,9.1033,9.1839,9.0731,9.1436,1800
2007-11-09,9.0832,9.1385,9.0832,9.1385,700
2007-11-12,9.4254,9.4455,9.1134,9.1134,1800
2007-11-13,9.0832,9.0832,9.0581,9.0581,1000
2007-11-14,9.1537,9.1537,9.0581,9.0581,1600
2007-11-15,9.0782,9.0782,9.0581,9.0631,900
2007-11-16,9.0782,9.2291,9.0631,9.2291,500
2007-11-19,9.1386,9.1386,9.1386,9.1386,100
2007-11-20,9.1587,9.1622,9.0631,9.1622,700
2007-11-21,9.1839,9.1839,9.1839,9.1839,500
2007-11-23,9.1839,9.2342,9.1839,9.2342,4400
2007-11-26,9.1788,9.1788,9.0832,9.0882,1100
2007-11-27,9.1134,9.1134,9.1134,9.1134,600
2007-11-28,9.1839,9.2694,9.1688,9.2342,4300
2007-11-29,9.3902,10.2608,9.3902,9.8179,6000
2007-11-30,10.0242,10.0242,9.9437,9.9437,300
2007-12-03,9.7626,10.0947,9.6217,9.6418,1800
2007-12-04,9.6217,9.6217,9.4858,9.5613,500
2007-12-05,9.5613,9.5663,9.5613,9.5613,600
2007-12-06,9.5814,9.5814,9.2342,9.2342,2100
2007-12-07,9.2543,9.3348,9.2342,9.3348,4900
2007-12-10,9.3600,9.3600,9.3600,9.3600,300
2007-12-11,9.2392,9.3097,9.2392,9.3097,10200
2007-12-12,9.3097,9.3097,9.3097,9.3097,200
2007-12-13,9.1839,9.1839,9.1839,9.1839,300
2007-12-14,9.2342,9.2342,9.1839,9.1839,14400
2007-12-17,9.2593,9.7122,9.2593,9.6519,3800
2007-12-18,9.7173,9.8632,9.3097,9.3097,8300
2007-12-19,9.2342,9.2684,9.2342,9.2442,1600
2007-12-20,9.2342,9.2342,9.2342,9.2342,500
2007-12-21,9.2845,9.2845,9.2845,9.2845,500
2007-12-24,9.3097,9.3097,9.1134,9.1486,800
2007-12-26,9.1442,9.1442,9.1084,9.1084,900
2007-12-27,9.1335,9.1586,9.0832,9.1586,2100
2007-12-28,9.2298,9.2298,9.1788,9.1789,4300
2007-12-31,9.1788,9.1890,8.8117,8.9901,6400
2008-01-02,8.8270,9.0207,8.8270,9.0105,4900
2008-01-03,8.9494,9.2349,8.9392,8.9392,3300
2008-01-04,8.9392,8.9392,8.6791,8.7046,3700
2008-01-07,8.6689,8.8474,8.6689,8.6689,2300
2008-01-08,8.6689,9.1788,8.6689,8.6740,1700
2008-01-09,8.7862,8.7862,8.5924,8.5924,2200
2008-01-10,8.5924,8.6689,8.5924,8.6689,2200
2008-01-11,8.7964,9.3063,8.6893,9.3063,4100
2008-01-14,8.6179,9.1788,8.6179,9.0462,4500
2008-01-15,9.0462,9.0462,8.6740,8.7505,2700
2008-01-16,9.1329,9.2400,9.0207,9.2400,1700
2008-01-17,8.9392,9.0870,8.7811,8.8321,5600
2008-01-18,9.0513,9.0513,8.7913,8.7913,3800
2008-01-22,8.7811,9.0513,8.7811,8.7964,9100
2008-01-23,9.0462,9.0513,8.7862,9.0411,900
2008-01-24,8.9341,9.0360,8.9239,8.9239,5900
2008-01-25,8.9748,9.1788,8.9290,9.0564,12600
2008-01-28,9.0564,9.3063,9.0513,9.3063,2100
2008-01-29,9.1023,9.3063,9.0768,9.1023,7000
2008-01-30,9.6531,9.6531,9.5358,9.5358,5300
2008-01-31,9.0768,9.2553,9.0768,9.2553,600
2008-02-01,9.4644,9.9743,9.4644,9.6684,3200
2008-02-04,9.1788,10.1834,9.1788,9.8723,1700
2008-02-05,10.1579,10.7086,10.1579,10.5811,23400
2008-02-06,10.4435,10.7086,10.4435,10.7086,3200
2008-02-07,10.7086,10.7086,10.7086,10.7086,200
2008-02-08,10.5811,10.5811,10.4537,10.4537,2100
2008-02-11,10.4537,10.7035,10.3007,10.6678,5300
2008-02-12,10.4537,10.4996,10.2497,10.4690,14700
2008-02-13,10.6525,10.6525,10.6372,10.6372,400
2008-02-14,10.6576,10.6576,10.4231,10.4537,18500
2008-02-15,10.4588,10.6066,10.4588,10.6066,600
2008-02-19,10.4537,10.6066,10.4537,10.6066,1200
2008-02-20,10.5556,10.5556,10.4639,10.4639,700
2008-02-21,10.4537,10.4537,10.4537,10.4537,500
2008-02-22,10.6627,10.6627,10.5047,10.6576,1800
2008-02-25,10.6627,10.7086,10.5658,10.7086,1500
2008-02-26,10.3007,10.7035,10.2344,10.7035,1100
2008-02-27,10.2956,10.2956,9.9998,10.1987,6300
2008-02-28,10.1478,10.1478,10.1478,10.1478,300
2008-02-29,10.1477,10.1477,10.1477,10.1477,0
2008-03-03,10.6882,10.6882,10.2038,10.2089,1800
2008-03-04,10.2038,10.3058,10.2038,10.3058,400
2008-03-05,10.2038,10.2038,10.2038,10.2038,4700
2008-03-06,10.3160,10.3211,10.2038,10.3007,14500
2008-03-07,10.2038,10.3155,10.2038,10.2038,2000
2008-03-10,10.4486,10.4486,10.2089,10.3007,5500
2008-03-11,10.2752,10.2752,9.8723,9.9845,8000
2008-03-12,9.9437,9.9437,9.9437,9.9437,100
2008-03-13,10.0202,10.0202,9.7958,10.0151,1300
2008-03-14,10.2752,10.4792,10.2752,10.3619,700
2008-03-17,10.3619,10.3619,10.3619,10.3619,0
2008-03-18,9.7347,10.4180,9.7347,10.2293,2800
2008-03-19,10.2293,10.2293,10.2293,10.2293,0
2008-03-20,10.3262,10.3262,9.6429,10.1197,3300
2008-03-24,10.1936,10.2001,10.1936,10.1987,700
2008-03-25,10.2038,10.2038,9.7245,9.7245,800
2008-03-26,10.0661,10.1681,10.0457,10.1681,400
2008-03-27,10.1884,10.1884,10.1834,10.1834,500
2008-03-28,10.5739,10.5791,10.2901,10.3211,2100
2008-03-31,10.1663,10.2746,10.0631,10.2334,2000
2008-04-01,10.2334,10.2334,10.2334,10.2334,0
2008-04-02,9.9909,10.0063,9.9392,9.9392,800
2008-04-03,10.1766,10.3108,10.1766,10.3108,500
2008-04-04,10.3108,10.3108,10.3108,10.3108,0
2008-04-07,10.1921,10.1921,10.1921,10.1921,200
2008-04-08,10.0631,10.0682,9.9082,10.0631,3200
2008-04-09,9.9134,9.9186,9.9057,9.9057,1100
2008-04-10,9.8566,9.8566,9.8308,9.8308,1700
2008-04-11,9.8773,9.8773,9.4231,9.4283,2000
2008-04-14,9.9082,9.9134,9.0619,9.0722,3800
2008-04-15,9.2632,9.2632,8.9019,9.1032,6000
2008-04-16,9.0361,9.0361,9.0309,9.0309,2200
2008-04-17,9.0309,9.5160,9.0309,9.1909,9300
2008-04-18,9.5212,9.5212,9.0826,9.1084,3000
2008-04-21,9.3870,9.3870,9.1651,9.1651,9600
2008-04-22,9.3664,9.3870,9.2838,9.2890,1500
2008-04-23,9.2890,9.2890,9.2890,9.2890,300
2008-04-24,9.2890,9.2890,9.2890,9.2890,700
2008-04-25,8.9484,9.2889,8.9458,9.2889,500
2008-04-28,8.9432,8.9432,8.9329,8.9329,300
2008-04-29,8.9329,8.9329,8.9329,8.9329,0
2008-04-30,9.2116,9.4748,8.9793,9.2890,10700
2008-05-01,9.2890,9.2890,9.2838,9.2890,1600
2008-05-02,9.2890,9.2890,9.0051,9.0051,1000
2008-05-05,9.0309,9.0826,9.0309,9.0826,700
2008-05-06,9.5367,9.7276,9.2890,9.7276,2600
2008-05-07,9.0516,9.0877,9.0309,9.0877,1700
2008-05-08,9.0980,9.3303,9.0980,9.3148,2500
2008-05-09,9.3406,9.5315,9.3406,9.5315,1100
2008-05-12,9.4438,9.7431,9.4438,9.7431,700
2008-05-13,9.4180,9.4180,9.4180,9.4180,300
2008-05-14,9.6760,9.9289,9.6760,9.9289,2300
2008-05-15,9.5676,9.9340,9.5573,9.6760,1300
2008-05-16,9.6760,9.6760,9.6760,9.6760,0
2008-05-19,9.9289,9.9289,9.6089,9.6089,600
2008-05-20,9.9237,9.9340,9.5057,9.6760,2500
2008-05-21,9.5522,9.9289,9.5470,9.9289,1400
2008-05-22,9.9340,9.9340,9.8050,9.9340,6100
2008-05-23,9.9598,10.0496,9.9598,9.9598,500
2008-05-27,9.6967,9.9340,9.5522,9.6812,6200
2008-05-28,9.8050,9.8050,9.8050,9.8050,500
2008-05-29,9.9134,10.0631,9.8050,10.0631,7300
2008-05-30,9.9702,10.2901,9.9702,10.2798,4300
2008-06-02,10.0631,10.2901,10.0631,10.1921,7500
2008-06-03,9.8102,10.2334,9.8102,10.2334,5300
2008-06-04,10.2643,10.4501,9.8824,10.3211,5800
2008-06-05,10.3211,10.4501,10.0115,10.1766,6400
2008-06-06,10.2488,10.4501,9.9856,10.3211,3800
2008-06-09,10.4191,10.4553,10.0527,10.4501,16400
2008-06-10,10.4759,10.4759,10.3366,10.3572,1400
2008-06-11,10.4449,10.4501,10.0889,10.0889,4600
2008-06-12,10.3520,10.4449,9.9908,10.1198,4500
2008-06-13,10.3933,10.5791,10.1714,10.5791,8500
2008-06-16,10.5791,10.5791,10.0940,10.1147,4400
2008-06-17,10.1301,10.3056,9.9340,10.1353,4600
2008-06-18,10.2695,10.4191,10.1508,10.1508,3000
2008-06-19,10.2953,10.3727,10.1559,10.3727,1100
2008-06-20,10.1456,10.3727,9.8308,10.1456,3500
2008-06-23,10.3159,10.3159,9.8050,10.0372,3100
2008-06-24,10.2385,10.2385,9.7483,9.9753,2000
2008-06-25,10.1663,10.2643,9.6760,9.9340,5700
2008-06-26,10.0631,10.3727,10.0528,10.0682,8000
2008-06-27,9.9702,10.4140,9.5470,9.8102,901600
2008-06-30,9.7947,9.8050,8.1640,8.5459,49200
2008-07-01,8.4408,9.1577,8.4408,8.9484,17400
2008-07-02,8.9065,9.0740,8.4983,8.4983,17600
2008-07-03,8.6344,8.9431,8.6344,8.8437,11600
2008-07-07,8.8437,8.8437,8.6344,8.6449,9600
2008-07-08,8.6449,9.0478,8.6396,8.9170,10800
2008-07-09,8.8542,8.8542,8.6658,8.6658,7200
2008-07-10,8.6344,8.8489,8.6344,8.7600,9000
2008-07-11,8.7129,9.0530,8.7129,9.0530,5200
2008-07-14,8.7129,9.4193,8.7077,9.3042,13700
2008-07-15,9.1682,9.6758,8.8699,9.5449,17000
2008-07-16,9.4350,10.2043,9.3408,10.2043,4700
2008-07-17,10.2043,10.3194,9.6862,9.8746,10300
2008-07-18,10.4659,10.5968,9.9426,10.0996,20700
2008-07-21,10.1781,10.1834,9.6863,9.9479,2500
2008-07-22,9.9165,10.7014,9.9165,10.6962,19100
2008-07-23,10.4659,12.0358,10.2305,11.8317,40300
2008-07-24,11.5753,12.4335,10.6753,12.3917,31300
2008-07-25,11.9364,13.1243,11.3241,13.1243,33500
2008-07-28,13.0667,13.0824,10.7329,12.8679,18000
2008-07-29,12.8260,13.0772,12.6115,12.9411,16900
2008-07-30,12.8993,13.0301,12.0829,12.8626,19800
2008-07-31,12.7841,13.0301,11.9102,12.3236,15500
2008-08-01,12.9516,13.0772,11.6591,12.9882,20300
2008-08-04,12.9411,12.9411,11.8945,12.6795,16700
2008-08-05,12.7318,12.7684,12.1457,12.6324,17900
2008-08-06,12.4859,12.7998,12.4598,12.6324,7600
2008-08-07,12.7318,12.8155,11.9521,12.3550,17900
2008-08-08,12.7475,12.9411,12.5434,12.8208,18400
2008-08-11,12.9254,13.0824,11.5125,13.0249,22700
2008-08-12,12.9621,13.0249,12.5591,12.9516,11600
2008-08-13,12.8574,13.0563,12.4859,13.0039,27100
2008-08-14,12.9202,12.9882,12.7684,12.9882,6300
2008-08-15,12.9778,13.0772,12.7737,13.0144,28800
2008-08-18,13.0824,13.0824,12.1980,13.0249,10800
2008-08-19,12.6899,12.9778,12.3079,12.4649,9300
2008-08-20,12.4597,12.4597,12.1091,12.1091,5000
2008-08-21,11.9102,11.9102,11.3137,11.3398,13700
2008-08-22,11.2561,11.4079,9.9950,10.0054,59500
2008-08-25,10.6805,10.6805,10.0944,10.1258,29800
2008-08-26,10.1258,10.5130,10.0787,10.1415,35800
2008-08-27,10.0996,10.1467,9.9426,10.0316,9300
2008-08-28,10.1467,10.1729,9.9479,10.1258,13900
2008-08-29,10.0421,10.1729,9.8851,9.8851,9100
2008-09-02,10.3456,10.3456,9.6810,9.6967,6400
2008-09-03,9.6810,10.0473,9.6810,10.0054,7000
2008-09-04,9.8903,10.1310,9.8903,10.0473,6000
2008-09-05,10.3351,10.4136,10.0954,10.2357,6400
2008-09-08,10.4659,11.2038,9.8537,9.9845,17600
2008-09-09,10.4607,11.2509,9.7386,11.0782,14000
2008-09-10,11.4916,11.4916,10.9369,11.1096,14800
2008-09-11,11.3765,11.5073,11.2823,11.4131,10700
2008-09-12,11.4916,11.6591,11.0206,11.4707,16600
2008-09-15,11.4602,11.4602,10.1363,10.1363,12600
2008-09-16,10.2619,11.4602,10.0996,11.0049,14800
2008-09-17,10.6648,10.6648,10.0996,10.0996,3200
2008-09-18,10.9421,12.5539,10.0918,12.5539,48900
2008-09-19,13.0824,13.5011,11.4183,13.0981,146200
2008-09-22,12.6847,13.0772,11.8003,12.5539,8900
2008-09-23,12.5434,13.0563,12.1457,12.6690,11700
2008-09-24,12.8208,12.8208,11.7742,12.3079,8300
2008-09-25,12.6795,13.0563,12.2975,13.0249,22900
2008-09-26,12.5801,13.0563,11.7951,12.9621,15100
2008-09-29,13.1970,13.2234,11.7688,11.7794,21800
2008-09-30,11.1394,13.0065,11.1130,11.3986,21200
2008-10-01,11.1394,12.2978,11.1394,11.8799,4600
2008-10-02,12.1655,12.1655,11.6366,11.8958,4800
2008-10-03,12.1655,12.6945,11.5467,11.5467,13400
2008-10-06,11.2029,12.6945,11.1077,12.6627,22300
2008-10-07,12.4088,12.5622,11.4039,11.4621,6300
2008-10-08,11.3139,13.1864,11.2981,12.6680,16200
2008-10-09,12.9537,12.9537,11.1870,11.7635,16500
2008-10-10,11.3034,13.2234,10.5787,13.2234,31300
2008-10-13,13.2234,13.2234,12.0069,13.2234,30900
2008-10-14,13.4614,13.4614,11.9857,13.0118,12700
2008-10-15,12.5517,12.5517,11.1077,11.2981,21100
2008-10-16,11.4144,12.9589,10.8696,12.6998,17700
2008-10-17,12.2766,12.9537,11.4039,12.7738,41800
2008-10-20,12.9113,12.9325,12.3083,12.9272,13100
2008-10-21,12.6892,12.6945,11.4621,11.4621,14900
2008-10-22,11.2822,11.9645,11.2822,11.3721,6700
2008-10-23,11.3721,12.5411,11.2822,11.7688,8600
2008-10-24,11.1923,12.4247,11.1923,12.2607,15800
2008-10-27,12.1179,12.1655,11.3616,11.3668,4300
2008-10-28,11.6366,11.8323,11.1130,11.6366,20300
2008-10-29,11.6207,11.6895,11.2029,11.2558,9500
2008-10-30,11.8958,12.1497,11.3351,11.5837,7100
2008-10-31,11.3774,12.6363,11.3721,12.4300,17400
2008-11-03,12.3242,12.6416,11.5625,11.9169,18300
2008-11-04,12.1602,12.5358,11.9381,12.5358,14900
2008-11-05,12.2607,12.2607,11.1130,11.1130,11000
2008-11-06,11.2187,11.6948,11.1288,11.1394,5200
2008-11-07,11.4832,11.5837,11.2399,11.2769,3600
2008-11-10,11.6419,11.6472,11.1130,11.1341,6000
2008-11-11,11.3457,11.6366,11.1394,11.3510,9700
2008-11-12,11.1606,11.5890,11.0389,11.0389,8400
2008-11-13,11.1817,11.6366,10.8696,11.4197,9400
2008-11-14,11.2135,11.2399,10.9755,11.0125,3900
2008-11-17,11.0230,11.6366,10.8432,11.6366,4700
2008-11-18,11.6366,11.6366,10.8432,11.2981,14100
2008-11-19,11.1288,11.4039,10.8432,10.8432,7600
2008-11-20,10.9490,11.2611,10.8432,10.8802,12700
2008-11-21,10.8432,11.1077,10.3143,11.0177,28900
2008-11-24,10.8855,11.5044,10.7850,10.9913,46100
2008-11-25,11.2452,11.3245,10.5100,10.8432,14400
2008-11-26,10.6422,11.6366,10.5927,11.6313,21400
2008-11-28,11.5996,11.6630,11.5996,11.6630,1600
2008-12-01,11.2875,11.5202,9.6531,9.6531,33700
2008-12-02,9.9176,10.4518,9.8223,10.1714,14100
2008-12-03,9.7800,10.5787,9.7800,10.3143,7200
2008-12-04,10.3143,10.3143,10.0128,10.0498,6300
2008-12-05,9.9969,10.5523,9.6002,10.5523,19700
2008-12-08,10.5787,11.0283,9.8488,11.0283,19200
2008-12-09,10.9172,11.3192,10.2680,10.6369,19500
2008-12-10,10.7215,11.4885,10.0498,10.6581,14100
2008-12-11,10.1662,10.6898,10.1662,10.4518,8400
2008-12-12,10.2931,10.2931,9.0871,10.0128,18500
2008-12-15,10.0498,10.2296,9.4944,9.4944,7700
2008-12-16,9.6214,10.5787,9.3146,10.4412,20000
2008-12-17,10.3301,10.5787,9.7853,10.2508,13900
2008-12-18,10.2032,10.4465,9.9493,10.4465,4400
2008-12-19,10.5047,10.8855,9.5790,10.5787,42500
2008-12-22,10.5681,11.0177,10.2667,10.9596,10800
2008-12-23,11.0601,11.0601,10.3195,10.7691,5600
2008-12-24,10.7903,10.7903,10.3513,10.6792,2800
2008-12-26,10.6845,10.7744,10.6845,10.7268,3900
2008-12-29,10.7639,10.7639,10.1503,10.4306,2600
2008-12-30,10.4676,10.7057,10.0022,10.5787,11400
2008-12-31,10.7126,10.7876,10.1826,10.5734,14700
2009-01-02,10.6163,10.8411,10.1291,10.6430,7200
2009-01-05,10.7662,11.2105,10.5895,10.8411,11100
2009-01-06,10.9643,11.1088,10.7287,11.1088,6000
2009-01-07,11.0927,11.0927,10.6644,10.7555,12200
2009-01-08,10.9535,10.9750,10.5734,10.7876,7400
2009-01-09,10.8090,10.9750,10.1719,10.2843,11400
2009-01-12,10.2683,10.6323,9.5348,9.5830,8800
2009-01-13,9.5884,10.1023,9.5884,10.0327,3600
2009-01-14,9.9364,10.0916,9.6419,9.6473,5900
2009-01-15,9.6687,10.1184,9.4438,9.8721,17700
2009-01-16,9.7543,10.0541,9.6419,10.0541,13900
2009-01-20,9.9042,9.9042,8.1429,8.1429,14000
2009-01-21,8.5444,8.8603,8.3088,8.8603,9100
2009-01-22,8.6997,9.1012,8.6836,8.8710,3400
2009-01-23,8.6782,9.1012,8.5926,8.8817,3800
2009-01-26,8.9192,9.3635,8.6087,8.9620,9200
2009-01-27,9.0048,9.3153,8.8870,9.3153,4200
2009-01-28,9.4545,9.8775,9.3019,9.8775,4500
2009-01-29,9.5723,9.8775,9.5509,9.7008,4000
2009-01-30,9.8507,9.9042,9.1922,9.2029,4900
2009-02-02,9.1601,10.2201,9.1601,10.1184,8400
2009-02-03,10.2201,10.3861,9.8828,10.0381,7400
2009-02-04,10.0702,10.5038,10.0702,10.0702,5600
2009-02-05,10.0488,10.5467,10.0488,10.3058,11200
2009-02-06,10.3272,11.0017,10.3272,10.8518,13000
2009-02-09,10.7876,10.9750,10.7555,10.7555,2300
2009-02-10,10.9321,10.9321,9.5295,9.5295,8200
2009-02-11,9.6098,9.6901,9.1012,9.2832,10200
2009-02-12,9.2029,9.4010,9.1012,9.2618,2400
2009-02-13,9.2939,9.7650,9.1012,9.4599,2400
2009-02-17,9.2136,9.7276,9.1012,9.1012,9800
2009-02-18,9.1547,9.2404,8.9138,8.9138,4300
2009-02-19,9.0209,9.3742,9.0209,9.0851,3000
2009-02-20,9.0048,9.3475,8.9138,9.0637,9100
2009-02-23,9.1654,9.1654,8.6997,8.6997,7400
2009-02-24,8.8174,9.8025,8.7050,9.7972,17500
2009-02-25,9.9524,10.1719,8.9888,8.9888,6900
2009-02-26,9.0691,9.0691,8.6194,8.6622,9700
2009-02-27,8.6997,8.6997,8.0893,8.0893,17900
2009-03-02,8.0893,8.4213,7.8270,7.8270,18700
2009-03-03,7.9502,8.0840,7.7681,7.7681,10400
2009-03-04,7.8966,8.1322,7.8591,8.1322,6200
2009-03-05,7.9662,8.1911,7.8645,7.8645,8800
2009-03-06,7.9180,8.4480,7.8966,7.9127,5300
2009-03-09,7.9368,8.1054,7.7628,7.7628,4900
2009-03-10,8.1054,8.5123,8.0305,8.5123,10900
2009-03-11,7.7628,8.2981,7.6825,7.6825,18600
2009-03-12,7.7039,8.4068,7.5285,8.2178,17900
2009-03-13,8.2553,8.6729,8.1161,8.6729,3000
2009-03-16,8.7800,9.2618,8.5391,8.9781,7100
2009-03-17,9.3689,9.5937,8.5712,9.5937,17900
2009-03-18,9.5884,10.1184,9.4171,10.1184,19400
2009-03-19,10.1184,10.1184,9.9256,10.0916,4900
2009-03-20,10.1184,10.1451,9.6847,9.9845,23900
2009-03-23,9.5402,10.7073,9.5402,10.7073,32900
2009-03-24,10.5627,10.6966,10.2790,10.3325,10400
2009-03-25,10.6430,10.6430,9.8935,10.6270,13300
2009-03-26,10.6216,10.7662,10.3807,10.7662,33100
2009-03-27,10.5895,10.7019,9.4385,9.4385,7400
2009-03-30,9.3690,10.1235,8.8533,9.3582,11700
2009-03-31,9.4722,10.3027,9.4722,10.0367,6600
2009-04-01,10.1615,10.6121,9.3473,10.2321,15800
2009-04-02,10.4384,11.0952,9.7707,10.9269,44600
2009-04-03,10.8563,10.9920,10.2809,10.9920,5700
2009-04-06,10.9052,10.9812,10.2647,10.3298,33000
2009-04-07,10.8021,10.9866,10.6501,10.9866,8500
2009-04-08,10.9758,10.9920,10.2430,10.9920,10300
2009-04-09,11.1169,11.1277,10.3787,10.9649,20700
2009-04-13,10.8346,11.0789,10.5035,11.0735,6700
2009-04-14,11.0789,11.0789,10.6609,10.6935,7800
2009-04-15,10.9106,11.0735,10.7478,11.0735,4400
2009-04-16,11.0789,11.4046,10.9052,11.4046,6500
2009-04-17,11.4969,11.5783,11.2634,11.5511,20800
2009-04-20,11.3286,11.3286,10.4275,10.4275,20400
2009-04-21,10.4112,11.3992,10.4058,11.3992,11500
2009-04-22,11.2309,11.3720,10.7261,11.0843,12200
2009-04-23,11.0572,11.1223,10.0150,10.0150,17600
2009-04-24,10.1181,11.1223,9.8250,10.6392,17400
2009-04-27,10.4492,10.8183,9.6784,9.8358,26400
2009-04-28,9.7924,10.2538,9.7924,10.1290,9600
2009-04-29,9.8304,11.1277,9.8304,10.9758,26200
2009-04-30,10.9920,11.2363,10.5524,10.7641,15900
2009-05-01,10.7749,10.9432,10.2809,10.2809,8000
2009-05-04,10.3027,10.8238,10.0475,10.5144,15300
2009-05-05,10.4329,10.6446,9.7816,9.8901,17200
2009-05-06,9.9878,9.9987,9.5536,9.6947,16900
2009-05-07,9.8250,9.8250,9.1519,9.6839,15600
2009-05-08,9.7653,9.7653,9.1736,9.7327,10800
2009-05-11,9.5590,9.6730,9.2279,9.2442,8800
2009-05-12,9.3147,9.7707,9.3093,9.7218,6700
2009-05-13,9.5861,9.5861,8.9348,8.9348,15300
2009-05-14,9.0162,9.7653,9.0162,9.6730,13300
2009-05-15,9.7381,9.7381,9.2225,9.4613,9300
2009-05-18,9.0705,10.1344,9.0705,10.1344,16600
2009-05-19,9.9173,10.2647,9.3690,10.1235,12600
2009-05-20,10.1670,10.2484,9.4559,9.7001,27800
2009-05-21,9.5617,10.0258,9.4179,9.8033,20100
2009-05-22,10.2701,10.5035,9.8684,10.5035,27600
2009-05-26,10.3135,11.3557,9.8521,11.1712,62300
2009-05-27,11.1332,11.3503,10.5334,10.6609,21800
2009-05-28,10.7098,11.0735,10.3135,10.7152,23100
2009-05-29,10.7152,11.3720,10.3750,11.3340,118800
2009-06-01,11.2200,11.6434,10.8563,11.5620,35800
2009-06-02,11.4751,11.8877,11.0029,11.8008,35700
2009-06-03,11.7411,11.8877,11.1332,11.8877,27600
2009-06-04,11.8877,12.0777,11.6380,12.0777,34300
2009-06-05,12.1645,12.1645,11.7031,11.8063,18300
2009-06-08,11.6923,11.7194,11.0517,11.5783,21900
2009-06-09,11.2526,12.0180,11.2526,11.8334,31300
2009-06-10,11.8714,11.8714,10.8563,11.0680,26300
2009-06-11,11.0680,11.3992,10.8726,11.3014,16900
2009-06-12,11.1766,11.3014,10.6175,10.9703,7500
2009-06-15,10.8455,10.8563,9.6676,9.9553,27800
2009-06-16,9.9335,10.4547,9.6839,10.1832,13400
2009-06-17,9.9661,10.4709,9.9661,10.3678,6100
2009-06-18,10.3244,10.8563,10.2212,10.8563,5200
2009-06-19,10.9540,11.0735,10.6609,11.0735,30700
2009-06-22,10.9649,10.9758,9.8521,9.9933,17900
2009-06-23,10.0530,10.1452,10.0421,10.0421,800
2009-06-24,10.1561,10.3081,9.8196,9.9010,7500
2009-06-25,10.2647,10.2918,9.8522,10.2809,4700
2009-06-26,10.2538,12.1917,10.1398,12.1917,110800
2009-06-29,12.0236,12.0236,10.7609,11.5240,15200
2009-06-30,11.5460,11.5460,11.1013,11.2934,12300
2009-07-01,11.4142,11.5295,11.0189,11.5295,7500
2009-07-02,11.3099,11.3099,10.6291,11.0958,19300
2009-07-06,11.0134,11.3099,10.6291,10.9365,25600
2009-07-07,10.9750,11.5294,10.5852,10.9695,15200
2009-07-08,11.3758,11.3758,10.7334,10.9365,13600
2009-07-09,11.0409,11.1726,10.7444,10.8871,8300
2009-07-10,11.1177,11.2165,10.9311,11.0079,4000
2009-07-13,11.0244,11.2550,10.8322,11.2550,9600
2009-07-14,11.2440,11.3373,10.9585,11.1671,10300
2009-07-15,11.3593,11.4965,10.9805,11.4087,11700
2009-07-16,11.3373,11.5295,11.2550,11.2934,10400
2009-07-17,11.4197,11.4526,10.8685,11.3209,24300
2009-07-20,11.4142,11.4691,11.1671,11.3977,10400
2009-07-21,11.4032,11.4252,11.1232,11.2440,20900
2009-07-22,11.2220,11.4746,11.2220,11.4526,19000
2009-07-23,11.3867,11.7985,11.2550,11.7985,27900
2009-07-24,11.7271,11.8040,11.2220,11.7656,11400
2009-07-27,11.9413,11.9413,11.2879,11.8150,22600
2009-07-28,11.7656,11.9632,11.5954,11.8315,11800
2009-07-29,12.0181,12.0785,11.8754,11.9028,13000
2009-07-30,12.0511,12.1115,11.3318,11.4801,29000
2009-07-31,11.3977,11.9413,11.3318,11.3867,36600
2009-08-03,11.3648,11.4746,11.0518,11.0848,13600
2009-08-04,11.0409,11.1507,10.9805,11.0628,16600
2009-08-05,11.2413,11.2413,10.7938,10.8981,10100
2009-08-06,10.7718,10.8816,10.0910,10.1679,12500
2009-08-07,10.4369,10.9256,10.3601,10.9256,41500
2009-08-10,10.7993,10.9201,10.2448,10.6318,6200
2009-08-11,10.3875,10.6016,10.1130,10.3271,22700
2009-08-12,10.2832,10.9365,10.2393,10.8652,49800
2009-08-13,10.8926,11.1397,10.4150,10.7169,16100
2009-08-14,10.7334,10.7334,10.0472,10.3491,40500
2009-08-17,10.2009,10.6675,10.2009,10.2118,17800
2009-08-18,10.2997,10.6291,10.1075,10.5303,9900
2009-08-19,10.3656,10.7169,10.3656,10.7169,7500
2009-08-20,10.6565,11.0079,10.6565,11.0024,8700
2009-08-21,11.1397,11.4746,10.7773,11.2275,48300
2009-08-24,11.2275,11.4636,10.6511,11.2385,19900
2009-08-25,11.2385,11.3593,11.1622,11.1836,3900
2009-08-26,11.2660,11.3593,10.9311,11.0738,33400
2009-08-27,11.0079,11.2550,10.7663,11.2385,7100
2009-08-28,11.2550,11.2550,10.6511,10.7499,5600
2009-08-31,10.6181,11.0299,10.0361,10.0361,23600
2009-09-01,10.0197,10.8377,9.9373,9.9867,24100
2009-09-02,9.9867,10.0197,9.8989,9.9538,4300
2009-09-03,9.9703,10.0032,9.8824,9.9867,8600
2009-09-04,9.9648,10.5412,9.9648,10.3436,43000
2009-09-08,10.3985,10.5962,10.1075,10.1899,8300
2009-09-09,10.1844,10.6840,10.1844,10.5632,17000
2009-09-10,10.5193,10.6675,10.2228,10.6236,19700
2009-09-11,10.6071,10.6071,9.4707,9.6244,40600
2009-09-14,9.6079,9.9703,9.3608,9.7287,34100
2009-09-15,9.6683,9.8001,9.5201,9.7726,7900
2009-09-16,9.7726,9.9593,9.5036,9.9044,10800
2009-09-17,9.9209,10.0416,9.8495,10.0416,6000
2009-09-18,9.9977,10.0361,9.1687,9.2785,80000
2009-09-21,9.2181,9.5750,9.0863,9.1303,26400
2009-09-22,9.2016,9.4048,8.8146,8.9326,20200
2009-09-23,8.9216,9.0973,8.9161,8.9381,5800
2009-09-24,9.0040,9.0040,8.7020,8.7020,14000
2009-09-25,8.4714,8.5483,8.0157,8.1530,71100
2009-09-28,8.2189,8.3342,7.9608,8.0542,13500
2009-09-29,8.1682,8.4528,8.1543,8.2463,9200
2009-09-30,8.2742,8.5588,8.1292,8.2519,20300
2009-10-01,8.2352,8.4472,7.9506,8.1626,32300
2009-10-02,8.0845,8.3858,7.9729,8.1459,22600
2009-10-05,8.2073,8.3189,8.1375,8.2910,12100
2009-10-06,8.3189,8.3356,8.1147,8.2575,9800
2009-10-07,8.2548,8.2575,8.0343,8.1905,8000
2009-10-08,8.2296,8.2296,7.9897,8.0566,10300
2009-10-09,7.8669,8.0064,7.2588,7.3815,71400
2009-10-12,7.4875,7.6438,7.3369,7.3759,12500
2009-10-13,7.4875,7.4875,7.1918,7.2699,20200
2009-10-14,7.3927,7.7107,7.3090,7.5991,17700
2009-10-15,7.5712,7.5712,7.3146,7.4094,16300
2009-10-16,7.2420,7.5210,6.7622,6.8794,59900
2009-10-19,6.9240,7.0244,6.7120,6.8961,19200
2009-10-20,6.9184,6.9184,6.7511,6.7957,15900
2009-10-21,6.7511,6.8347,6.6953,6.7343,15100
2009-10-22,6.8124,6.8292,6.6116,6.7790,14900
2009-10-23,6.7790,7.0356,6.7790,7.0133,19000
2009-10-26,7.0356,7.5322,7.0356,7.1081,18200
2009-10-27,7.1528,7.2532,6.9742,6.9742,19900
2009-10-28,6.9854,7.5433,6.9854,7.0300,19800
2009-10-29,7.0021,7.1584,6.9742,7.0802,11300
2009-10-30,7.0077,7.0077,6.7232,6.7957,20200
2009-11-02,6.8347,7.0914,6.7232,6.8626,7500
2009-11-03,6.8292,6.9296,6.6953,6.9296,9900
2009-11-04,6.8794,6.9742,6.6060,6.6395,18200
2009-11-05,6.7901,6.8068,6.5781,6.7734,17100
2009-11-06,6.6785,7.0691,6.5948,6.7455,13800
2009-11-09,6.7845,6.9575,6.6953,6.8180,13500
2009-11-10,6.8124,6.8124,6.5558,6.5725,13500
2009-11-11,6.6506,6.6506,6.4442,6.4553,11300
2009-11-12,6.4275,6.4888,5.6910,5.6910,50100
2009-11-13,5.7077,5.7189,5.2111,5.3116,52100
2009-11-16,5.3116,5.9755,5.3116,5.7356,37000
2009-11-17,5.7244,5.9967,5.4399,5.7747,28900
2009-11-18,5.7579,5.8026,5.4399,5.6017,26100
2009-11-19,5.5738,5.7468,5.3339,5.4399,29700
2009-11-20,5.4120,5.6184,5.1330,5.2167,51600
2009-11-23,5.3004,5.5738,5.1219,5.1888,19600
2009-11-24,5.1777,5.3506,5.0493,5.1554,11000
2009-11-25,4.8820,5.0103,4.7425,4.7983,174300
2009-11-27,4.7425,4.8262,4.5472,4.5472,19300
2009-11-30,4.5528,4.8820,4.5472,4.8820,38300
2009-12-01,4.8987,5.0996,4.7542,4.8485,26700
2009-12-02,4.8596,5.0661,4.8596,5.0214,8600
2009-12-03,5.0438,5.0772,4.8596,4.8931,14100
2009-12-04,4.9991,5.0940,4.9433,5.0940,12300
2009-12-07,5.0940,5.5738,5.0404,5.5236,52600
2009-12-08,5.5013,5.5459,5.3562,5.4176,15400
2009-12-09,5.4622,5.5236,5.2446,5.5236,14600
2009-12-10,5.5403,5.5794,5.4176,5.5069,17400
2009-12-11,5.5180,5.7133,5.4957,5.5682,17900
2009-12-14,5.5627,5.8137,5.5487,5.7133,51400
2009-12-15,5.7133,6.2517,5.7133,6.0481,70100
2009-12-16,6.1206,6.3270,5.8751,5.8918,67700
2009-12-17,5.8360,5.9699,5.4288,5.5515,36100
2009-12-18,5.5682,6.1038,5.4455,5.5069,241400
2009-12-21,5.5124,5.9699,5.4120,5.7468,71000
2009-12-22,5.7189,5.7189,5.3785,5.5515,57000
2009-12-23,5.4734,5.6575,5.4009,5.5571,15900
2009-12-24,5.3897,5.5235,5.3172,5.3785,7300
2009-12-28,5.4176,5.5459,5.3841,5.5013,25200
2009-12-29,5.4734,5.5069,5.3116,5.3674,14400
2009-12-30,5.3562,5.4790,5.3004,5.3841,25700
2009-12-31,5.3060,5.3841,5.3004,5.3227,44000
2010-01-04,5.3785,5.4399,5.3060,5.3841,42300
2010-01-05,5.3897,5.5124,5.3116,5.3283,15900
2010-01-06,5.3339,5.3953,5.1721,5.1721,19200
2010-01-07,5.1832,5.2837,5.0214,5.0382,20700
2010-01-08,5.0382,5.3172,5.0382,5.1498,12500
2010-01-11,5.2000,5.2000,4.9768,5.0047,10100
2010-01-12,4.9768,5.3172,4.8875,4.9935,27100
2010-01-13,5.0326,5.4008,5.0326,5.3562,35400
2010-01-14,5.3506,5.4678,5.2837,5.3841,12300
2010-01-15,5.4566,5.5180,5.3674,5.3674,26700
2010-01-19,5.3953,5.6352,5.3841,5.5682,22400
2010-01-20,5.5013,5.6408,5.3004,5.3004,16700
2010-01-21,5.3283,5.3562,4.9935,4.9935,29500
2010-01-22,5.0047,5.0772,4.9657,4.9880,33000
2010-01-25,5.0549,5.2558,5.0047,5.1386,13600
2010-01-26,5.1330,5.7885,5.1330,5.3841,28000
2010-01-27,5.3674,5.7468,5.3674,5.6129,17400
2010-01-28,5.6990,5.7721,5.3895,5.4064,16100
2010-01-29,5.4458,5.7158,5.4458,5.5752,17100
2010-02-01,5.6090,5.6821,5.4852,5.6258,16300
2010-02-02,5.6258,5.6258,5.3839,5.3839,13800
2010-02-03,5.3558,5.5977,5.2151,5.2602,18100
2010-02-04,5.2602,5.4289,5.2602,5.2602,43000
2010-02-05,5.2883,5.4232,5.2687,5.4120,9100
2010-02-08,5.4233,5.4796,5.0970,5.1195,25200
2010-02-09,5.2151,5.4289,5.1645,5.4177,10500
2010-02-10,5.4064,5.6033,5.3108,5.5583,14800
2010-02-11,5.5246,5.8509,5.4571,5.8509,20400
2010-02-12,5.7890,6.1828,5.6821,6.1322,30200
2010-02-16,6.1884,6.3572,6.1097,6.3066,19600
2010-02-17,6.3628,6.3909,6.1997,6.2447,21800
2010-02-18,6.4641,6.4641,5.8677,6.0196,12700
2010-02-19,6.0196,6.3178,6.0084,6.2672,18900
2010-02-22,6.3009,6.3291,6.2222,6.3291,7200
2010-02-23,6.3291,6.3291,5.9521,6.0253,17300
2010-02-24,6.0646,6.3262,5.9971,6.3178,7300
2010-02-25,6.2053,6.3009,6.0590,6.2447,14700
2010-02-26,6.2784,6.3009,6.1322,6.2728,24500
2010-03-01,6.3347,6.4697,6.1715,6.4697,13500
2010-03-02,6.4697,6.4978,6.3572,6.4303,32400
2010-03-03,6.4303,6.4303,6.2390,6.3516,12200
2010-03-04,6.3516,6.5541,6.3459,6.5541,12300
2010-03-05,6.6047,6.6610,6.5540,6.6104,28100
2010-03-08,6.6104,6.6610,6.5091,6.6497,6700
2010-03-09,6.6160,6.6835,6.4979,6.6835,11800
2010-03-10,6.6610,6.8523,6.6160,6.8410,13800
2010-03-11,6.7735,6.8748,6.6722,6.8185,16900
2010-03-12,6.8241,6.8720,6.5710,6.5822,11300
2010-03-15,6.8241,6.8860,6.5260,6.7622,9600
2010-03-16,6.7904,6.8298,6.6835,6.8298,7900
2010-03-17,6.8298,6.8635,6.7679,6.8185,12200
2010-03-18,6.8241,7.0210,6.8185,6.9817,24000
2010-03-19,7.0267,7.1167,6.8691,7.0998,42800
2010-03-22,7.0154,7.2686,6.9845,7.2011,27100
2010-03-23,7.2742,7.2855,7.1786,7.1786,17200
2010-03-24,7.1617,7.2061,7.0604,7.0604,8400
2010-03-25,7.0660,7.1054,6.8748,6.9198,4200
2010-03-26,6.8354,6.8804,6.6666,6.7566,11500
2010-03-29,6.7679,7.1167,6.7679,6.9929,3200
2010-03-30,7.0267,7.1729,6.8916,7.0885,15100
2010-03-31,7.0210,7.1729,6.7172,7.0604,19800
2010-04-01,7.0773,7.0942,6.5316,6.5822,20200
2010-04-05,6.6272,6.6272,6.3403,6.4641,22000
2010-04-06,6.4247,6.9310,6.3684,6.9198,13300
2010-04-07,6.8916,7.0323,6.5597,6.6891,20100
2010-04-08,6.6779,6.6891,6.5316,6.6216,13800
2010-04-09,6.6216,6.7566,6.6216,6.7566,15600
2010-04-12,6.7566,6.7566,6.6385,6.6779,8500
2010-04-13,6.6976,6.6976,6.4697,6.5428,12200
2010-04-14,6.6047,6.8354,6.5766,6.8185,11600
2010-04-15,6.7454,6.9727,6.6826,6.9704,17100
2010-04-16,6.9704,6.9929,6.7397,6.8185,14400
2010-04-19,6.7566,6.7848,6.6160,6.7172,7200
2010-04-20,6.7510,6.9029,6.6779,6.8860,10800
2010-04-21,6.8860,6.9085,6.7735,6.8410,6500
2010-04-22,6.7904,7.1111,6.7904,7.1054,14700
2010-04-23,7.0885,7.1729,6.9299,7.1729,14300
2010-04-26,7.1392,7.5949,6.9479,7.4880,35200
2010-04-27,7.4542,7.5949,7.2573,7.2573,23800
2010-04-28,7.3305,7.4824,7.3305,7.3473,3900
2010-04-29,7.4426,7.5729,7.0404,7.4992,31900
2010-04-30,7.5049,7.5049,7.2217,7.3463,15000
2010-05-03,7.3633,7.4992,7.1254,7.4652,8900
2010-05-04,7.3406,7.3406,7.0858,7.1707,20600
2010-05-05,7.0914,7.1934,6.8026,6.9725,20100
2010-05-06,6.9442,6.9442,6.4004,6.4174,28800
2010-05-07,6.4231,6.7516,6.1795,6.2248,29900
2010-05-10,6.4570,6.9328,6.2421,6.8479,26200
2010-05-11,6.7799,7.2217,6.6326,7.1934,17200
2010-05-12,7.1934,7.8108,7.1764,7.8051,41300
2010-05-13,7.7371,7.8504,7.1651,7.3633,23800
2010-05-14,7.3236,7.3633,7.1254,7.2047,8600
2010-05-17,7.2783,7.4256,7.0914,7.3576,14500
2010-05-18,7.4992,7.5049,7.1651,7.2047,10400
2010-05-19,7.1820,7.2840,7.0914,7.1820,16100
2010-05-20,7.1084,7.1424,6.6326,6.6779,35900
2010-05-21,6.5817,6.9725,6.3211,6.6213,30500
2010-05-24,6.6326,6.6949,6.2984,6.2984,12000
2010-05-25,6.3098,6.7912,6.2928,6.5760,16000
2010-05-26,6.6213,7.3463,6.6213,7.0348,52900
2010-05-27,7.2500,7.2585,7.0574,7.2557,15200
2010-05-28,7.2047,7.2557,6.8762,7.1594,15000
2010-06-01,7.0631,7.2443,6.9895,6.9895,36600
2010-06-02,7.0348,7.2387,6.9951,7.2217,16000
2010-06-03,7.1820,7.3293,7.1651,7.2047,8400
2010-06-04,6.9951,7.1679,6.9442,6.9951,31000
2010-06-07,7.0235,7.2528,6.6496,6.7346,38300
2010-06-08,6.6893,7.2727,6.5307,6.5420,16000
2010-06-09,6.6440,6.7799,6.3381,6.4287,27400
2010-06-10,6.5420,7.1084,6.5307,6.9385,38300
2010-06-11,6.7912,6.7912,6.7006,6.7686,7200
2010-06-14,6.8705,7.0121,6.6326,6.7289,14700
2010-06-15,6.8082,6.9045,6.6440,6.9045,17700
2010-06-16,6.7856,6.9385,6.6468,6.6893,26300
2010-06-17,6.7572,6.8082,6.5986,6.7346,7900
2010-06-18,6.7856,7.2613,6.6496,7.1934,79000
2010-06-21,7.3350,7.3350,6.8479,6.9328,13700
2010-06-22,6.9838,7.1537,6.5703,6.5986,21900
2010-06-23,6.6100,6.9951,6.5307,6.9951,19700
2010-06-24,6.9272,6.9272,6.5477,6.5647,29800
2010-06-25,6.6270,6.8592,6.5250,6.6836,217000
2010-06-28,6.5250,6.6666,6.5137,6.5647,13100
2010-06-29,6.5137,6.5448,6.1965,6.1965,27800
2010-06-30,6.1908,6.4684,6.0606,6.0606,14100
2010-07-01,6.1172,6.1568,5.9529,6.0945,19700
2010-07-02,6.1625,6.1625,5.9473,5.9926,13200
2010-07-06,6.1455,6.1682,5.8906,5.8963,55300
2010-07-07,5.9869,6.2135,5.9869,6.2078,35400
2010-07-08,6.2588,6.3608,6.2192,6.3608,17700
2010-07-09,6.3664,6.3834,6.2588,6.3664,23300
2010-07-12,6.3608,6.3664,6.0719,6.2022,17000
2010-07-13,6.3211,6.5817,6.2871,6.5647,40300
2010-07-14,6.5137,6.5590,6.4174,6.4967,10300
2010-07-15,6.5137,6.5137,6.3777,6.4627,26700
2010-07-16,6.3891,6.5477,6.1795,6.2418,31500
2010-07-19,6.2871,6.4684,6.2022,6.2248,14600
2010-07-20,6.1399,6.3041,5.9926,6.2475,19800
2010-07-21,6.2758,6.3154,5.9869,5.9869,16700
2010-07-22,6.1059,6.2305,6.0209,6.2078,25600
2010-07-23,6.1568,6.5137,6.1512,6.5137,42200
2010-07-26,6.5590,6.5930,6.3438,6.5363,34700
2010-07-27,6.6156,6.6156,6.4633,6.4740,43900
2010-07-28,6.4627,6.5533,6.4627,6.5024,13000
2010-07-29,6.5934,6.6562,6.4334,6.5477,28700
2010-07-30,6.4277,6.6791,6.4277,6.6048,22000
2010-08-02,6.7419,6.7991,6.4391,6.6677,39000
2010-08-03,6.7134,6.7534,6.6911,6.7191,31200
2010-08-04,6.7476,6.7534,6.6962,6.7134,25600
2010-08-05,6.6734,6.8333,6.6734,6.7248,16900
2010-08-06,6.6048,6.7305,6.4277,6.6791,18900
2010-08-09,6.7134,6.8448,6.5819,6.8276,16300
2010-08-10,6.7362,6.8391,6.6848,6.6848,16400
2010-08-11,6.5991,6.6448,6.1649,6.1763,32200
2010-08-12,6.1534,6.3477,6.0620,6.1420,20800
2010-08-13,6.1020,6.2446,5.9706,5.9706,18900
2010-08-16,5.9706,6.1934,5.9192,6.0906,20100
2010-08-17,6.1077,6.3706,5.9649,6.3534,28000
2010-08-18,6.2848,6.2848,6.0277,6.1649,9400
2010-08-19,6.1134,6.1134,5.8963,5.9020,34600
2010-08-20,5.8849,6.1077,5.8849,6.0563,21000
2010-08-23,6.0563,6.0963,5.9135,5.9135,31300
2010-08-24,5.7992,6.1649,5.7992,6.0106,17800
2010-08-25,5.9763,6.2620,5.9306,6.1306,12500
2010-08-26,6.1420,6.1877,6.0335,6.0392,11800
2010-08-27,6.1420,6.3134,6.0734,6.3077,17700
2010-08-30,6.2563,6.3106,5.9420,5.9420,16500
2010-08-31,5.9535,6.1249,5.9420,6.0220,27000
2010-09-01,6.1477,6.4905,6.1477,6.4905,31900
2010-09-02,6.4220,6.5305,6.2391,6.5134,10200
2010-09-03,6.5877,6.7933,6.3934,6.7476,15100
2010-09-07,6.7191,6.7191,6.1420,6.1763,16400
2010-09-08,6.2163,6.4220,6.2163,6.4105,6300
2010-09-09,6.5362,6.5362,6.3648,6.3820,6400
2010-09-10,6.3820,6.4962,6.2848,6.4448,7300
2010-09-13,6.5362,6.8276,6.3077,6.7876,27000
2010-09-14,6.7819,7.0619,6.7819,6.9590,17600
2010-09-15,6.9419,7.0562,6.8676,6.9705,11800
2010-09-16,6.9362,6.9362,6.8562,6.8562,5400
2010-09-17,6.9762,7.2733,6.8733,7.1762,50600
2010-09-20,7.1704,7.5132,7.0076,7.5132,35800
2010-09-21,7.5132,7.5990,7.1504,7.2504,25700
2010-09-22,7.2504,7.3704,6.9133,6.9305,19900
2010-09-23,6.8619,7.0276,6.6162,6.7648,19600
2010-09-24,6.8905,7.3418,6.8619,7.2790,30500
2010-09-27,7.2904,7.3190,7.0048,7.1476,8000
2010-09-28,7.1876,7.3418,7.0847,7.3361,26600
2010-09-29,7.3019,7.5075,7.2904,7.3704,28000
2010-09-30,7.4218,7.4847,7.4104,7.4275,9100
2010-10-01,7.5132,7.5475,7.3418,7.3418,6600
2010-10-04,7.4275,7.4275,7.1139,7.2390,16900
2010-10-05,7.3418,7.5704,7.2333,7.5647,23800
2010-10-06,7.5418,7.5418,7.3990,7.4047,23400
2010-10-07,7.4561,7.4561,7.3133,7.4275,12100
2010-10-08,7.4447,7.4847,7.2848,7.4275,24300
2010-10-11,7.4275,7.4275,7.3133,7.3590,6300
2010-10-12,7.3076,7.4218,7.2847,7.3990,6300
2010-10-13,7.4275,7.5418,7.3133,7.5190,14100
2010-10-14,7.5190,7.5704,7.4333,7.5075,23400
2010-10-15,7.5990,7.8161,7.5704,7.8104,35500
2010-10-18,7.8046,8.1132,7.7304,8.0275,41200
2010-10-19,7.9703,8.0875,7.7132,7.7875,27500
2010-10-20,7.8675,8.1989,7.8675,8.1589,13000
2010-10-21,8.2389,8.4217,8.1589,8.2332,17200
2010-10-22,8.2960,8.4446,8.2846,8.3531,16700
2010-10-25,8.4446,8.5645,8.3817,8.3931,29500
2010-10-26,8.3074,8.5417,8.2846,8.5188,13800
2010-10-27,8.4674,8.4731,8.3417,8.4103,10000
2010-10-28,8.5427,8.5427,8.3814,8.4160,7700
2010-10-29,8.3987,8.5254,8.3987,8.4275,10600
2010-11-01,8.4966,8.6810,8.4275,8.5254,34000
2010-11-02,8.5946,9.1130,8.5946,8.9978,65600
2010-11-03,9.0496,9.0496,8.8595,8.9517,9200
2010-11-04,8.9863,9.0151,8.8365,8.9978,43300
2010-11-05,9.0496,9.1245,8.8019,8.9863,15400
2010-11-08,8.9863,8.9863,8.8135,8.8883,19400
2010-11-09,8.8711,8.8999,8.8192,8.8307,31000
2010-11-10,8.8653,9.0439,8.8192,8.9863,20900
2010-11-11,8.9171,9.0093,8.9171,8.9459,9900
2010-11-12,8.9171,8.9863,8.8365,8.8423,14700
2010-11-15,8.9891,9.0151,8.8192,8.8538,26200
2010-11-16,8.8192,8.9920,8.7904,8.8999,36900
2010-11-17,8.8999,8.9863,8.7846,8.8365,10800
2010-11-18,8.9402,8.9575,8.8135,8.8307,52700
2010-11-19,8.8538,8.9402,8.6982,8.9402,22300
2010-11-22,8.9056,8.9056,8.6579,8.7616,12500
2010-11-23,8.6464,8.7616,8.6464,8.7155,12200
2010-11-24,8.7789,8.8423,8.7213,8.7789,35300
2010-11-26,8.7674,8.7674,8.7270,8.7270,1200
2010-11-29,8.7270,8.7846,8.3872,8.6637,14000
2010-11-30,8.5139,8.6573,8.3670,8.5888,24200
2010-12-01,8.7616,8.8653,8.6464,8.8365,36700
2010-12-02,8.8423,8.8423,8.6529,8.8077,14900
2010-12-03,8.7558,8.8048,8.6810,8.7904,10500
2010-12-06,8.7443,8.8135,8.6982,8.7731,50900
2010-12-07,8.8538,8.8538,8.7501,8.8135,33600
2010-12-08,8.8077,8.8423,8.7213,8.8135,16900
2010-12-09,8.8826,8.8826,8.4045,8.7846,38400
2010-12-10,8.8077,8.8768,8.7875,8.8768,37800
2010-12-13,8.8826,8.8883,8.7040,8.8711,17600
2010-12-14,8.9287,8.9287,8.7968,8.8538,28200
2010-12-15,8.8653,8.8883,8.7564,8.8538,10000
2010-12-16,8.8883,8.8999,8.8135,8.8711,27600
2010-12-17,8.8999,8.8999,8.8192,8.8711,58100
2010-12-20,8.8941,8.9287,8.8287,8.8653,14400
2010-12-21,8.8999,8.8999,8.8192,8.8307,15100
2010-12-22,8.9229,8.9229,8.7846,8.8711,39100
2010-12-23,8.8653,8.8653,8.4678,8.5254,27100
2010-12-27,8.5254,8.6176,8.4736,8.5600,5900
2010-12-28,8.2086,8.2605,8.0704,8.1049,23500
2010-12-29,8.0819,8.3181,7.9091,8.2432,16600
2010-12-30,8.2835,8.5081,8.2835,8.4563,16000
2010-12-31,8.4563,8.6061,8.4563,8.5600,12400
2011-01-03,8.6349,8.7904,8.5600,8.7674,26800
2011-01-04,8.7674,8.8077,8.5139,8.6694,12600
2011-01-05,8.6752,9.0496,8.6176,9.0496,17600
2011-01-06,8.9747,9.2167,8.8077,9.1188,33900
2011-01-07,9.1303,9.1303,8.8768,8.9114,14100
2011-01-10,8.8999,8.9517,8.8480,8.9517,33000
2011-01-11,8.9747,9.1879,8.9747,9.1764,7000
2011-01-12,9.2167,9.3665,9.1476,9.2167,27100
2011-01-13,9.1706,9.2167,9.1188,9.2167,16700
2011-01-14,9.2167,9.5047,9.1188,9.4010,45300
2011-01-18,9.3780,9.5508,9.3031,9.4874,17300
2011-01-19,9.6314,9.6430,9.2455,9.3377,29800
2011-01-20,9.3261,9.5162,8.9863,9.0151,19800
2011-01-21,9.0784,9.3837,9.0208,9.0266,23800
2011-01-24,9.0900,9.2455,8.9805,9.1360,39500
2011-01-25,9.1188,9.2340,9.1130,9.2167,19600
2011-01-26,9.2167,9.2743,9.1591,9.1994,14600
2011-01-27,9.2343,9.2924,9.1936,9.1936,14600
2011-01-28,9.1994,9.2866,8.3457,8.6884,33900
2011-01-31,8.7116,9.2111,8.7116,9.0833,95200
2011-02-01,9.1123,9.2226,9.0426,9.0426,26100
2011-02-02,9.0426,9.1181,8.6071,8.7174,17100
2011-02-03,8.7232,8.8916,8.6013,8.7000,10700
2011-02-04,8.7000,8.7639,8.6129,8.6768,22200
2011-02-07,8.6768,8.8452,8.6768,8.8219,13000
2011-02-08,8.8278,8.8278,8.6013,8.6942,14300
2011-02-09,8.6884,8.6884,8.5083,8.6477,8700
2011-02-10,8.5664,8.9207,8.5664,8.7639,12400
2011-02-11,8.7058,8.8452,8.4793,8.7987,21800
2011-02-14,8.8161,8.8161,8.6768,8.6942,10200
2011-02-15,8.7000,8.7291,8.6071,8.6593,16100
2011-02-16,8.6709,8.7232,8.6129,8.6884,19700
2011-02-17,8.6884,8.8974,8.6884,8.7639,66500
2011-02-18,8.8278,8.8278,8.6535,8.7116,42800
2011-02-22,8.6361,8.7406,8.4909,8.5258,22000
2011-02-23,8.5374,8.7464,8.4328,8.4503,32700
2011-02-24,8.4909,8.6826,8.4386,8.6245,22900
2011-02-25,8.6071,9.0949,8.6071,9.0194,16700
2011-02-28,9.1356,9.2924,8.8336,9.1239,23000
2011-03-01,9.0426,9.0891,8.7174,8.7406,16200
2011-03-02,8.7697,8.7697,8.5722,8.6709,24000
2011-03-03,8.7813,9.0368,8.7813,9.0368,36600
2011-03-04,9.0136,9.0949,8.9904,9.0194,16700
2011-03-07,9.0833,9.0833,8.8452,9.0194,61200
2011-03-08,9.0136,9.3795,8.9788,9.2866,20100
2011-03-09,9.2982,9.3795,9.2459,9.3098,10200
2011-03-10,9.2459,9.2517,8.8510,8.8858,27700
2011-03-11,8.8916,9.1704,8.8858,9.0601,38200
2011-03-14,8.9207,8.9904,8.8684,8.8684,6800
2011-03-15,8.5258,8.8684,8.5258,8.7987,11500
2011-03-16,8.7464,8.8103,8.7116,8.7348,16300
2011-03-17,8.8742,8.8974,8.7581,8.8568,12400
2011-03-18,8.9207,9.2866,8.8916,9.2169,80400
2011-03-21,9.3156,9.3795,9.0368,9.3795,10300
2011-03-22,9.3504,9.5247,9.2808,9.4782,24600
2011-03-23,9.4782,9.5828,9.3737,9.5537,6000
2011-03-24,9.5886,9.6118,9.4840,9.4840,18300
2011-03-25,9.5421,9.8499,9.4201,9.6292,28000
2011-03-28,9.4201,9.5014,9.3679,9.3795,12500
2011-03-29,9.3853,9.6408,9.3795,9.6118,11000
2011-03-30,9.6408,9.8499,9.6118,9.8093,7600
2011-03-31,9.7338,9.8093,9.6408,9.7628,19100
2011-04-01,9.8151,10.0183,9.6699,9.9312,18200
2011-04-04,10.0009,10.0996,9.8325,9.8790,10900
2011-04-05,9.7976,9.9603,9.7976,9.9254,62000
2011-04-06,9.9486,10.0241,9.9202,10.0241,9400
2011-04-07,10.0125,10.2565,9.8790,10.1287,11300
2011-04-08,10.2216,10.2216,9.9138,10.0183,12600
2011-04-11,10.0183,10.0938,9.9545,9.9545,11500
2011-04-12,9.9080,9.9922,9.5828,9.5944,16400
2011-04-13,9.7396,9.7396,9.3098,9.4201,21100
2011-04-14,9.2924,9.6699,9.2923,9.6699,17800
2011-04-15,9.6002,9.7163,9.4376,9.5828,23500
2011-04-18,9.4376,9.6466,9.3737,9.6060,26300
2011-04-19,9.6757,9.6757,9.4840,9.4840,3400
2011-04-20,9.6757,9.7570,9.6583,9.7338,9300
2011-04-21,9.8383,10.1287,9.7105,10.0358,37200
2011-04-25,10.0183,10.0764,9.8964,10.0358,13200
2011-04-26,10.0764,10.2100,9.9951,10.1635,11700
2011-04-27,10.1635,10.2158,10.0764,10.1461,11000
2011-04-28,10.1469,10.1528,9.9361,10.0474,6800
2011-04-29,10.0649,10.1879,9.9654,10.0532,33000
2011-05-02,10.1469,10.1469,10.0532,10.1059,22000
2011-05-03,10.1411,10.1586,9.8659,9.9478,23000
2011-05-04,9.9888,10.0857,9.8073,9.8073,22800
2011-05-05,9.7898,9.9186,9.5146,9.5555,9500
2011-05-06,9.7253,9.7253,9.3799,9.3975,9800
2011-05-09,9.3682,9.4502,9.2452,9.4033,9900
2011-05-10,9.4267,9.7078,9.4267,9.6961,11600
2011-05-11,9.6434,9.6434,9.1574,9.1574,16500
2011-05-12,9.1281,9.6609,9.0988,9.6082,45700
2011-05-13,9.6317,9.7136,9.3740,9.4853,18000
2011-05-16,9.3975,9.5146,9.1750,9.2394,21700
2011-05-17,9.1750,9.9478,8.6714,8.9056,47100
2011-05-18,8.8998,9.0637,8.7306,8.9583,42000
2011-05-19,9.0344,9.1106,8.7768,8.9408,31400
2011-05-20,8.8646,8.9173,8.7300,8.7593,35600
2011-05-23,8.7358,8.7563,8.4899,8.4958,36500
2011-05-24,8.5719,8.8939,8.3260,8.3728,60900
2011-05-25,8.3904,8.4782,8.1386,8.1562,33000
2011-05-26,8.1562,8.2850,8.1562,8.2791,33800
2011-05-27,8.3435,8.3728,8.2557,8.2616,42800
2011-05-31,8.2733,8.6539,8.2733,8.3318,340100
2011-06-01,8.3435,8.3728,7.7580,7.8107,57000
2011-06-02,7.9337,8.0039,7.8751,7.9103,26300
2011-06-03,7.7814,8.1445,7.6702,7.9103,43000
2011-06-06,8.0215,8.1386,7.8634,8.0215,39900
2011-06-07,8.1328,8.3728,8.0157,8.3143,19100
2011-06-08,8.2499,8.4137,8.1445,8.1445,19200
2011-06-09,8.2323,8.2499,8.1386,8.1855,13600
2011-06-10,8.1913,8.3845,8.1386,8.3143,37500
2011-06-13,8.3904,8.9173,8.1972,8.2499,101300
2011-06-14,8.3728,8.5719,8.3143,8.5250,29300
2011-06-15,8.4021,8.4021,8.1562,8.2616,21800
2011-06-16,8.3026,8.5192,8.2440,8.4665,19300
2011-06-17,8.5543,8.6890,8.2499,8.5777,52800
2011-06-20,8.5368,8.7768,8.5192,8.7475,14900
2011-06-21,8.8354,8.8471,8.6539,8.8119,25200
2011-06-22,8.7710,8.8119,8.4958,8.5192,10800
2011-06-23,8.4314,8.4314,8.1972,8.3962,16900
2011-06-24,8.4372,8.6539,8.2557,8.6187,108600
2011-06-27,8.5660,8.8354,8.4899,8.8354,36700
2011-06-28,8.8529,8.9525,8.7479,8.9525,28600
2011-06-29,8.9993,9.0754,8.6304,8.6773,13800
2011-06-30,8.7534,8.8354,8.5016,8.8237,28000
2011-07-01,8.8295,8.8412,8.6421,8.7651,20500
2011-07-05,8.7534,8.7768,8.5016,8.7183,13100
2011-07-06,8.7066,8.8354,8.6984,8.8295,14400
2011-07-07,8.9056,9.2979,8.9056,9.1340,24300
2011-07-08,9.0052,9.1750,8.9058,9.1340,11300
2011-07-11,9.1486,9.2218,8.9115,8.9583,13600
2011-07-12,8.9700,9.2159,8.9700,9.1574,8100
2011-07-13,9.1925,9.2979,8.9408,9.1281,14300
2011-07-14,9.0930,9.2511,8.9817,8.9817,14800
2011-07-15,9.0520,9.6082,9.0520,9.6024,54800
2011-07-18,9.4267,9.7078,9.2452,9.5029,30800
2011-07-19,9.6551,10.0884,9.3565,9.9888,29900
2011-07-20,9.9478,9.9478,9.6317,9.8073,6700
2011-07-21,9.8307,10.1469,9.7109,9.9830,25300
2011-07-22,9.1515,9.8893,9.1398,9.6668,58700
2011-07-25,9.5146,9.7195,9.3857,9.4853,21500
2011-07-26,9.5497,9.5731,9.4677,9.4677,5500
2011-07-27,9.4560,9.7546,9.3682,9.5204,45600
2011-07-28,9.6131,9.7490,9.5422,9.7253,30000
2011-07-29,9.5599,9.7962,9.5422,9.7253,11700
2011-08-01,9.9144,10.2689,9.7667,9.9676,54200
2011-08-02,9.9499,10.2807,9.6190,9.6190,27800
2011-08-03,9.7253,10.2512,9.6190,10.0562,23200
2011-08-04,9.8967,10.0149,9.6013,9.6013,62400
2011-08-05,9.7313,9.8967,9.6426,9.7194,10700
2011-08-08,9.5185,10.0562,8.3369,8.5259,69600
2011-08-09,8.8923,10.2039,8.3900,9.6958,62100
2011-08-10,9.3295,9.4949,8.4202,8.5377,94300
2011-08-11,8.6027,9.1759,8.5968,8.7741,39300
2011-08-12,8.8863,8.8982,8.5643,8.7800,32400
2011-08-15,8.9218,9.0400,8.7800,8.9218,20900
2011-08-16,8.8036,9.1404,8.5141,8.5909,21500
2011-08-17,8.6795,8.9041,8.5082,8.5200,14300
2011-08-18,8.4137,8.6914,8.3309,8.3959,49700
2011-08-19,8.3073,8.8273,8.3073,8.4964,30300
2011-08-22,8.8154,8.8154,8.5732,8.6323,25700
2011-08-23,8.5673,9.1345,8.5673,9.1168,35200
2011-08-24,9.0400,9.5717,8.8923,9.5422,22500
2011-08-25,9.5954,9.6899,9.0163,9.0163,21000
2011-08-26,8.9691,9.4122,8.9691,9.3886,19100
2011-08-29,9.4831,9.6781,9.3767,9.6308,29600
2011-08-30,9.5540,10.0680,9.0577,10.0149,41800
2011-08-31,9.9027,10.0503,9.4654,9.6367,24800
2011-09-01,9.8553,9.9617,9.2444,9.2704,19300
2011-09-02,9.1463,9.3295,8.5850,8.5850,42900
2011-09-06,8.4432,9.0754,8.4261,8.6855,23100
2011-09-07,8.8686,9.3827,8.8686,9.3767,45800
2011-09-08,9.2822,9.3413,8.8923,9.0104,16600
2011-09-09,8.9159,9.0104,8.5437,8.5850,31000
2011-09-12,8.9218,8.9809,8.4609,8.7445,9200
2011-09-13,8.8391,9.1404,8.8273,9.1227,17400
2011-09-14,9.2113,9.4417,8.8686,9.3945,33900
2011-09-15,9.4417,9.4417,9.2172,9.4122,11000
2011-09-16,9.4536,9.6013,9.3058,9.5422,34500
2011-09-19,9.3413,9.3827,8.9868,9.1818,10200
2011-09-20,9.2999,9.3708,9.0281,9.0518,16600
2011-09-21,9.0754,9.0754,8.7445,8.7889,16500
2011-09-22,8.4609,9.1995,8.4373,8.6027,41900
2011-09-23,8.6323,8.8745,8.5732,8.7800,17200
2011-09-26,8.9041,9.0577,8.7800,8.9750,8700
2011-09-27,9.2172,9.3058,8.9277,9.1818,21700
2011-09-28,9.1995,9.2409,8.5555,8.5555,22400
2011-09-29,8.8627,8.8686,8.6855,8.8627,17700
2011-09-30,8.8627,8.8627,8.7534,8.7800,30100
2011-10-03,8.7091,8.9100,8.3309,8.3487,31900
2011-10-04,8.2719,9.6072,8.2719,9.3531,52400
2011-10-05,9.1640,9.2763,8.7741,9.2468,15600
2011-10-06,9.3295,9.3295,8.9454,9.1522,22700
2011-10-07,9.1286,9.1286,8.5673,8.6323,18000
2011-10-10,8.8273,9.0104,8.5732,8.9513,28300
2011-10-11,8.8627,9.1699,8.8627,9.1581,22200
2011-10-12,9.2468,9.3058,8.9868,9.3058,18900
2011-10-13,9.1995,9.5717,9.0304,9.5717,18300
2011-10-14,9.6544,9.7490,9.3177,9.7135,22700
2011-10-17,9.4536,9.7431,9.1522,9.1640,22800
2011-10-18,9.2822,10.0444,9.1581,9.8140,23700
2011-10-19,9.7726,9.8790,9.3590,9.4299,16100
2011-10-20,9.4595,9.4595,9.1109,9.3827,9700
2011-10-21,9.6131,9.8317,9.4122,9.6485,23500
2011-10-24,9.5599,10.0444,9.5599,10.0385,35100
2011-10-25,9.9262,10.1862,9.7372,9.9203,45100
2011-10-26,10.1389,10.1862,9.8790,10.0444,22600
2011-10-27,10.2217,10.2512,9.7372,10.2276,64700
2011-10-28,10.1812,10.1991,9.7101,10.0799,16900
2011-10-31,9.8592,10.1395,9.6683,9.8830,15300
2011-11-01,9.4834,10.1335,9.2508,9.3880,27300
2011-11-02,9.5669,9.9248,9.5669,9.8115,17000
2011-11-03,10.0083,10.2826,10.0083,10.1991,23300
2011-11-04,10.0083,10.1156,9.8771,9.9904,8100
2011-11-07,9.9844,9.9844,9.5908,9.9248,10200
2011-11-08,10.0321,10.2469,9.9964,10.2349,16700
2011-11-09,9.9069,9.9069,9.5490,9.6206,38300
2011-11-10,9.7757,10.0023,9.6981,9.9248,9500
2011-11-11,10.1037,10.1216,9.8836,10.0679,20700
2011-11-14,10.0441,10.1097,9.7518,9.8234,15500
2011-11-15,9.6623,10.0739,9.6623,10.0262,23100
2011-11-16,9.8532,10.1932,9.8174,9.8711,12400
2011-11-17,9.9665,9.9665,9.6862,9.7101,21500
2011-11-18,9.7220,9.9606,9.7220,9.9009,12500
2011-11-21,9.7041,9.9785,9.7041,9.8115,16100
2011-11-22,9.8987,9.8987,9.7518,9.7876,7800
2011-11-23,9.7280,9.7757,9.3104,9.3164,24600
2011-11-25,9.3045,9.4476,9.1196,9.2329,11600
2011-11-28,9.6385,9.6385,9.4238,9.6206,19900
2011-11-29,9.5848,9.6385,9.4357,9.5490,11100
2011-11-30,9.8413,10.1932,9.8234,10.1455,57600
2011-12-01,10.0321,10.0321,9.7757,9.7757,18200
2011-12-02,9.9725,10.0500,9.7876,10.0202,10500
2011-12-05,10.1812,10.1932,9.8532,10.1395,25300
2011-12-06,10.1335,10.3244,9.9665,10.2886,22400
2011-12-07,10.2501,10.3483,9.9367,10.3483,18500
2011-12-08,10.3483,10.3483,10.0769,10.1156,23400
2011-12-09,10.1455,10.4795,10.1455,10.4019,26400
2011-12-12,10.2648,10.2648,10.1395,10.1991,17100
2011-12-13,10.2826,10.4198,10.0560,10.0977,26200
2011-12-14,10.0023,10.6763,10.0023,10.6524,28300
2011-12-15,10.7121,10.7359,10.5212,10.7359,17900
2011-12-16,10.6524,10.8015,10.4854,10.6167,59500
2011-12-19,10.7300,10.7837,10.1574,10.2648,22100
2011-12-20,10.5153,11.3026,10.5033,11.2608,25700
2011-12-21,11.1654,11.4278,11.1177,11.4099,13200
2011-12-22,11.4099,11.4099,11.2234,11.3324,21600
2011-12-23,11.3562,11.3562,11.0580,11.2906,7200
2011-12-27,11.2489,11.3264,11.1057,11.3026,4100
2011-12-28,11.1326,11.1892,10.9566,10.9745,19700
2011-12-29,11.0521,11.1594,10.9452,11.1415,8600
2011-12-30,11.1296,11.1833,10.9149,11.0163,37700
2012-01-03,11.2727,11.3026,10.8075,11.2608,33800
2012-01-04,11.1594,11.4338,10.9984,11.0342,19100
2012-01-05,11.0163,11.2906,11.0163,11.1534,7400
2012-01-06,11.1713,11.2131,11.1266,11.1594,19300
2012-01-09,11.2012,11.2012,11.0103,11.0759,13900
2012-01-10,11.2727,11.3205,10.9745,11.1534,20000
2012-01-11,11.1296,11.1833,10.9924,11.1833,22300
2012-01-12,11.1833,11.4040,11.0342,11.4040,25900
2012-01-13,11.1892,11.5471,11.1892,11.4994,24700
2012-01-17,11.5352,11.8990,11.3861,11.8871,32000
2012-01-18,11.8215,12.3284,11.8215,12.2270,71500
2012-01-19,12.2390,12.2449,12.0183,12.2091,19400
2012-01-20,12.1853,12.2986,12.1197,12.2569,28000
2012-01-23,12.2569,12.2807,12.1137,12.1734,13000
2012-01-24,12.1197,12.2926,12.0958,12.2867,42100
2012-01-25,12.2867,13.0561,12.2867,13.0382,24300
2012-01-26,13.1812,13.2413,13.0549,13.1992,36200
2012-01-27,13.0790,13.0790,13.0008,13.0669,12300
2012-01-30,12.9046,13.0730,12.8810,13.0429,20200
2012-01-31,13.1030,13.1030,12.4837,12.6340,18600
2012-02-01,12.7302,13.1090,12.4837,12.9226,36600
2012-02-02,12.9106,13.0549,12.7723,13.0549,15200
2012-02-03,13.1090,13.2233,13.0802,13.2233,32500
2012-02-06,13.1992,13.2233,13.0249,13.1752,11600
2012-02-07,13.2293,13.2293,13.0850,13.1211,11000
2012-02-08,13.1932,13.2293,13.1391,13.2233,13300
2012-02-09,13.1511,13.2233,12.4837,12.5678,27400
2012-02-10,12.5137,12.5570,12.2972,12.3333,14300
2012-02-13,12.5137,12.5137,12.2852,12.3874,8800
2012-02-14,12.5077,12.5558,12.2491,12.5257,17900
2012-02-15,12.6460,12.6460,12.3033,12.3033,14900
2012-02-16,12.3935,13.1271,12.3935,13.1151,16000
2012-02-17,13.1391,13.2293,12.9768,13.2113,31600
2012-02-21,13.2293,13.2293,13.0674,13.2293,13600
2012-02-22,13.1992,13.2353,12.9286,13.0008,22900
2012-02-23,13.0609,13.5179,12.9347,13.4999,24200
2012-02-24,13.4759,13.4999,13.2113,13.2473,12800
2012-02-27,13.1812,13.5179,12.8986,13.0549,40600
2012-02-28,13.1090,13.1090,12.3822,12.4596,12800
2012-02-29,12.4656,12.5919,11.8883,11.9665,32700
2012-03-01,12.0266,12.3754,12.0266,12.1589,20400
2012-03-02,12.2191,12.2191,11.2449,11.3712,28900
2012-03-05,11.3712,11.7019,11.2952,11.6658,21000
2012-03-06,11.5215,11.5636,11.1427,11.1908,13200
2012-03-07,11.2930,11.3952,11.0765,11.2990,16000
2012-03-08,11.3652,11.7260,11.1667,11.4133,11600
2012-03-09,11.3892,11.8222,11.3892,11.7320,13300
2012-03-12,11.7019,11.7019,11.5035,11.6117,9700
2012-03-13,11.7801,12.1589,11.4434,12.1589,24900
2012-03-14,12.1349,12.3093,12.0928,12.2491,9900
2012-03-15,11.7861,12.0987,11.7260,11.9665,12700
2012-03-16,12.0266,12.0928,11.7440,12.0627,31500
2012-03-19,12.0327,12.5739,11.9605,12.5739,20900
2012-03-20,12.4055,12.5377,12.3694,12.5137,7000
2012-03-21,12.5799,12.5979,12.0567,12.3935,11700
2012-03-22,12.3153,12.3153,11.6959,11.7560,10900
2012-03-23,11.7921,12.4656,11.7609,12.4115,12600
2012-03-26,12.4957,12.6280,12.1018,12.5678,34500
2012-03-27,12.6220,12.6280,12.3153,12.5438,16300
2012-03-28,12.5919,12.5919,12.3995,12.4295,7200
2012-03-29,12.3754,12.4416,12.1529,12.3453,6300
2012-03-30,12.4776,12.4776,12.0266,12.0266,13700
2012-04-02,12.0266,12.4416,11.9845,12.2191,13600
2012-04-03,12.2010,12.2010,11.8342,11.8763,10400
2012-04-04,11.7801,11.9123,11.2028,11.3050,22400
2012-04-05,11.2750,11.4794,11.2750,11.4013,12300
2012-04-09,11.2088,11.2088,10.8540,10.8781,20100
2012-04-10,10.8901,11.0044,10.0964,10.3730,37100
2012-04-11,10.5233,10.7578,10.4812,10.7037,27000
2012-04-12,10.7638,11.2690,10.7153,11.2389,21200
2012-04-13,11.1547,11.1667,10.8961,10.9803,27800
2012-04-16,11.0525,11.1848,10.9304,11.1487,8400
2012-04-17,11.2028,11.3050,11.1246,11.2088,16100
2012-04-18,11.1006,11.2148,11.0344,11.0705,12300
2012-04-19,11.0465,11.2690,11.0465,11.1246,13700
2012-04-20,11.5215,11.8162,11.3471,11.4253,28300
2012-04-23,11.1908,11.2870,11.0705,11.0765,24800
2012-04-24,11.0525,11.3652,10.9743,11.3652,7800
2012-04-25,11.5275,11.6658,11.5275,11.5817,15200
2012-04-26,11.6177,11.6658,11.5155,11.6418,14600
2012-04-27,11.6962,11.7084,11.4532,11.6658,53200
2012-04-30,11.5929,11.6051,11.4289,11.5079,10000
2012-05-01,11.4714,11.5079,10.6815,10.7058,22000
2012-05-02,10.6512,10.7180,10.4810,10.5539,24500
2012-05-03,10.4932,10.6937,10.4810,10.5539,20000
2012-05-04,10.5418,10.7423,10.5418,10.5418,23000
2012-05-07,10.5053,10.9057,10.4689,10.6086,8800
2012-05-08,10.6086,10.7301,10.6086,10.6998,10100
2012-05-09,10.6026,10.7544,10.5965,10.6329,15000
2012-05-10,10.7119,10.8820,10.6633,10.7484,8700
2012-05-11,10.6026,11.0036,10.6026,10.8942,20800
2012-05-14,10.8395,11.1008,10.8395,10.9732,13800
2012-05-15,10.9550,11.1372,10.8456,10.8699,37000
2012-05-16,10.9671,11.2769,10.8881,10.9853,11900
2012-05-17,10.9975,11.0826,10.8699,10.9367,14300
2012-05-18,10.9063,11.1190,10.8699,10.9975,28500
2012-05-21,10.9853,11.3074,10.8699,10.9550,24500
2012-05-22,10.9550,11.2345,10.5175,10.5843,40000
2012-05-23,10.5296,10.8456,10.4446,10.6147,18000
2012-05-24,10.6451,10.8031,10.3899,10.6512,14900
2012-05-25,10.6937,10.7544,10.5053,10.5782,10500
2012-05-29,10.6633,10.8152,10.6633,10.7605,11200
2012-05-30,10.5904,10.7788,10.5175,10.5236,20600
2012-05-31,10.5904,10.7727,10.4203,10.6026,21000
2012-06-01,10.3899,10.5175,10.2137,10.2623,32900
2012-06-04,10.3777,10.4440,10.2076,10.2805,19500
2012-06-05,10.2137,10.7119,10.2137,10.6633,51900
2012-06-06,10.6998,11.5443,10.5722,11.4107,24200
2012-06-07,11.5504,11.6233,11.1555,11.4593,28200
2012-06-08,11.3985,11.5565,11.2223,11.5382,20700
2012-06-11,11.5443,11.5443,10.6390,10.6390,42500
2012-06-12,10.7362,11.7995,10.5722,11.0461,32600
2012-06-13,11.0522,11.3499,10.7517,10.9307,11700
2012-06-14,11.0157,11.4167,10.9793,11.3863,12800
2012-06-15,11.2770,11.5565,11.0096,11.5018,49600
2012-06-18,11.3620,11.4714,11.0339,11.2527,31300
2012-06-19,11.2648,11.7874,11.0765,11.6294,41200
2012-06-20,11.5443,11.5504,11.3499,11.4167,8700
2012-06-21,10.8820,11.0582,10.8517,10.9367,22200
2012-06-22,11.1069,11.5443,11.1008,11.5443,106800
2012-06-25,11.2831,11.4714,11.0826,11.3742,31400
2012-06-26,11.3742,11.5334,11.3377,11.5018,11300
2012-06-27,11.4653,11.4896,11.1676,11.4896,22300
2012-06-28,11.3742,11.3742,10.8942,11.2588,11200
2012-06-29,11.5079,11.5808,11.2041,11.5747,24600
2012-07-02,11.5747,11.6051,11.1798,11.5990,38500
2012-07-03,11.6233,11.7874,11.2709,11.7874,11900
2012-07-05,11.7570,11.7813,11.3499,11.7266,18700
2012-07-06,11.6112,11.7752,11.5443,11.6537,8600
2012-07-09,11.7691,12.0000,11.7509,11.7752,14300
2012-07-10,11.8967,12.0091,11.6476,11.8846,11600
2012-07-11,11.8785,12.1458,11.7266,12.1033,27200
2012-07-12,11.9879,12.3403,11.9575,12.2066,15800
2012-07-13,12.3220,12.4800,12.0426,12.4132,41000
2012-07-16,12.3342,12.4861,12.1519,12.3281,29900
2012-07-17,12.4436,12.5590,12.2309,12.4314,14600
2012-07-18,12.3950,12.5104,12.2248,12.4739,8800
2012-07-19,12.3038,12.3950,12.2005,12.2005,4800
2012-07-20,12.1398,12.2127,11.9879,11.9939,15300
2012-07-23,11.7023,12.0000,11.4896,11.5747,43000
2012-07-24,11.7023,11.8992,11.0947,11.1008,15100
2012-07-25,11.2466,11.4957,11.1190,11.1190,11000
2012-07-26,11.3803,11.3803,11.1403,11.1919,5400
2012-07-27,11.3195,11.9028,11.1858,11.7509,15800
2012-07-30,11.8219,12.0985,11.4653,11.4653,8700
2012-07-31,11.5760,11.6867,11.3239,11.3670,17100
2012-08-01,11.4899,11.4899,10.9735,10.9735,30600
2012-08-02,10.9981,11.0965,10.9305,10.9551,18400
2012-08-03,11.1026,11.2748,10.9428,11.2686,23400
2012-08-06,11.2256,11.8336,11.0473,11.6682,14700
2012-08-07,11.7112,11.7666,11.4469,11.6129,28000
2012-08-08,11.5821,11.6559,11.4592,11.5207,7600
2012-08-09,11.5514,11.6006,11.3547,11.6006,2000
2012-08-10,11.6190,11.6919,11.4039,11.5637,5400
2012-08-13,11.6805,11.7481,11.2194,11.3854,9200
2012-08-14,11.4346,11.5883,11.2194,11.2686,8500
2012-08-15,11.2194,11.4653,11.2194,11.2871,11800
2012-08-16,11.2748,11.5944,11.2071,11.5576,28400
2012-08-17,11.4961,11.6559,11.4438,11.6559,25900
2012-08-20,11.6436,11.6805,11.5576,11.6621,5200
2012-08-21,11.7481,11.8711,11.6436,11.7481,9700
2012-08-22,11.6928,11.9876,11.6928,11.7789,3600
2012-08-23,11.8035,11.8035,11.5576,11.5576,4000
2012-08-24,11.4961,11.8957,11.4285,11.7051,11600
2012-08-27,11.8035,11.8035,11.6436,11.7420,6500
2012-08-28,11.7973,11.8035,11.6928,11.7297,25400
2012-08-29,11.6867,11.8957,11.6867,11.8342,4900
2012-08-30,11.7174,11.8711,11.7174,11.8403,3700
2012-08-31,11.8957,11.8957,11.6867,11.7789,12700
2012-09-04,11.8219,11.8342,11.6989,11.7604,15500
2012-09-05,11.8465,11.8957,11.7420,11.7912,19000
2012-09-06,11.8957,12.1662,11.8373,12.1047,25400
2012-09-07,12.2153,12.2953,11.8772,12.2830,34000
2012-09-10,12.2830,12.2830,12.0494,12.1539,9200
2012-09-11,12.1293,12.2645,12.0801,12.2338,14100
2012-09-12,12.2584,12.2953,12.0801,12.2830,9900
2012-09-13,12.2338,12.3444,12.1785,12.3322,45400
2012-09-14,12.3690,12.7563,12.0678,12.6334,35400
2012-09-17,12.6026,12.7871,12.4367,12.6518,16900
2012-09-18,12.6703,12.6703,12.2522,12.5104,20600
2012-09-19,12.5904,12.5996,12.3813,12.4981,16000
2012-09-20,12.3629,12.4490,12.3629,12.3690,2700
2012-09-21,12.6457,12.6457,12.2092,12.2153,44200
2012-09-24,12.1969,12.4121,12.0432,12.2953,22600
2012-09-25,12.3690,12.4674,12.0432,12.1723,23900
2012-09-26,12.2461,12.3813,11.9879,12.3629,36900
2012-09-27,12.5043,12.5043,12.0869,12.2707,21400
2012-09-28,12.1785,12.3567,12.0555,12.0555,27900
2012-10-01,12.0617,12.2707,12.0555,12.2338,10700
2012-10-02,12.3383,12.3383,12.0740,12.1908,23800
2012-10-03,12.2645,12.3752,12.1662,12.1662,14500
2012-10-04,12.2215,12.3383,12.1600,12.3383,13400
2012-10-05,12.2953,12.4490,12.2942,12.3567,15200
2012-10-08,12.2645,12.3875,12.1908,12.2953,15300
2012-10-09,12.3506,12.3629,12.2031,12.2153,16400
2012-10-10,12.2768,12.3660,12.2338,12.2768,4500
2012-10-11,12.4244,12.4356,12.2891,12.2953,6900
2012-10-12,12.1723,12.2891,12.0801,12.2399,27800
2012-10-15,12.3567,12.3567,12.0556,12.1354,14000
2012-10-16,12.1416,12.1416,11.7850,12.0740,28800
2012-10-17,12.0125,12.1047,11.9571,11.9571,5800
2012-10-18,11.9817,11.9879,11.4346,11.4346,20500
2012-10-19,11.3977,11.4407,11.0227,11.1764,45600
2012-10-22,11.1764,11.3547,11.1580,11.2133,13500
2012-10-23,11.1580,11.8885,11.1580,11.1887,22400
2012-10-24,11.3547,11.3547,11.1641,11.2317,7700
2012-10-25,11.3362,11.4592,11.3055,11.4100,10600
2012-10-26,11.4223,11.5268,11.1764,11.3793,21000
2012-10-31,11.4205,11.6135,11.1527,11.5637,25900
2012-11-01,11.6073,11.8066,11.4267,11.8003,27100
2012-11-02,11.8252,11.8252,11.2088,11.2897,36600
2012-11-05,11.2710,11.5077,11.2088,11.4080,18100
2012-11-06,11.4392,11.6322,11.2897,11.4827,25200
2012-11-07,11.4142,11.6011,11.0655,11.0904,21300
2012-11-08,11.1714,11.2897,11.1714,11.2025,25800
2012-11-09,11.2088,11.3893,11.1838,11.2212,11600
2012-11-12,11.2710,11.4578,11.2648,11.3395,4300
2012-11-13,11.4080,11.4578,11.2586,11.3146,12400
2012-11-14,11.4018,11.4018,11.0219,11.0531,23300
2012-11-15,11.0904,11.3445,11.0904,11.1216,11500
2012-11-16,11.0531,11.4329,10.9036,11.0967,31600
2012-11-19,11.2648,11.4398,11.2088,11.2835,10200
2012-11-20,11.2212,11.3271,11.0718,11.1216,29100
2012-11-21,11.1963,11.4329,11.1963,11.3146,7000
2012-11-23,11.3769,11.4765,11.3022,11.4765,15900
2012-11-26,11.4080,11.4080,11.1901,11.2274,9900
2012-11-27,11.3146,11.3333,11.2150,11.2150,15200
2012-11-28,11.2959,11.3022,11.1652,11.3022,12200
2012-11-29,11.4142,11.4142,11.2399,11.2773,12200
2012-11-30,11.3271,11.4423,11.1527,11.2088,13100
2012-12-03,11.2773,11.3146,11.1465,11.2959,7200
2012-12-04,11.3582,11.3582,11.0755,11.3022,15200
2012-12-05,11.3769,11.3769,11.2088,11.2959,10900
2012-12-06,11.2088,11.3022,11.2088,11.3022,13700
2012-12-07,11.3644,11.3644,11.2399,11.3146,11900
2012-12-10,11.3022,11.3582,11.2648,11.2959,9300
2012-12-11,11.4080,11.4080,11.2088,11.3146,24200
2012-12-12,11.3084,11.3084,11.0904,11.1527,15000
2012-12-13,11.1963,11.3451,11.0842,11.0904,8700
2012-12-14,11.0842,11.2773,11.0842,11.1403,26300
2012-12-17,11.2274,11.3395,11.0967,11.2523,20900
2012-12-18,11.2461,11.4454,11.1465,11.4142,33500
2012-12-19,11.3956,11.5201,11.2729,11.5014,11200
2012-12-20,11.4765,12.1926,11.4018,12.1366,24300
2012-12-21,12.0805,12.0805,11.7069,11.7941,82100
2012-12-24,11.8377,11.8688,11.6758,11.6758,3100
2012-12-26,11.7381,11.7381,11.5077,11.6945,10300
2012-12-27,11.5139,11.7567,11.5014,11.6882,8400
2012-12-28,11.6011,11.7318,11.5263,11.6073,5400
2012-12-31,11.6135,11.8003,11.6135,11.7692,21000
2013-01-02,12.1366,12.1366,11.7879,11.8626,120400
2013-01-03,11.8315,12.0183,11.6156,12.0120,15600
2013-01-04,12.0494,12.1304,11.9996,12.0743,10000
2013-01-07,11.9809,12.2175,11.7941,11.8751,6600
2013-01-08,11.9000,11.9996,11.7256,11.9311,5600
2013-01-09,12.0120,12.0556,11.8937,12.0556,6900
2013-01-10,12.0556,12.0805,11.9311,11.9747,8800
2013-01-11,11.9934,12.0058,11.8377,11.9498,5000
2013-01-14,11.9560,12.0805,11.9560,12.0494,6300
2013-01-15,12.0805,12.1366,12.0058,12.1179,6200
2013-01-16,12.1055,12.1428,12.0868,12.0868,5500
2013-01-17,12.1117,12.1366,12.0120,12.1055,7100
2013-01-18,12.1304,12.1304,12.0183,12.1241,15400
2013-01-22,12.0868,12.1926,12.0183,12.1864,20900
2013-01-23,12.1864,12.2611,12.1366,12.1366,8900
2013-01-24,12.1553,12.2418,12.1179,12.1989,12800
2013-01-25,12.2051,12.2487,12.1117,12.1740,11900
2013-01-28,12.1740,12.2611,12.1304,12.1740,22400
2013-01-29,12.1864,12.4106,12.1864,12.3545,16800
2013-01-30,12.2985,12.3233,12.2051,12.2611,9100
2013-01-31,12.3080,12.6106,12.2512,12.5476,21400
2013-02-01,12.5476,12.5791,12.3774,12.5224,16400
2013-02-04,12.5350,12.5791,12.4278,12.4278,21100
2013-02-05,12.4845,12.5854,12.3963,12.4719,9600
2013-02-06,12.4467,12.5476,12.3584,12.5161,5800
2013-02-07,12.5224,12.5224,12.3710,12.3710,12900
2013-02-08,12.4215,12.4404,12.3773,12.4215,8600
2013-02-11,12.4530,12.4530,12.3899,12.4215,12000
2013-02-12,12.4215,12.4530,12.3963,12.4341,5500
2013-02-13,12.4341,12.4467,12.3584,12.4215,19800
2013-02-14,12.4152,12.4530,12.3584,12.3710,10500
2013-02-15,12.4530,12.4530,12.4152,12.4530,31700
2013-02-19,12.4971,12.4971,12.4656,12.4845,9600
2013-02-20,12.4839,12.4845,12.3584,12.3584,22100
2013-02-21,12.3584,12.4467,12.3584,12.4026,9400
2013-02-22,12.4215,12.4530,12.3899,12.4215,22300
2013-02-25,12.4215,12.4340,12.2197,12.2701,29600
2013-02-26,12.3080,12.5034,12.3080,12.4341,11100
2013-02-27,12.4215,12.4215,12.3395,12.3773,8200
2013-02-28,12.3584,12.4215,12.2954,12.2954,15800
2013-03-01,12.2891,12.4152,12.2891,12.3647,6900
2013-03-04,12.4278,12.4782,12.3143,12.4152,10000
2013-03-05,12.4215,12.4530,12.4215,12.4341,11700
2013-03-06,12.4530,12.4530,12.2638,12.3143,13700
2013-03-07,12.3521,12.4530,12.3395,12.4404,6200
2013-03-08,12.5665,12.5791,12.2134,12.3899,28300
2013-03-11,12.3963,12.4341,12.3584,12.4152,7400
2013-03-12,12.3584,12.4341,12.3584,12.3899,5300
2013-03-13,12.3710,12.4215,12.3710,12.4215,3500
2013-03-14,12.4215,12.4530,12.4089,12.4530,7800
2013-03-15,12.4215,12.5161,12.4152,12.4215,54900
2013-03-18,12.2954,12.4215,12.2954,12.4026,5800
2013-03-19,12.3963,12.4215,12.3395,12.4089,9400
2013-03-20,12.4215,12.4215,12.3584,12.3899,12000
2013-03-21,12.3395,12.3710,12.3017,12.3332,18400
2013-03-22,12.3836,12.3836,12.2954,12.3458,9900
2013-03-25,12.3678,12.4089,12.2954,12.3773,17100
2013-03-26,12.3899,12.3899,12.3048,12.3521,8000
2013-03-27,12.2954,12.3647,12.2954,12.3395,15700
2013-03-28,12.3584,12.4215,12.2954,12.2954,12000
2013-04-01,12.3143,12.3143,12.1062,12.1062,22000
2013-04-02,12.1819,12.4593,12.0999,12.0999,18700
2013-04-03,12.1377,12.3672,12.1188,12.1566,16000
2013-04-04,12.2071,12.2954,12.2008,12.2828,6500
2013-04-05,12.1503,12.2323,12.1503,12.1819,6000
2013-04-08,12.2512,12.4215,12.1504,12.3710,8600
2013-04-09,12.3899,12.4215,12.1062,12.1188,12600
2013-04-10,12.2386,12.4467,12.1503,12.4404,12200
2013-04-11,12.4530,12.4530,12.3521,12.4089,7100
2013-04-12,12.3963,12.3963,12.2512,12.2512,7000
2013-04-15,12.2575,12.2575,11.8981,11.9107,25400
2013-04-16,11.9801,12.2418,11.9801,12.2323,17700
2013-04-17,12.1062,12.1440,11.7279,11.7720,38600
2013-04-18,11.8351,12.0684,11.8351,11.9612,14600
2013-04-19,11.9612,12.1693,11.9612,12.1566,11900
2013-04-22,12.1693,12.3143,12.0053,12.2954,16600
2013-04-23,12.3899,12.4404,12.3080,12.4215,25900
2013-04-24,12.4215,12.4782,12.3963,12.4215,22000
2013-04-25,12.4399,12.4846,12.3448,12.4782,5800
2013-04-26,12.4654,12.4654,12.2228,12.2419,15300
2013-04-29,12.3537,12.4207,12.1334,12.1781,13100
2013-04-30,12.2228,12.3760,12.1781,12.3633,23500
2013-05-01,12.2930,12.2930,11.8205,11.8205,41000
2013-05-02,11.9163,12.1334,11.9163,12.1334,14500
2013-05-03,12.2292,12.4080,12.2292,12.3377,9600
2013-05-06,12.3697,12.3760,12.2866,12.3505,7300
2013-05-07,12.3824,12.4527,12.3122,12.4207,30400
2013-05-08,12.3441,12.4527,12.2930,12.4527,18500
2013-05-09,12.4782,12.5431,12.4527,12.4591,11700
2013-05-10,12.5357,12.6123,12.4463,12.6059,20200
2013-05-13,12.6059,12.6953,12.3888,12.3888,9400
2013-05-14,12.4399,12.4527,12.3058,12.4463,10600
2013-05-15,12.3824,12.7081,12.3122,12.6762,16400
2013-05-16,12.5804,12.7017,12.5453,12.5932,10600
2013-05-17,12.7081,12.7081,12.6124,12.6762,25500
2013-05-20,12.7081,12.7081,12.5612,12.6698,14600
2013-05-21,12.6315,12.7234,12.5932,12.6570,11700
2013-05-22,12.6123,12.7400,12.5101,12.5932,22500
2013-05-23,12.5357,12.7650,12.5357,12.7400,11000
2013-05-24,12.7400,12.7720,12.5804,12.7400,9100
2013-05-28,12.7720,12.9827,12.5683,12.8167,21600
2013-05-29,12.7687,12.7720,12.5932,12.6698,8900
2013-05-30,12.6698,12.7081,12.6123,12.7017,6900
2013-05-31,12.6506,12.6506,12.4527,12.4527,12900
2013-06-03,12.4718,12.7081,12.4718,12.6634,45100
2013-06-04,12.6059,12.6059,12.4974,12.5229,17000
2013-06-05,12.5485,12.5612,12.3952,12.4718,10000
2013-06-06,12.5165,12.6845,12.3441,12.6379,17800
2013-06-07,12.7081,12.7655,12.5229,12.6123,8600
2013-06-10,12.6187,13.0657,12.6187,12.8614,17300
2013-06-11,12.7464,12.9061,12.6443,12.6698,19300
2013-06-12,12.6826,12.7528,12.5357,12.5357,23200
2013-06-13,12.5804,12.7400,12.5166,12.7400,12300
2013-06-14,12.7273,12.7273,12.4846,12.4846,7700
2013-06-17,12.5996,12.6379,12.3377,12.3569,12100
2013-06-18,12.5050,12.5932,12.3569,12.5740,15700
2013-06-19,12.5803,12.5931,12.4463,12.4463,6500
2013-06-20,12.3824,12.4207,12.3377,12.3697,12900
2013-06-21,12.4271,12.4271,12.2611,12.2930,44000
2013-06-24,12.2547,12.4137,12.2547,12.3186,14800
2013-06-25,12.4271,12.4271,12.2036,12.2994,21700
2013-06-26,12.3633,12.3888,12.2611,12.2803,12100
2013-06-27,12.3760,12.4271,12.2548,12.3569,18100
2013-06-28,12.3186,12.4080,12.1845,12.3377,110800
2013-07-01,12.4207,12.6379,12.4207,12.6123,11600
2013-07-02,12.6570,12.7592,12.5038,12.7017,14600
2013-07-03,12.6890,12.7720,12.6762,12.7720,4900
2013-07-05,12.8997,12.8997,12.7592,12.8039,29400
2013-07-08,12.8358,12.8997,12.7975,12.8997,11800
2013-07-09,12.8997,12.9531,12.8231,12.8805,13700
2013-07-10,12.8678,12.9699,12.7847,12.9636,12800
2013-07-11,13.0721,13.1551,13.0274,13.0849,21400
2013-07-12,13.0338,13.1551,13.0338,13.0466,16100
2013-07-15,13.0913,13.2509,13.0520,13.1871,13700
2013-07-16,13.1551,13.3850,13.1104,13.2637,21600
2013-07-17,13.3467,13.4106,13.3276,13.3339,11100
2013-07-18,13.3276,13.5702,13.3276,13.4872,28000
2013-07-19,13.4617,13.5702,13.4297,13.4808,17200
2013-07-22,13.1615,13.2605,13.1551,13.2190,24800
2013-07-23,13.2637,13.4999,13.2509,13.3595,19900
2013-07-24,13.4106,13.6979,13.4106,13.6277,16800
2013-07-25,13.6452,13.8520,13.5806,13.7873,21700
2013-07-26,13.6711,13.6711,13.4837,13.5095,7200
2013-07-29,13.5031,13.5031,13.2769,13.3286,8500
2013-07-30,13.3932,13.3932,12.7601,12.8958,17500
2013-07-31,12.9281,12.9991,12.7536,12.7536,19800
2013-08-01,12.8958,13.0896,12.7536,12.8053,13000
2013-08-02,12.7795,12.7859,12.6050,12.7084,9500
2013-08-05,12.7213,12.9151,12.7084,12.7988,19800
2013-08-06,12.8053,13.0831,12.7988,13.0444,18800
2013-08-07,12.9216,13.1413,12.9087,12.9151,12400
2013-08-08,13.0379,13.1800,12.9410,13.1736,14500
2013-08-09,13.1477,13.2769,13.1154,13.1348,15200
2013-08-12,13.1348,13.2511,13.0960,13.1154,4600
2013-08-13,13.0637,13.2317,12.8893,12.9151,7300
2013-08-14,12.9345,13.0121,12.7601,12.7665,9500
2013-08-15,12.7019,12.8440,12.5986,12.6115,18500
2013-08-16,12.5986,12.8118,12.5986,12.7213,12400
2013-08-19,12.7278,12.8311,12.6502,12.6502,15500
2013-08-20,12.6309,12.8570,12.6309,12.8505,8200
2013-08-21,12.7730,12.7730,12.6373,12.6567,11100
2013-08-22,12.7278,13.0702,12.7205,13.0702,8000
2013-08-23,13.0573,13.0573,12.7988,12.8699,10000
2013-08-26,12.9668,12.9797,12.8764,12.9022,5300
2013-08-27,12.7988,12.9216,12.3983,12.4629,27200
2013-08-28,12.4887,12.6955,12.4564,12.5469,12400
2013-08-29,12.5340,12.9216,12.5340,12.9216,28900
2013-08-30,12.9151,12.9151,12.3272,12.4047,26400
2013-09-03,12.5210,12.8441,12.4047,12.7795,61200
2013-09-04,12.7924,12.8240,12.6567,12.7278,31700
2013-09-05,12.7924,12.8434,12.5598,12.6890,11200
2013-09-06,12.7472,12.7472,12.4500,12.5469,15900
2013-09-09,12.6502,12.7601,12.6438,12.7536,11000
2013-09-10,12.8247,12.9216,12.6309,12.8958,21700
2013-09-11,12.9216,12.9216,12.7019,12.7924,14600
2013-09-12,12.8311,12.8570,12.6761,12.7795,9800
2013-09-13,12.8570,12.9022,12.7730,12.8505,11300
2013-09-16,12.9216,12.9862,12.6115,12.7924,25000
2013-09-17,12.7795,12.9216,12.6309,12.9151,11800
2013-09-18,12.9474,13.2705,12.8441,13.2705,17800
2013-09-19,13.2446,13.2446,12.8311,12.9733,39700
2013-09-20,12.9216,12.9216,12.7019,12.8182,49400
2013-09-23,12.7924,13.0508,12.7924,13.0444,11900
2013-09-24,12.9862,13.2446,12.7744,13.1542,15100
2013-09-25,13.0960,13.2446,13.0444,13.0444,9600
2013-09-26,13.0508,13.0508,12.7665,12.8441,9200
2013-09-27,12.7730,12.9862,12.7407,12.9022,16200
2013-09-30,12.8376,12.9733,12.8247,12.8828,15800
2013-10-01,12.9345,13.0185,12.8247,13.0121,12800
2013-10-02,12.9216,12.9474,12.7665,12.7665,13800
2013-10-03,12.7924,12.9216,12.6309,12.6309,32600
2013-10-04,12.6050,12.9022,12.6050,12.7019,7900
2013-10-07,12.6373,12.7601,12.5921,12.5921,7900
2013-10-08,12.6309,12.6438,12.5469,12.5727,12700
2013-10-09,12.5921,12.7342,12.5146,12.6373,11100
2013-10-10,12.7924,13.0056,12.6955,12.9604,40100
2013-10-11,12.8958,13.2059,12.8635,13.2059,107700
2013-10-14,13.1154,13.3997,13.0508,13.2640,16900
2013-10-15,13.2705,13.5225,13.2446,13.2576,23900
2013-10-16,13.3158,13.3739,13.1290,13.1542,16600
2013-10-17,13.1090,13.3222,13.1090,13.2188,17700
2013-10-18,13.3739,13.3739,12.9636,13.1219,27700
2013-10-21,13.0831,13.4287,12.9862,13.0702,19500
2013-10-22,13.0573,13.1994,12.9216,13.0121,15000
2013-10-23,12.9604,13.1865,12.9604,13.1736,18300
2013-10-24,13.2253,13.3674,13.1736,13.3545,13000
2013-10-25,13.3868,13.4385,13.3739,13.4126,17600
2013-10-28,13.4191,13.5160,13.4126,13.4966,11700
2013-10-29,13.5031,13.5541,13.3739,13.4385,15600
2013-10-30,13.5031,13.5677,13.1865,13.4772,32900
2013-10-31,13.5300,13.5954,12.9215,12.9281,61800
2013-11-01,12.9215,13.2486,12.7318,13.1178,46900
2013-11-04,13.1571,13.2320,13.0916,13.1047,23500
2013-11-05,13.0131,13.1701,12.9542,13.0720,33700
2013-11-06,13.2356,13.6935,13.0916,13.4907,22900
2013-11-07,13.5889,13.6412,13.1047,13.1374,36000
2013-11-08,13.2356,13.6739,13.2356,13.6347,15800
2013-11-11,13.5561,13.6019,13.4521,13.5496,5200
2013-11-12,13.4515,13.6216,13.2552,13.4645,19200
2013-11-13,13.3272,13.5185,13.3272,13.5169,4100
2013-11-14,13.5692,13.6085,13.2879,13.5300,12600
2013-11-15,13.4776,13.5234,13.3468,13.4122,44100
2013-11-18,13.4122,13.5038,13.1832,13.1963,16500
2013-11-19,13.2159,13.3075,13.1113,13.2421,8200
2013-11-20,13.0851,13.3337,13.0851,13.1178,19100
2013-11-21,13.1178,13.3860,13.0916,13.1767,33200
2013-11-22,13.2159,13.2421,13.0900,13.0916,17900
2013-11-25,13.0851,13.4057,13.0851,13.3468,26600
2013-11-26,13.3926,13.4122,13.2159,13.3795,16200
2013-11-27,13.4122,13.5431,13.3206,13.5169,12400
2013-11-29,13.6019,13.6019,13.4449,13.5300,15000
2013-12-02,13.5169,13.5169,13.1374,13.2159,12300
2013-12-03,13.1767,13.3795,13.0524,13.0524,17600
2013-12-04,13.0393,13.2421,12.9215,12.9673,14500
2013-12-05,13.0458,13.0851,12.8626,12.9608,14700
2013-12-06,13.0393,13.1178,13.0066,13.0982,40200
2013-12-09,13.0851,13.1178,12.9739,13.0524,34200
2013-12-10,12.9935,13.0524,12.7776,12.7972,18000
2013-12-11,12.8692,13.0130,12.7580,12.7841,19300
2013-12-12,12.8692,13.0851,12.7580,12.9739,21400
2013-12-13,13.0393,13.1178,12.8299,12.8365,12400
2013-12-16,12.8953,13.0851,12.8561,12.9869,20000
2013-12-17,13.0066,13.0458,12.8888,12.9215,7200
2013-12-18,12.9804,13.2617,12.8757,13.2617,20500
2013-12-19,13.2094,13.3206,13.0851,13.1963,7000
2013-12-20,13.2944,13.7001,13.2683,13.4122,89700
2013-12-23,13.5038,13.5103,13.3926,13.4776,11900
2013-12-24,13.4515,13.6412,13.4515,13.5627,8000
2013-12-26,13.5758,13.6347,13.5234,13.5300,9100
2013-12-27,13.5823,13.6347,13.4253,13.5561,18500
2013-12-30,13.5103,13.5103,13.2159,13.4449,31200
2013-12-31,13.4776,13.5103,13.4206,13.4973,19600
2014-01-02,13.5103,13.5103,13.2486,13.3533,43300
2014-01-03,13.3599,13.5692,13.0916,13.1374,22300
2014-01-06,13.2290,13.3599,12.9739,13.0851,41000
2014-01-07,13.1701,13.2244,13.0857,13.1767,13000
2014-01-08,13.1505,13.1963,13.0851,13.1963,33300
2014-01-09,13.2486,13.2486,12.9215,12.9281,16500
2014-01-10,13.0458,13.1767,12.9542,13.0785,22400
2014-01-13,12.9739,13.2094,12.9215,12.9542,33200
2014-01-14,12.9542,13.1309,12.9542,13.1113,15100
2014-01-15,13.0982,13.2814,13.0982,13.1440,16600
2014-01-16,13.2290,13.4057,13.0916,13.1440,30900
2014-01-17,13.1440,13.1695,13.0851,13.0916,11600
2014-01-21,13.1178,13.3337,13.0851,13.3075,15200
2014-01-22,13.3599,13.3599,13.1243,13.2159,11100
2014-01-23,13.1505,13.1962,12.9869,13.0197,22100
2014-01-24,12.9869,13.1701,12.8561,12.9215,39200
2014-01-27,13.0000,13.1296,12.9869,13.0524,19400
2014-01-28,13.0327,13.2585,12.9215,12.9739,33600
2014-01-29,12.9281,13.0327,12.8692,12.8692,23000
2014-01-30,13.0042,13.2494,13.0042,13.1898,26400
2014-01-31,13.0572,13.2428,12.9644,12.9777,35000
2014-02-03,13.0042,13.1235,12.4275,12.4408,39400
2014-02-04,12.5601,12.6781,12.3944,12.4010,23800
2014-02-05,12.3878,12.3878,12.1293,12.1558,25500
2014-02-06,12.2287,12.2287,12.0564,12.0961,22000
2014-02-07,12.0961,12.2950,12.0630,12.2817,33300
2014-02-10,12.2751,12.3811,12.1624,12.3414,18300
2014-02-11,12.3944,12.7316,12.3944,12.5535,15900
2014-02-12,12.6264,12.8378,12.5535,12.5800,23100
2014-02-13,12.6198,12.8782,12.5004,12.7589,12800
2014-02-14,12.8451,13.1613,12.6330,12.8981,27400
2014-02-18,12.9777,13.2229,12.8372,13.0638,19100
2014-02-19,13.2397,13.2397,12.6993,12.7656,24800
2014-02-20,12.8186,13.2030,12.7258,13.1964,10200
2014-02-21,13.2163,13.2163,13.0042,13.0705,23200
2014-02-24,13.0506,13.1765,12.9578,13.0506,12000
2014-02-25,13.0108,13.1434,12.9246,12.9578,8900
2014-02-26,12.9909,12.9909,12.8054,12.9180,11500
2014-02-27,12.9048,12.9843,12.8915,12.9313,5600
2014-02-28,12.9777,13.2560,12.9445,13.2030,29400
2014-03-03,13.1566,13.1566,12.9512,13.0970,9000
2014-03-04,13.2958,13.5808,13.0108,13.2560,65300
2014-03-05,13.1898,13.2613,13.1036,13.2494,14000
2014-03-06,13.2560,13.2560,13.2229,13.2229,6400
2014-03-07,13.3157,13.4748,13.2826,13.2892,6300
2014-03-10,13.2560,13.3886,13.2560,13.3886,13900
2014-03-11,13.4483,13.4483,13.2560,13.2958,13900
2014-03-12,13.2892,13.2958,13.2229,13.2494,16700
2014-03-13,13.2560,13.2560,13.1964,13.2295,12100
2014-03-14,13.2030,13.2560,13.1898,13.1964,10300
2014-03-17,13.2693,13.4075,13.0970,13.2362,24000
2014-03-18,13.2560,13.2759,13.0956,13.2759,11100
2014-03-19,13.2759,13.2759,13.1235,13.2362,12400
2014-03-20,13.2693,13.3820,13.0042,13.0638,22300
2014-03-21,13.0771,13.2229,13.0771,13.1367,27200
2014-03-24,13.1699,13.2030,12.9777,13.1765,18200
2014-03-25,13.2229,13.3753,13.1831,13.3157,16500
2014-03-26,13.3024,13.3488,12.9976,13.0174,21800
2014-03-27,13.0771,13.0829,12.9246,13.0705,18600
2014-03-28,13.0174,13.2560,12.9246,13.0903,16800
2014-03-31,13.1102,13.2892,13.0373,13.0638,35000
2014-04-01,13.1699,13.3223,13.1102,13.2892,28800
2014-04-02,13.2958,13.2958,13.1566,13.2494,14200
2014-04-03,13.2560,13.3024,13.0970,13.1169,18500
2014-04-04,13.2362,13.2428,12.7457,12.8318,36300
2014-04-07,12.8186,12.9180,12.6198,12.6661,15400
2014-04-08,12.9246,12.9246,12.6993,12.8053,13700
2014-04-09,12.9179,12.9379,12.7125,12.9379,19200
2014-04-10,12.8915,12.8915,12.4938,12.5667,29100
2014-04-11,12.4607,12.8053,12.4607,12.5601,22400
2014-04-14,12.7523,12.7523,12.2950,12.4077,27900
2014-04-15,12.3878,12.4932,12.2685,12.3745,21200
2014-04-16,12.4806,12.5932,12.4077,12.5800,16800
2014-04-17,12.5203,12.7921,12.5203,12.6330,20700
2014-04-21,12.7324,12.8385,12.6529,12.7656,13000
2014-04-22,12.7324,12.9114,12.6595,12.7258,14000
2014-04-23,12.7788,12.8975,12.7457,12.7523,26800
2014-04-24,12.9344,12.9411,12.6992,12.7059,17300
2014-04-25,12.6992,12.8739,12.5043,12.5245,30800
2014-04-28,12.6387,12.7462,12.4304,12.6858,21100
2014-04-29,12.8000,12.8000,12.4976,12.5379,17500
2014-04-30,12.5715,12.7462,12.5043,12.5917,22700
2014-05-01,12.5379,12.6118,12.4170,12.4775,37700
2014-05-02,12.4707,12.6992,12.4170,12.4506,19400
2014-05-05,12.4170,12.4775,12.3162,12.3229,20900
2014-05-06,12.3565,12.4707,12.1052,12.1684,29400
2014-05-07,12.2625,12.4976,12.0542,12.4573,33700
2014-05-08,12.5043,12.5178,12.1482,12.1818,23200
2014-05-09,12.2356,12.5245,12.2302,12.4170,38400
2014-05-12,12.5447,12.9344,12.3726,12.7731,40700
2014-05-13,12.7261,12.9276,12.4909,12.6925,49300
2014-05-14,12.6186,12.8134,12.1953,12.2020,39500
2014-05-15,12.2289,12.4163,12.1953,12.2759,26500
2014-05-16,12.2960,12.4237,12.2087,12.3968,24200
2014-05-19,12.4170,12.4640,12.2625,12.3968,25700
2014-05-20,12.3632,12.4909,12.1482,12.2356,42300
2014-05-21,12.2826,12.4775,12.1617,12.3700,34800
2014-05-22,12.2692,12.4976,12.2692,12.4103,11900
2014-05-23,12.4573,12.7663,12.4573,12.5850,18300
2014-05-27,12.6858,12.8403,12.6589,12.7530,20100
2014-05-28,12.7664,12.7664,12.4372,12.5984,11500
2014-05-29,12.4439,12.6656,12.4439,12.6051,8600
2014-05-30,12.6522,12.7328,12.4372,12.5447,14200
2014-06-02,12.4775,12.5647,12.3968,12.4170,14100
2014-06-03,12.4170,12.4976,12.2154,12.2826,33800
2014-06-04,12.2221,12.3766,12.2221,12.2759,17300
2014-06-05,12.3431,12.7328,12.2960,12.6858,37900
2014-06-06,12.7664,12.7664,12.5715,12.6186,25500
2014-06-09,12.6186,12.6992,12.5379,12.6387,18100
2014-06-10,12.5514,12.6252,12.4640,12.5111,30400
2014-06-11,12.4674,12.5043,12.4237,12.4304,10600
2014-06-12,12.3632,12.4775,12.3632,12.4237,8600
2014-06-13,12.4976,12.5446,12.4304,12.4640,13900
2014-06-16,12.4237,12.5244,12.3700,12.3834,22700
2014-06-17,12.4237,12.6925,12.4015,12.6387,19200
2014-06-18,12.7261,12.7261,12.4573,12.5514,12400
2014-06-19,12.6992,12.7261,12.5447,12.5917,13600
2014-06-20,12.6925,12.7664,12.6723,12.7664,62800
2014-06-23,12.7664,12.8806,12.5178,12.7798,25400
2014-06-24,12.7194,12.9075,12.6992,12.7059,17500
2014-06-25,12.6454,12.8460,12.5850,12.8134,14200
2014-06-26,12.8089,12.8336,12.6454,12.7395,8800
2014-06-27,12.6320,12.9545,12.6320,12.9545,69800
2014-06-30,12.8941,13.0956,12.7664,13.0956,19800
2014-07-01,13.1023,13.5055,13.0755,13.2233,55500
2014-07-02,13.2703,13.2703,12.9411,13.0553,31000
2014-07-03,13.1628,13.2703,12.9747,13.0956,12300
2014-07-07,13.1158,13.1158,12.9411,12.9948,19300
2014-07-08,13.0694,13.1023,12.8941,13.0553,17500
2014-07-09,13.0284,13.1023,12.9344,12.9747,15700
2014-07-10,12.8403,13.0956,12.8403,12.9545,15100
2014-07-11,12.9545,13.0775,12.9008,12.9747,46400
2014-07-14,13.0755,13.0755,12.8201,12.8269,77400
2014-07-15,12.8873,12.9008,12.7530,12.8067,22500
2014-07-16,12.8941,12.8941,12.7328,12.7731,19000
2014-07-17,12.7328,12.9209,12.4842,12.5715,28700
2014-07-18,12.5111,12.8336,12.4976,12.7731,30900
2014-07-21,12.6522,12.7865,12.5783,12.6858,26800
2014-07-22,12.8134,12.9276,12.7664,12.8336,18900
2014-07-23,12.8336,12.9344,12.8336,12.8806,27200
2014-07-24,12.9355,13.0308,12.7652,12.8537,31200
2014-07-25,12.7175,12.7992,12.6017,12.6698,26100
2014-07-28,12.6971,12.8302,12.6358,12.6630,23500
2014-07-29,12.6290,12.9556,12.6290,12.7448,37500
2014-07-30,12.8946,13.0581,12.8742,13.0581,23000
2014-07-31,13.0104,13.0445,12.9082,12.9355,31200
2014-08-01,12.9968,12.9968,12.8537,12.9014,32100
2014-08-04,12.9423,12.9627,12.7780,12.9082,28500
2014-08-05,12.8197,12.9968,12.8197,12.9559,32100
2014-08-06,12.9491,13.0581,12.9491,13.0513,31500
2014-08-07,13.0172,13.0445,12.8742,12.9082,14800
2014-08-08,13.0036,13.0785,12.9695,13.0172,24900
2014-08-11,13.0785,13.0785,12.8742,13.0308,18200
2014-08-12,13.0445,13.0445,12.9082,12.9900,19400
2014-08-13,13.0240,13.2829,13.0104,13.2420,41300
2014-08-14,13.3033,13.3510,13.1739,13.1875,15800
2014-08-15,13.3578,13.3578,13.0717,13.1671,33500
2014-08-18,13.2624,13.4395,13.1398,13.3919,30500
2014-08-19,13.4532,13.4532,13.2965,13.3919,23100
2014-08-20,13.3237,13.4191,13.2488,13.3237,10500
2014-08-21,13.3510,13.3919,13.2488,13.3374,16000
2014-08-22,13.3306,13.4464,13.3034,13.3169,8200
2014-08-25,13.4464,13.4531,13.2897,13.3237,7600
2014-08-26,13.3442,13.3966,13.2829,13.3169,19500
2014-08-27,13.3442,13.4395,13.3101,13.3646,17200
2014-08-28,13.3714,13.4123,13.2897,13.3578,16600
2014-08-29,13.4191,13.4532,13.3510,13.4327,16100
2014-09-02,13.4532,13.6098,13.4259,13.5690,20400
2014-09-03,13.5758,13.6235,13.4191,13.4532,20400
2014-09-04,13.5213,13.6098,13.4872,13.4940,9900
2014-09-05,13.4259,13.5485,13.4259,13.4940,14200
2014-09-08,13.6167,13.6167,13.5349,13.6098,18700
2014-09-09,13.5962,13.5962,13.4532,13.4532,13300
2014-09-10,13.4600,13.4838,13.4191,13.4668,10700
2014-09-11,13.3169,13.5485,13.3169,13.4532,10400
2014-09-12,13.3782,13.5431,13.2829,13.2829,14800
2014-09-15,13.2829,13.3701,13.2761,13.2829,17700
2014-09-16,13.2965,13.3714,13.2488,13.2624,12800
2014-09-17,13.1671,13.4191,13.1330,13.2148,24000
2014-09-18,13.2284,13.3101,13.2284,13.2829,14000
2014-09-19,13.3033,13.4668,13.2148,13.3714,47300
2014-09-22,13.3442,13.5378,13.2284,13.3442,15500
2014-09-23,13.3033,13.4327,13.1466,13.1807,18400
2014-09-24,13.2488,13.2556,13.2079,13.2148,11548
2014-09-25,13.1330,13.1602,13.1126,13.1194,20970
2014-09-26,13.1194,13.1330,13.1194,13.1262,6387
2014-09-29,13.0921,13.1909,13.0921,13.1126,22463
2014-09-30,13.1398,13.1398,12.9423,12.9423,25626
2014-10-01,12.9832,13.0240,12.8265,12.8537,27738
2014-10-02,13.2148,13.2148,12.9968,13.0581,7802
2014-10-03,13.2148,13.3101,13.1262,13.2079,23477
2014-10-06,13.2829,13.3101,12.9491,13.1398,16174
2014-10-07,13.0445,13.2073,13.0445,13.0853,12694
2014-10-08,13.0581,13.5417,12.9627,13.4872,26450
2014-10-09,13.4532,13.4532,13.0104,13.1330,15884
2014-10-10,13.0649,13.4600,13.0649,13.3578,15658
2014-10-13,13.2624,13.6235,13.2624,13.6098,31906
2014-10-14,13.6507,13.8959,13.5213,13.6711,43717
2014-10-15,13.4123,13.6916,13.3088,13.5894,40959
2014-10-16,13.4532,13.6916,13.3312,13.5009,32049
2014-10-17,13.7052,13.7052,13.2829,13.2897,18144
2014-10-20,13.2829,13.3237,13.1126,13.2761,26480
2014-10-21,13.2829,13.3510,13.1739,13.2693,19830
2014-10-22,13.2624,13.3101,13.1126,13.1194,24592
2014-10-23,13.1535,13.2693,13.1466,13.2148,29549
2014-10-24,13.2420,13.2420,12.9900,13.1126,36960
2014-10-27,13.0104,13.1807,12.9968,13.0853,26215
2014-10-28,13.1739,13.3851,13.1739,13.3442,38521
2014-10-29,13.4123,13.4532,13.2966,13.3510,28627
2014-10-30,13.3782,13.6167,13.3442,13.5962,25553
2014-10-31,13.7808,13.7946,13.5806,13.7325,35503
2014-11-03,13.7048,13.8015,13.4909,13.7117,29405
2014-11-04,13.6289,13.6772,13.5668,13.6082,13375
2014-11-05,13.6289,13.7187,13.5599,13.6289,27659
2014-11-06,13.6979,13.7601,13.6289,13.7394,12096
2014-11-07,13.7187,13.7808,13.6428,13.7256,10274
2014-11-10,13.7256,13.8015,13.6703,13.7670,19997
2014-11-11,13.8015,13.9119,13.7946,13.8291,17555
2014-11-12,13.8291,13.9050,13.8291,13.8498,32918
2014-11-13,13.8636,13.9412,13.8222,13.8567,33056
2014-11-14,13.8498,13.9050,13.7463,13.7532,31629
2014-11-17,13.8222,13.8567,13.6289,13.6703,24554
2014-11-18,13.6910,13.7808,13.5737,13.5737,12176
2014-11-19,13.6220,13.6220,13.2839,13.3598,34732
2014-11-20,13.3184,13.4219,13.3053,13.3805,13447
2014-11-21,13.5323,13.5806,13.3598,13.3667,21177
2014-11-24,13.4358,13.6151,13.4358,13.6151,7949
2014-11-25,13.5668,13.5875,13.4357,13.5047,17205
2014-11-26,13.5101,13.5254,13.4219,13.4840,8057
2014-11-28,13.5254,13.5323,13.2908,13.4357,15624
2014-12-01,13.4150,13.4495,13.2494,13.2839,40246
2014-12-02,13.4937,13.5845,13.4461,13.5323,17760
2014-12-03,13.5392,13.5806,13.4288,13.4633,18576
2014-12-04,13.3874,13.4633,13.3322,13.3874,13147
2014-12-05,13.3874,13.6082,13.3874,13.6013,29157
2014-12-08,13.6013,13.6151,13.4979,13.5323,22842
2014-12-09,13.5116,13.7187,13.4151,13.7117,29022
2014-12-10,13.5185,13.7325,13.5185,13.5944,21619
2014-12-11,13.6979,13.7670,13.6910,13.7256,20401
2014-12-12,13.6220,13.7256,13.4150,13.4219,16232
2014-12-15,13.7532,13.7532,13.4219,13.4219,11808
2014-12-16,13.4219,13.6289,13.4219,13.4909,14741
2014-12-17,13.4771,13.8084,13.4702,13.8084,22502
2014-12-18,13.8843,14.0913,13.7739,14.0637,17468
2014-12-19,14.0085,14.0292,13.8015,13.9464,46899
2014-12-22,13.9257,14.0292,13.8291,13.9326,12396
2014-12-23,13.9809,14.2362,13.9395,14.2362,24012
2014-12-24,14.2293,14.8297,14.1465,14.6364,38688
2014-12-26,14.6295,14.6364,14.3880,14.5674,17663
2014-12-29,14.6157,14.6157,14.3535,14.5122,21036
2014-12-30,14.4087,14.5674,14.2017,14.3052,6480
2014-12-31,14.3466,14.4363,14.1879,14.2638,13962
2015-01-02,14.3535,14.8366,14.1948,14.3397,31670
2015-01-05,14.3328,14.4087,14.1879,14.2500,13476
2015-01-06,14.1948,14.3397,13.8084,13.8498,28353
2015-01-07,14.1879,14.2086,13.8360,14.0154,31068
2015-01-08,14.0292,14.1327,13.9602,14.0223,16477
2015-01-09,14.0430,14.0706,14.0085,14.0154,13892
2015-01-12,13.8843,13.9050,13.8084,13.9050,12242
2015-01-13,13.9326,14.4570,13.9326,14.1258,28517
2015-01-14,14.1189,14.1189,13.8153,13.8498,12781
2015-01-15,13.9464,13.9464,13.8153,13.8843,16291
2015-01-16,13.8015,13.9671,13.7325,13.8705,37752
2015-01-20,13.8360,13.8429,13.7463,13.7670,13722
2015-01-21,13.7325,13.9947,13.5185,13.6013,15678
2015-01-22,13.6979,14.2500,13.6634,14.2224,25971
2015-01-23,14.2086,14.2086,13.8601,13.9326,6148
2015-01-26,13.8912,14.1534,13.8222,14.0706,13910
2015-01-27,13.9497,13.9878,13.8015,13.8015,12601
2015-01-28,13.8636,13.8636,13.4909,13.4978,18739
2015-01-29,13.6003,13.7122,13.4954,13.6772,29198
2015-01-30,13.5444,13.7961,13.4884,13.5164,23156
2015-02-02,13.6353,13.6703,13.3276,13.5024,34383
2015-02-03,13.4954,13.7821,13.4954,13.6213,20331
2015-02-04,13.6353,13.7122,13.6003,13.6143,24480
2015-02-05,13.6982,13.7437,13.5933,13.6563,36783
2015-02-06,13.6842,13.7821,13.5094,13.6493,36566
2015-02-09,13.6703,13.7122,13.5304,13.5654,24555
2015-02-10,13.6353,13.6493,13.4745,13.5444,22129
2015-02-11,13.6003,13.6003,13.3626,13.4325,28260
2015-02-12,13.4675,13.6003,13.4675,13.5584,25396
2015-02-13,13.5654,13.6003,13.4675,13.4815,48393
2015-02-17,13.5724,13.6493,13.4605,13.6213,33418
2015-02-18,13.6003,13.6003,13.4675,13.5444,18740
2015-02-19,13.4884,13.5654,13.4675,13.5584,27431
2015-02-20,13.5654,13.5654,13.4605,13.5094,21710
2015-02-23,13.4605,13.5024,13.4255,13.4675,25433
2015-02-24,13.4954,13.5486,13.4675,13.4954,16735
2015-02-25,13.4954,13.5583,13.4325,13.5234,25220
2015-02-26,13.5584,13.5654,13.4675,13.5444,23502
2015-02-27,13.5514,13.5654,13.4605,13.4605,28017
2015-03-02,13.4255,13.5304,13.4255,13.5234,28237
2015-03-03,13.4954,13.5304,13.4745,13.4745,23736
2015-03-04,13.4255,13.4954,13.3696,13.3975,33695
2015-03-05,13.4465,13.6912,13.2927,13.5863,27661
2015-03-06,13.4815,13.7262,13.4745,13.4884,30581
2015-03-09,13.5514,13.6703,13.4954,13.5164,22550
2015-03-10,13.4605,13.5304,13.4325,13.4815,19980
2015-03-11,13.5577,13.5654,13.4255,13.4884,28439
2015-03-12,13.5863,13.9430,13.5863,13.9290,17146
2015-03-13,13.9500,13.9500,13.6353,13.8241,16930
2015-03-16,13.8591,13.9849,13.8311,13.9430,15390
2015-03-17,13.8521,13.9849,13.8521,13.9849,17217
2015-03-18,13.9709,14.1877,13.9709,14.1737,33018
2015-03-19,14.0898,14.1597,14.0688,14.1457,18436
2015-03-20,14.1877,14.4115,14.1877,14.3625,56269
2015-03-23,14.3555,14.3695,14.0059,14.0339,16190
2015-03-24,14.0870,14.1387,13.9849,14.0269,20169
2015-03-25,14.0478,14.2384,13.9220,13.9849,23570
2015-03-26,14.0059,14.1527,13.9360,14.0548,12752
2015-03-27,14.0199,14.0199,13.8451,13.9220,19859
2015-03-30,13.9430,14.2506,13.9430,14.2017,14235
2015-03-31,14.2087,14.2087,13.9989,14.1108,19729
2015-04-01,14.0129,14.2646,14.0129,14.2506,18922
2015-04-02,14.1947,14.3066,14.1947,14.2716,38327
2015-04-06,14.2506,14.4254,14.1560,14.3835,18095
2015-04-07,14.3975,14.4884,14.3765,14.4184,31565
2015-04-08,14.4674,14.5457,14.3766,14.5373,22646
2015-04-09,14.5443,14.6772,14.4604,14.6772,26284
2015-04-10,14.8030,14.8030,14.4884,14.5793,25248
2015-04-13,14.5793,14.6282,14.3905,14.5653,21513
2015-04-14,14.5933,14.6796,14.4464,14.5723,19628
2015-04-15,14.6842,14.7821,14.5653,14.7611,25128
2015-04-16,14.6912,14.7681,14.5093,14.5093,25333
2015-04-17,14.4394,14.5024,14.0898,14.1318,34725
2015-04-20,14.2436,14.4884,14.2436,14.3625,19587
2015-04-21,14.4394,14.4464,14.3345,14.3485,13940
2015-04-22,14.3345,14.3625,14.0688,14.1667,17405
2015-04-23,14.2786,14.3113,14.1038,14.1667,13786
2015-04-24,14.2333,14.3275,14.1387,14.2227,12564
2015-04-27,14.2961,14.3905,14.0548,14.1318,27262
2015-04-28,14.2017,14.4744,14.2017,14.4464,16480
2015-04-29,14.4464,14.5233,14.3975,14.5093,15958
2015-04-30,14.5153,14.6216,14.0478,14.0548,39872
2015-05-01,14.2461,14.3311,13.8848,13.9627,27773
2015-05-04,13.9627,14.0265,13.8919,13.9486,17201
2015-05-05,13.9627,14.0265,13.7502,13.7644,31845
2015-05-06,13.7786,13.9486,13.7786,13.8848,17420
2015-05-07,13.9132,14.0478,13.8281,13.9132,11132
2015-05-08,14.0548,14.1115,13.8211,13.8919,23546
2015-05-11,13.8565,13.9833,13.8281,13.9273,16920
2015-05-12,13.9273,14.0406,13.8565,14.0123,12727
2015-05-13,13.9698,14.0429,13.8707,13.9557,15531
2015-05-14,14.0407,14.0407,13.9273,14.0053,16987
2015-05-15,14.0619,14.0619,13.9285,13.9982,51512
2015-05-18,14.0591,14.2036,13.9557,14.1044,13115
2015-05-19,14.0407,14.1611,13.9627,14.0548,13365
2015-05-20,14.0548,14.0691,13.9698,14.0053,13892
2015-05-21,14.0123,14.0123,13.9202,13.9344,11625
2015-05-22,13.9202,14.0265,13.8140,13.9911,19138
2015-05-26,13.8990,14.0123,13.8140,13.8211,19931
2015-05-27,14.0690,14.0690,13.8140,13.8423,14556
2015-05-28,13.8494,13.9202,13.7502,13.7502,7717
2015-05-29,13.7856,13.8990,13.6652,13.7361,25467
2015-06-01,13.8281,13.8281,13.5731,13.7219,18599
2015-06-02,13.7006,13.7786,13.6723,13.7219,28222
2015-06-03,13.7431,14.0123,13.7431,13.9840,19354
2015-06-04,13.8848,14.0194,13.7998,13.7998,15533
2015-06-05,13.8423,14.1398,13.7786,14.1328,15135
2015-06-08,14.1328,14.1328,13.9982,14.0194,11562
2015-06-09,13.8211,14.1044,13.8211,14.0478,5336
2015-06-10,13.9911,14.6287,13.9911,14.1611,44981
2015-06-11,14.2461,14.3277,13.9840,14.2674,8833
2015-06-12,14.2319,14.3240,14.1682,14.2815,9837
2015-06-15,14.1611,14.3878,14.0053,14.2886,17381
2015-06-16,14.2603,14.4515,14.0789,14.4445,10407
2015-06-17,14.4515,14.5224,14.3121,14.4232,10181
2015-06-18,14.5224,14.5224,14.3913,14.5082,17753
2015-06-19,14.4586,14.6287,14.3524,14.5791,38351
2015-06-22,14.6995,14.7703,14.4728,14.6357,21446
2015-06-23,14.7278,14.7703,14.6075,14.7420,10385
2015-06-24,14.6357,14.7703,14.5861,14.6216,19247
2015-06-25,14.6499,14.6924,14.5861,14.6216,12985
2015-06-26,14.6428,14.7703,14.5932,14.7632,105986
2015-06-29,14.6782,14.7207,14.5720,14.5861,20267
2015-06-30,14.6559,14.7349,14.5507,14.5578,16101
2015-07-01,14.5932,14.6145,14.5224,14.5436,22954
2015-07-02,14.6074,14.6145,14.4161,14.5224,9317
2015-07-06,14.5436,14.6287,14.3099,14.5224,15606
2015-07-07,14.4870,14.4870,14.2744,14.3595,17736
2015-07-08,14.3240,14.5153,14.0548,14.1894,18452
2015-07-09,14.3949,14.4657,14.1398,14.2815,16708
2015-07-10,14.3807,14.5153,14.3028,14.4515,11647
2015-07-13,14.5153,14.6003,14.4586,14.5720,12427
2015-07-14,14.4657,14.6216,14.4657,14.5861,8051
2015-07-15,14.6074,14.6074,14.3878,14.4728,13613
2015-07-16,14.4941,14.6499,14.4090,14.5224,9532
2015-07-17,14.4799,14.6499,14.4799,14.6074,9458
2015-07-20,14.5507,14.6570,14.3878,14.4941,20067
2015-07-21,14.5578,14.6853,14.3878,14.4232,9585
2015-07-22,14.3878,14.6322,14.3878,14.5011,6718
2015-07-23,14.4020,14.5791,14.2107,14.2178,14501
2015-07-24,14.2461,14.2815,14.1682,14.1682,20290
2015-07-27,14.1115,14.2099,13.9911,14.0053,12575
2015-07-28,14.0690,14.0973,13.9557,14.0265,14730
2015-07-29,14.0690,14.2773,13.9911,14.1186,15232
2015-07-30,14.1398,14.1972,14.0321,14.1469,10136
2015-07-31,14.1972,14.2545,14.0680,14.1685,12421
2015-08-03,14.2115,14.2474,14.0895,14.1254,7216
2015-08-04,14.2044,14.2187,14.1254,14.1685,10898
2015-08-05,14.1326,14.2761,14.1326,14.2044,7885
2015-08-06,14.1972,14.2044,14.1756,14.1756,6782
2015-08-07,14.1613,14.1972,14.0895,14.1541,8064
2015-08-10,14.2618,14.2618,14.1039,14.2187,14350
2015-08-11,14.1756,14.2933,14.0680,14.1110,10275
2015-08-12,14.0895,14.3479,14.0895,14.3048,17169
2015-08-13,14.3551,14.4843,14.2187,14.3551,15931
2015-08-14,14.4269,14.7355,14.1110,14.5991,48600
2015-08-17,14.5273,14.5991,14.4843,14.5417,9234
2015-08-18,14.5417,14.5417,14.3443,14.3766,12965
2015-08-19,14.3551,14.4972,14.3551,14.3551,12674
2015-08-20,14.3551,14.4340,14.1900,14.1972,24695
2015-08-21,13.9890,14.3048,13.9890,14.0895,15366
2015-08-24,13.8527,14.2259,13.8527,13.9890,24871
2015-08-25,14.3694,14.3694,13.8957,13.9962,41473
2015-08-26,14.2044,14.2044,13.9962,14.1685,19409
2015-08-27,14.2331,14.2682,14.0106,14.1828,14931
2015-08-28,14.1182,14.2402,14.1182,14.2402,11028
2015-08-31,14.2402,14.3551,14.1398,14.3407,11768
2015-09-01,14.1254,14.2690,13.9029,13.9388,16668
2015-09-02,14.1039,14.1469,13.9603,14.0752,7810
2015-09-03,14.0095,14.1110,13.8239,13.8527,16964
2015-09-04,13.8168,14.1398,13.8168,14.0752,16981
2015-09-08,14.1398,14.1398,13.9962,14.0393,12902
2015-09-09,14.1182,14.1182,13.9244,13.9244,14430
2015-09-10,13.9818,14.0393,13.8885,14.0249,9145
2015-09-11,13.9388,14.1182,13.8885,14.1039,5013
2015-09-14,14.1311,14.1311,14.0106,14.0608,12164
2015-09-15,14.0680,14.1685,14.0680,14.1326,8772
2015-09-16,14.0680,14.3264,14.0680,14.2044,12488
2015-09-17,14.1182,14.3551,14.0393,14.1254,30239
2015-09-18,13.9675,14.1254,13.9675,14.0680,24256
2015-09-21,14.1254,14.3192,14.0680,14.2259,11388
2015-09-22,14.1541,14.3335,14.1398,14.1756,15296
2015-09-23,14.1685,14.3479,14.1110,14.2977,14174
2015-09-24,14.3192,14.4843,14.2797,14.3264,25264
2015-09-25,14.3981,14.3981,13.9101,13.9173,41542
2015-09-28,13.9603,14.0177,13.8957,13.9818,19371
2015-09-29,14.0249,14.1039,13.8957,13.9675,18464
2015-09-30,14.0177,14.1414,13.9388,14.0106,15477
2015-10-01,14.0464,14.1972,13.9101,13.9388,17701
2015-10-02,13.8814,14.0464,13.6876,14.0249,36406
2015-10-05,14.0752,14.2977,14.0429,14.2402,18501
2015-10-06,13.9244,14.2546,13.9244,14.1398,17549
2015-10-07,14.2259,14.2977,14.2044,14.2977,17270
2015-10-08,14.2618,14.4771,14.2618,14.4340,23590
2015-10-09,14.4771,14.4771,14.3572,14.3838,7565
2015-10-12,14.4125,14.4412,14.2259,14.4412,10795
2015-10-13,14.4412,14.4412,14.3623,14.3623,9808
2015-10-14,14.3910,14.3981,14.1613,14.1756,12912
2015-10-15,14.2618,14.4412,14.0536,14.4412,24173
2015-10-16,14.4699,14.4699,14.2474,14.4340,14121
2015-10-19,14.2833,14.4412,14.2833,14.3551,13521
2015-10-20,14.3551,14.4412,14.3264,14.3694,19800
2015-10-21,14.4269,14.4412,14.2834,14.2977,9699
2015-10-22,14.3407,14.4412,14.3407,14.4412,17899
2015-10-23,14.4412,14.6135,14.4376,14.5848,27302
2015-10-26,14.5848,14.6063,14.3694,14.5561,10670
2015-10-27,14.5202,14.5848,14.3264,14.3766,8861
2015-10-28,14.3364,14.8216,14.3364,14.8216,38477
2015-10-29,14.8202,15.0746,14.5076,14.9365,9468
2015-10-30,14.9074,14.9074,14.3841,14.3986,21868
2015-11-02,14.4059,14.6312,14.4059,14.5876,12851
2015-11-03,14.5948,14.8929,14.3986,14.5658,30870
2015-11-04,14.5440,14.6821,14.4095,14.6675,11765
2015-11-05,14.5948,14.8201,14.5948,14.7620,11079
2015-11-06,14.7620,14.7911,14.6457,14.7620,17885
2015-11-09,14.7693,14.7693,14.5839,14.6893,10847
2015-11-10,14.7620,14.7693,14.6966,14.7693,13037
2015-11-11,14.7693,14.7693,14.6748,14.6821,12909
2015-11-12,14.6821,14.6821,14.4967,14.5004,13740
2015-11-13,14.5803,14.7693,14.5509,14.7184,25328
2015-11-16,14.7555,14.9147,14.6966,14.8856,15041
2015-11-17,14.9655,14.9946,14.7806,14.8056,17307
2015-11-18,14.7911,14.8056,14.6603,14.7620,11117
2015-11-19,14.7475,14.8274,14.6457,14.6821,12175
2015-11-20,14.7693,14.9583,14.6821,14.7911,15883
2015-11-23,14.7984,14.9074,14.6421,14.8747,14668
2015-11-24,14.7184,14.9510,14.7184,14.9001,7829
2015-11-25,14.8783,14.9510,14.6167,14.9001,9873
2015-11-27,14.8783,14.9328,14.8274,14.9183,3082
2015-11-30,14.9219,15.0019,14.8710,14.9219,21957
2015-12-01,14.7693,15.3987,14.7548,15.2926,26825
2015-12-02,15.3726,15.3798,15.0164,15.3071,14982
2015-12-03,15.3944,15.4525,14.9873,15.0528,25235
2015-12-04,15.0455,15.3471,14.9873,15.1472,15446
2015-12-07,15.0964,15.0964,14.8129,15.0091,21221
2015-12-08,14.8420,15.1690,14.8420,15.0164,14187
2015-12-09,14.8710,15.0091,14.7766,14.8274,23687
2015-12-10,14.8129,15.0673,14.6675,14.7838,11718
2015-12-11,14.5222,14.7838,14.5004,14.5004,16437
2015-12-14,14.5367,14.6021,14.4640,14.5730,10913
2015-12-15,14.6748,15.0346,14.5367,14.9219,18344
2015-12-16,14.9801,15.1109,14.8783,14.9510,20018
2015-12-17,15.0455,15.1182,14.7039,14.7766,17268
2015-12-18,14.6893,15.0455,14.6167,14.8565,60201
2015-12-21,14.8347,14.8856,14.6312,14.7184,10696
2015-12-22,14.7693,14.7911,14.6385,14.7548,15641
2015-12-23,14.7257,14.9510,14.6167,14.9292,12600
2015-12-24,14.9437,15.1763,14.9437,15.1036,3935
2015-12-28,15.0164,15.2853,15.0066,15.2199,22714
2015-12-29,15.2417,15.4452,15.2417,15.4089,10404
2015-12-30,15.4089,15.5906,15.3653,15.3944,17371
2015-12-31,15.4380,15.4380,15.2635,15.2635,33444
2016-01-04,15.0746,15.1690,14.5294,14.7329,27141
2016-01-05,14.7838,14.9728,14.6021,14.8420,11136
2016-01-06,14.5948,14.9001,14.5948,14.8638,22254
2016-01-07,14.6675,14.9001,14.6675,14.8129,30736
2016-01-08,14.8347,14.8492,14.6777,14.6893,15906
2016-01-11,14.8420,14.9001,14.5658,14.8492,32193
2016-01-12,15.1618,15.1618,14.7693,14.8565,29976
2016-01-13,14.6239,15.1254,14.6094,14.7766,49399
2016-01-14,14.7984,15.1254,14.6603,14.7911,49275
2016-01-15,14.5367,15.2562,14.4640,14.5076,63570
2016-01-19,14.4858,14.5585,14.2460,14.3332,46713
2016-01-20,14.1806,14.4131,14.1806,14.2605,50697
2016-01-21,14.2460,14.6167,14.2096,14.3187,38203
2016-01-22,14.4858,14.6457,14.2750,14.5730,37839
2016-01-25,14.5367,14.6152,14.3259,14.3477,30095
2016-01-26,14.3913,14.5730,14.3259,14.3695,29253
2016-01-27,14.2242,14.6617,14.2242,14.3695,30223
2016-01-28,14.4681,14.9098,14.4018,14.7184,21849
2016-01-29,14.6816,14.8362,14.6816,14.8362,26402
2016-02-01,14.7552,14.8362,14.5785,14.6521,23380
2016-02-02,14.6374,14.7110,14.5417,14.5491,20960
2016-02-03,14.5859,14.6448,14.4607,14.5270,21855
2016-02-04,14.5270,14.6926,14.4533,14.5270,11990
2016-02-05,14.5123,14.5417,14.2545,14.2766,51603
2016-02-08,14.2398,14.7626,14.1809,14.6742,38025
2016-02-09,14.5270,14.7920,14.5270,14.7331,19789
2016-02-10,14.8215,14.8730,14.5417,14.6374,24103
2016-02-11,14.4681,14.6227,14.4313,14.4975,16648
2016-02-12,14.6890,14.8730,14.6329,14.8436,47660
2016-02-16,14.9098,15.0645,14.7479,14.9982,25257
2016-02-17,15.0792,15.0792,14.7258,14.9246,25478
2016-02-18,14.9025,14.9025,14.6227,14.6963,20489
2016-02-19,14.7184,14.8289,14.6963,14.7037,19171
2016-02-22,14.8362,14.8362,14.6742,14.7110,18132
2016-02-23,14.6963,14.7258,14.6153,14.6227,27626
2016-02-24,14.5785,14.7184,14.5564,14.6374,25653
2016-02-25,14.7479,14.7920,14.5859,14.7847,11900
2016-02-26,14.7994,14.8362,14.7700,14.7920,13446
2016-02-29,14.7994,14.8215,14.6374,14.6521,31445
2016-03-01,14.6742,14.7920,14.5785,14.6521,15768
2016-03-02,14.6080,14.7847,14.5785,14.7479,16622
2016-03-03,14.7258,14.7994,14.6595,14.7626,14767
2016-03-04,14.7994,14.8147,14.7110,14.7773,16207
2016-03-07,14.7920,14.8730,14.7773,14.8362,26985
2016-03-08,14.7773,15.0939,14.7258,14.9761,36432
2016-03-09,15.0571,15.0571,14.7110,14.8509,28624
2016-03-10,14.8362,14.8583,14.7258,14.7331,20490
2016-03-11,14.7700,14.8878,14.7037,14.8215,20691
2016-03-14,14.7626,14.9246,14.7258,14.8436,26226
2016-03-15,14.8289,14.9246,14.7331,14.8141,18650
2016-03-16,14.8362,14.8613,14.7331,14.7920,14080
2016-03-17,14.8362,14.9835,14.7258,14.9246,15054
2016-03-18,15.0056,15.1749,14.7920,14.9761,66530
2016-03-21,15.0129,15.1086,14.8657,15.0866,30590
2016-03-22,15.0571,15.2633,14.9319,15.1086,33681
2016-03-23,15.1013,15.2485,14.8068,14.8583,54645
2016-03-24,14.8878,14.8878,14.7258,14.7920,17170
2016-03-28,14.8509,14.9687,14.5343,14.6006,39218
2016-03-29,14.6006,14.7238,14.5417,14.6006,40172
2016-03-30,14.7258,14.7700,14.6521,14.7037,28934
2016-03-31,14.7479,14.7479,14.6374,14.6374,27037
2016-04-01,14.6153,14.6742,14.5270,14.6374,45454
2016-04-04,14.6963,14.7110,14.5822,14.6153,31188
2016-04-05,14.5638,14.5932,14.5343,14.5343,31393
2016-04-06,14.5417,14.5859,14.4681,14.5196,34713
2016-04-07,14.4902,14.5196,14.2840,14.3871,61466
2016-04-08,14.4828,14.4828,14.3282,14.3429,20470
2016-04-11,14.4018,14.4445,14.3135,14.3429,25766
2016-04-12,14.3208,14.4885,14.2987,14.4165,37897
2016-04-13,14.4681,14.6963,14.4165,14.6448,24981
2016-04-14,14.6448,14.6890,14.5712,14.6448,18418
2016-04-15,14.6153,14.7184,14.6153,14.7110,24993
2016-04-18,14.7331,14.7405,14.6958,14.7258,26515
2016-04-19,14.7258,14.7920,14.6595,14.7626,26330
2016-04-20,14.7331,14.9540,14.6745,14.8509,24373
2016-04-21,14.8730,14.9835,14.7773,14.8730,21741
2016-04-22,14.9467,14.9761,14.7331,14.8804,27441
2016-04-25,14.8730,15.0203,14.7626,14.9172,16434
2016-04-26,14.9835,15.2191,14.9835,15.2044,20937
2016-04-27,15.2191,15.4621,15.1675,15.3074,20873
2016-04-28,15.2958,15.6612,15.0124,15.0571,17649
2016-04-29,15.0273,15.1764,14.9825,15.0571,14505
2016-05-02,15.1615,15.2808,15.0444,15.1391,13270
2016-05-03,15.0347,15.1205,14.9154,14.9229,18398
2016-05-04,14.9154,14.9676,14.8408,14.8483,14687
2016-05-05,14.9005,15.1652,14.7663,14.7886,9797
2016-05-06,14.8035,14.8557,14.7663,14.8259,13519
2016-05-09,14.7439,14.9229,14.7439,14.7663,15198
2016-05-10,14.7439,14.8856,14.7439,14.8408,15626
2016-05-11,14.8408,14.9751,14.8035,14.9303,26762
2016-05-12,14.9452,15.0551,14.8781,14.9825,17158
2016-05-13,15.0944,15.2510,14.9803,15.2137,45653
2016-05-16,15.2734,15.4225,15.0138,15.2659,17407
2016-05-17,15.2510,15.2659,14.8408,14.8930,33273
2016-05-18,14.9005,15.1280,14.9005,15.0571,19037
2016-05-19,15.0198,15.0347,14.8408,14.8483,21632
2016-05-20,14.9154,15.1018,14.8408,14.9452,27705
2016-05-23,14.9079,14.9825,14.8408,14.8483,12349
2016-05-24,14.9527,15.1615,14.9527,15.0496,27131
2016-05-25,15.1018,15.2883,15.0795,15.1690,19568
2016-05-26,15.1317,15.1913,14.9006,15.0944,13889
2016-05-27,15.1466,15.1913,15.1018,15.1690,12248
2016-05-31,15.1317,15.2212,15.0720,15.1242,13924
2016-06-01,15.0496,15.2286,15.0496,15.2137,10297
2016-06-02,15.2212,15.2286,15.0795,15.2286,16032
2016-06-03,15.2063,15.2510,15.1242,15.2435,14124
2016-06-06,15.2585,15.2883,15.2033,15.2585,22107
2016-06-07,15.2808,15.2883,15.1466,15.1913,11706
2016-06-08,15.2435,15.2958,15.1988,15.2734,13450
2016-06-09,15.2212,15.2212,15.0646,15.1690,11956
2016-06-10,15.1317,15.3032,15.0854,15.2585,34393
2016-06-13,15.2137,15.2734,15.0869,15.2286,10632
2016-06-14,15.3032,15.3032,15.0646,15.2808,11203
2016-06-15,15.3032,15.3032,15.0795,15.1988,10888
2016-06-16,15.1690,15.2734,15.0869,15.1988,11058
2016-06-17,15.2510,15.4076,15.1913,15.4002,64065
2016-06-20,15.4374,15.4374,15.2137,15.3256,24518
2016-06-21,15.3554,15.3629,15.1615,15.3107,17864
2016-06-22,15.3554,15.4076,15.1764,15.3181,15641
2016-06-23,15.4300,15.5294,15.2063,15.3629,36556
2016-06-24,15.5120,15.5120,15.0646,15.2063,76545
2016-06-27,15.1168,15.2658,15.0273,15.0944,23352
2016-06-28,15.1839,15.2883,14.9900,15.0571,28088
2016-06-29,15.1690,15.1690,14.9378,14.9825,25846
2016-06-30,15.0273,15.0869,14.9154,15.0795,21201
2016-07-01,15.1018,15.1018,14.9154,14.9900,22021
2016-07-05,15.0049,15.0422,14.9378,14.9527,14129
2016-07-06,14.9378,15.1465,14.9154,15.1018,30353
2016-07-07,15.1391,15.1541,14.9239,15.0273,11631
2016-07-08,15.0795,15.2808,15.0720,15.2585,26184
2016-07-11,15.2958,15.5493,15.2212,15.5269,23640
2016-07-12,15.5866,15.9595,15.5492,15.9297,40066
2016-07-13,15.8924,16.0266,15.6686,15.8775,22913
2016-07-14,15.9147,15.9222,15.7358,15.7507,12749
2016-07-15,15.8700,15.9221,15.7358,15.7880,29765
2016-07-18,15.7730,15.8402,15.3778,15.5568,21719
2016-07-19,15.6090,15.8029,15.5717,15.7432,15019
2016-07-20,15.8327,15.8327,15.5717,15.6388,13356
2016-07-21,15.7059,15.7059,15.4151,15.4225,22861
2016-07-22,15.5046,15.6612,15.3480,15.5866,7580
2016-07-25,15.5941,15.6313,15.5007,15.6313,5005
2016-07-26,15.6612,15.8267,15.6612,15.6910,6869
2016-07-27,15.8327,16.1534,15.7208,16.0415,32971
2016-07-28,16.0784,16.1237,16.0784,16.1086,4326
2016-07-29,16.0784,16.2445,16.0784,16.0860,19307
2016-08-01,16.1162,16.1690,16.0784,16.1464,13757
2016-08-02,16.2219,16.5964,16.1917,16.2219,30004
2016-08-03,16.2898,16.2898,15.8671,15.9426,13825
2016-08-04,15.9426,15.9758,15.8687,15.8822,5323
2016-08-05,16.0332,16.6068,15.8520,16.0709,11885
2016-08-08,15.8926,16.2823,15.8926,16.2370,10034
2016-08-09,16.3275,16.4257,16.0064,16.2521,11370
2016-08-10,16.1841,16.2687,16.0332,16.0332,9763
2016-08-11,16.0407,16.2219,15.9199,16.0407,14906
2016-08-12,16.1313,16.3879,15.9803,16.0784,13940
2016-08-15,16.1615,16.2672,15.9879,16.1388,19374
2016-08-16,16.1690,16.1690,16.0181,16.0256,15081
2016-08-17,16.0935,16.1615,15.6406,15.8218,23174
2016-08-18,15.8218,15.8821,15.5651,15.7388,11585
2016-08-19,15.7237,15.8709,15.6643,15.7086,12617
2016-08-22,15.7690,16.2143,15.6633,16.1237,21435
2016-08-23,16.1464,16.1916,16.0445,16.1011,8500
2016-08-24,16.1313,16.1713,16.0105,16.0709,10600
2016-08-25,16.1086,16.2558,16.0435,16.2219,6066
2016-08-26,16.1992,16.4105,16.0784,16.1992,3526
2016-08-29,16.1992,16.2746,15.7388,16.2521,7316
2016-08-30,16.1388,16.3653,16.1388,16.2596,12843
2016-08-31,16.1237,16.4419,15.8973,16.3200,23598
2016-09-01,16.1464,16.1841,15.7804,15.9803,15919
2016-09-02,16.0407,16.0633,15.8746,16.0256,9739
2016-09-06,16.0633,16.2068,16.0483,16.1690,6317
2016-09-07,16.1917,16.5465,16.0030,16.3804,41580
2016-09-08,16.2974,16.5314,16.1917,16.3879,13215
2016-09-09,16.2898,16.4332,16.0483,16.1237,20028
2016-09-12,16.0558,16.2067,15.8897,16.1011,14768
2016-09-13,15.9954,15.9954,15.7388,15.7388,13211
2016-09-14,15.7312,15.8973,15.6633,15.7086,11710
2016-09-15,15.6708,15.7991,15.6708,15.7463,8343
2016-09-16,15.8520,15.9803,15.7479,15.9275,34732
2016-09-19,15.8973,16.1237,15.6331,16.0030,11108
2016-09-20,16.1237,16.1464,15.9728,16.0332,7071
2016-09-21,16.0332,16.1690,16.0332,16.1237,8566
2016-09-22,16.1464,16.2672,15.9577,16.2370,16538
2016-09-23,16.2294,16.4030,16.1767,16.1917,11012
2016-09-26,16.1615,16.2521,15.8897,16.1162,10447
2016-09-27,16.1464,16.6446,15.9501,16.5691,47945
2016-09-28,16.5993,16.8069,16.2068,16.7050,26576
2016-09-29,16.6521,17.1126,16.4861,16.5540,11392
2016-09-30,16.5087,16.6068,16.4936,16.5842,11484
2016-10-03,17.0158,17.0158,16.3366,16.5163,7678
2016-10-04,16.5163,16.9239,16.4332,16.5238,14965
2016-10-05,16.5314,16.6068,16.2219,16.4106,16321
2016-10-06,16.4701,16.5993,16.3815,16.5540,6158
2016-10-07,16.5690,16.6068,16.4974,16.5314,5049
2016-10-10,16.5842,16.7427,16.4521,16.7427,7631
2016-10-11,16.8333,16.9616,16.5767,16.5767,15090
2016-10-12,16.1086,16.9465,16.1086,16.7956,12300
2016-10-13,16.6974,17.0522,16.4785,16.6597,17489
2016-10-14,16.5842,16.9088,16.4668,16.6219,17993
2016-10-17,16.5314,16.7125,16.4181,16.5465,10642
2016-10-18,16.5540,16.5540,16.2974,16.3577,13160
2016-10-19,16.3753,16.5540,16.2933,16.4861,7072
2016-10-20,16.4785,16.4936,16.3540,16.4936,13566
2016-10-21,16.4030,16.6820,16.1539,16.4710,25845
2016-10-24,16.5767,16.5951,16.1886,16.4483,9029
2016-10-25,16.3955,16.4936,16.2370,16.2974,15410
2016-10-26,16.3050,16.3879,16.0784,16.0935,8862
2016-10-27,16.2166,16.2166,15.9720,16.0332,14188
2016-10-28,16.1918,16.1918,16.0484,16.0714,12128
2016-10-31,16.0102,16.1401,15.9720,15.9873,28070
2016-11-01,16.0790,16.0790,15.6969,15.7810,23916
2016-11-02,15.8421,16.0013,15.7045,15.8650,15175
2016-11-03,15.9491,16.0561,15.9491,16.0332,15235
2016-11-04,15.9874,16.2089,15.9262,15.9262,9364
2016-11-07,16.1096,16.4000,15.9873,16.3006,10016
2016-11-08,16.3312,16.3312,15.9432,16.2242,15022
2016-11-09,16.2471,17.0266,16.1172,16.9808,36151
2016-11-10,17.1336,17.9819,16.5605,17.9208,40010
2016-11-11,17.8291,19.2734,17.0801,19.0976,58798
2016-11-14,19.3575,19.3728,17.7985,18.5856,78976
2016-11-15,18.1347,18.1347,17.3942,17.7603,27740
2016-11-16,17.8061,17.9819,17.3170,17.8825,14438
2016-11-17,17.9284,18.1160,17.5463,18.0965,25676
2016-11-18,18.0430,18.6620,17.6036,18.5703,24516
2016-11-21,18.5703,19.4415,18.5703,19.4339,22882
2016-11-22,19.4797,19.9551,19.0843,19.5485,36668
2016-11-23,19.4721,19.7705,19.2123,19.6479,18878
2016-11-25,19.7549,19.7549,19.1817,19.4033,20140
2016-11-28,19.4492,19.4492,18.8111,18.8684,20440
2016-11-29,18.9448,19.0136,17.9666,18.1959,39076
2016-11-30,18.2952,18.3411,17.8146,18.2264,15608
2016-12-01,18.1959,18.7223,17.9931,18.6315,11729
2016-12-02,18.4175,18.4939,17.9749,18.3029,17682
2016-12-05,18.2417,18.9066,18.1959,18.8302,18918
2016-12-06,18.8684,19.1053,18.3907,18.8149,23773
2016-12-07,18.7843,19.2199,18.3761,19.0365,25562
2016-12-08,19.2199,19.7854,18.8837,19.5944,63574
2016-12-09,19.5562,19.7549,19.2849,19.5409,68777
2016-12-12,19.1970,19.4415,18.7385,18.9295,27844
2016-12-13,19.0747,19.5256,18.9608,19.2428,25216
2016-12-14,19.1970,19.3738,18.9715,19.1206,21295
2016-12-15,19.0976,19.6173,18.9983,19.4033,31443
2016-12-16,19.3269,19.7472,19.0594,19.5944,66830
2016-12-19,19.6020,19.8294,19.3498,19.7090,16920
2016-12-20,19.8389,19.9688,19.3345,19.9306,24076
2016-12-21,19.8695,19.9077,19.3040,19.4263,24225
2016-12-22,19.5180,19.7701,19.1970,19.3422,31485
2016-12-23,19.2811,19.9688,19.0365,19.8695,73497
2016-12-27,19.9153,20.2440,19.3804,20.1446,59583
2016-12-28,20.1752,20.1752,19.7090,19.9688,39627
2016-12-29,20.1293,20.3051,19.9803,20.0988,30993
2016-12-30,20.2287,20.2287,19.9153,20.0223,29738
2017-01-03,20.0529,20.2516,19.4339,19.9383,62230
2017-01-04,20.0911,20.2516,19.8236,20.0911,73509
2017-01-05,19.4340,20.1828,19.4340,19.8313,11658
2017-01-06,19.8466,19.9612,19.4568,19.7549,29796
2017-01-09,19.5638,19.8695,19.1532,19.7243,32463
2017-01-10,19.7931,20.1140,19.5256,19.7778,53997
2017-01-11,19.5562,19.9994,19.2123,19.9536,85610
2017-01-12,19.5867,19.7625,19.1053,19.4186,36208
2017-01-13,19.5944,19.8312,19.4263,19.6326,16178
2017-01-17,19.7167,19.8236,19.1053,19.1741,31473
2017-01-18,19.3728,19.5332,18.4863,19.0518,68350
2017-01-19,18.8989,19.2704,18.8837,18.9754,25036
2017-01-20,18.9830,19.6097,18.9830,19.4797,65077
2017-01-23,19.4797,19.4797,18.8837,19.0594,20441
2017-01-24,19.0594,19.7014,18.9219,19.0824,27212
2017-01-25,19.1817,19.5033,19.1248,19.2428,28421
2017-01-26,19.3037,19.4118,19.0953,19.3269,14610
2017-01-27,19.2497,19.4118,19.0567,19.2265,12717
2017-01-30,19.1570,19.1570,18.6860,18.7092,20082
2017-01-31,18.6605,18.6605,18.1532,18.3463,16436
2017-02-01,18.4158,18.5451,18.2459,18.4158,16192
2017-02-02,18.6629,18.9640,18.2073,18.3540,17865
2017-02-03,18.5316,19.0875,18.2845,18.8096,16859
2017-02-06,18.7246,19.2729,18.4467,18.6397,59909
2017-02-07,18.7555,18.7748,18.4158,18.6860,36736
2017-02-08,18.6474,18.6474,18.0683,18.0837,30224
2017-02-09,18.2227,18.4312,17.7903,18.3386,67637
2017-02-10,18.5779,18.9563,18.3540,18.5239,77897
2017-02-13,18.7015,19.0025,18.3540,18.6320,23321
2017-02-14,18.7864,19.0644,18.3424,18.9099,25918
2017-02-15,18.9099,18.9835,18.3772,18.8713,62944
2017-02-16,18.9563,18.9563,18.7246,18.8327,49022
2017-02-17,18.8405,18.9794,18.5587,18.8250,30736
2017-02-21,18.9254,18.9254,18.3617,18.4698,27524
2017-02-22,18.3849,18.5316,18.3155,18.4698,13772
2017-02-23,18.3926,18.5702,18.3077,18.5161,21258
2017-02-24,18.3772,18.5316,18.3772,18.3926,12674
2017-02-27,18.2073,18.5316,18.2073,18.2999,17088
2017-02-28,18.2575,18.3694,17.9255,18.1224,52457
2017-03-01,18.4853,18.6088,18.0683,18.5161,91096
2017-03-02,18.2790,18.5315,18.2790,18.3617,32815
2017-03-03,18.2999,18.8018,18.1455,18.4544,35114
2017-03-06,18.3617,18.8327,18.2073,18.6706,24237
2017-03-07,18.8868,18.8868,18.3540,18.4467,21959
2017-03-08,18.5316,18.6609,18.1886,18.2305,26441
2017-03-09,18.2999,18.5238,18.0143,18.0451,29155
2017-03-10,18.1455,18.2135,17.8236,18.0760,22886
2017-03-13,17.9988,18.2459,17.9238,17.9988,10273
2017-03-14,17.9756,18.1223,17.7903,17.9988,23922
2017-03-15,18.0529,18.2535,18.0220,18.0683,18499
2017-03-16,18.2150,18.3308,18.0220,18.2150,15856
2017-03-17,18.1301,18.4158,18.1301,18.3540,51853
2017-03-20,18.3386,18.5144,18.1764,18.2382,15244
2017-03-21,18.3680,18.3680,17.6164,17.6591,32524
2017-03-22,17.6436,17.7825,17.2653,17.5664,29516
2017-03-23,17.5664,17.7594,17.5664,17.6591,17551
2017-03-24,17.6127,17.7594,17.5818,17.6282,15947
2017-03-27,17.4274,17.8984,17.2267,17.7517,26187
2017-03-28,17.7286,17.9447,17.6977,17.8521,40122
2017-03-29,17.7826,18.1146,17.7826,17.8289,21874
2017-03-30,17.7980,18.1841,17.7980,18.0992,28979
2017-03-31,18.0529,18.1995,17.8830,17.9756,49361
2017-04-03,17.9756,18.0683,17.6977,17.8675,15601
2017-04-04,17.7594,17.9911,17.6245,17.7440,21034
2017-04-05,17.9293,17.9678,17.4226,17.4815,43107
2017-04-06,17.5353,17.5705,17.3965,17.4815,35057
2017-04-07,17.4197,17.6590,17.4197,17.5278,18401
2017-04-10,17.6050,17.9525,17.5910,17.6977,31295
2017-04-11,17.6668,18.0529,17.6668,17.9448,24030
2017-04-12,17.8598,18.0297,17.7517,17.9834,28348
2017-04-13,17.8753,17.9448,17.7286,17.7517,27982
2017-04-17,17.7440,18.0143,17.7440,17.9911,32657
2017-04-18,18.0529,18.3386,17.9911,18.1764,34048
2017-04-19,18.3308,18.3308,17.9834,18.0606,23887
2017-04-20,18.2073,18.3231,18.0220,18.1301,21673
2017-04-21,18.2150,18.2845,17.9911,18.0529,27461
2017-04-24,18.3463,18.5316,18.1610,18.2305,31290
2017-04-25,18.4544,18.5316,17.9911,18.0915,47967
2017-04-26,17.9911,18.5161,17.9911,18.2768,39085
2017-04-27,18.3942,18.4879,18.1912,18.2459,27004
2017-04-28,18.2303,18.3162,18.0663,18.1522,25961
2017-05-01,18.1522,18.3084,18.0741,18.1756,10210
2017-05-02,18.1444,18.4216,18.1444,18.2381,15014
2017-05-03,18.1600,18.3135,18.0741,18.1288,15297
2017-05-04,18.1054,18.2693,18.0351,18.2303,9515
2017-05-05,18.3005,18.3005,18.0195,18.1678,11749
2017-05-08,18.2147,18.3786,18.1054,18.1600,14876
2017-05-09,18.1756,18.3349,18.0039,18.0819,14465
2017-05-10,18.0741,18.1522,17.9961,18.0507,17617
2017-05-11,18.0195,18.1444,17.8166,17.9180,28758
2017-05-12,17.9804,18.1951,17.8009,17.9570,26295
2017-05-15,17.9492,18.3083,17.9492,18.0976,19723
2017-05-16,18.2069,18.2069,17.8009,18.0195,19402
2017-05-17,17.8009,17.8711,17.3559,17.6447,40777
2017-05-18,17.6603,18.2614,17.6213,17.6760,21280
2017-05-19,17.6525,17.8476,17.3559,17.3949,24781
2017-05-22,17.3715,17.5588,17.3091,17.5120,21513
2017-05-23,17.5042,17.8009,17.4261,17.7072,16180
2017-05-24,17.7384,17.8711,17.5745,17.7775,17742
2017-05-25,17.7384,17.9180,17.6760,17.7696,11992
2017-05-26,17.7618,17.8165,17.4964,17.7306,15564
2017-05-30,17.6057,17.6916,17.4105,17.4339,16137
2017-05-31,17.4183,17.4807,17.1763,17.4027,35903
2017-06-01,17.5510,17.7696,17.3428,17.6603,27026
2017-06-02,17.3168,18.1443,17.3168,17.6838,43826
2017-06-05,17.7462,18.0741,17.5667,17.5901,18132
2017-06-06,17.4730,17.6681,17.4183,17.5042,6073
2017-06-07,17.6135,17.8087,17.5667,17.6681,14251
2017-06-08,17.4105,18.2849,17.4105,17.9492,59132
2017-06-09,18.2146,19.0266,18.0897,18.7690,80204
2017-06-12,18.8393,19.0501,18.3162,18.4411,29227
2017-06-13,18.3396,18.5893,18.3396,18.5113,13803
2017-06-14,18.4020,18.5893,18.2381,18.4957,26722
2017-06-15,18.3708,18.7065,18.3708,18.5816,17168
2017-06-16,18.4099,18.5894,18.2615,18.4801,111091
2017-06-19,18.3630,18.4411,18.2069,18.3864,20743
2017-06-20,18.3630,18.4176,18.0976,18.2303,16606
2017-06-21,18.2381,18.2849,17.9992,18.0195,18465
2017-06-22,18.0195,18.1991,17.9961,18.0195,13872
2017-06-23,18.1522,18.2303,17.9570,18.0663,62135
2017-06-26,18.1132,18.1756,17.8555,18.0273,20645
2017-06-27,18.0117,18.4878,18.0117,18.1834,34816
2017-06-28,18.2225,18.7143,18.1132,18.4489,26130
2017-06-29,18.4957,18.8236,18.3474,18.4879,21930
2017-06-30,18.5035,18.6831,18.1210,18.1600,18703
2017-07-03,18.2303,18.8158,18.2303,18.5738,10799
2017-07-05,18.5816,18.6206,18.2147,18.4411,29639
2017-07-06,18.3552,18.5816,18.3084,18.4723,16964
2017-07-07,18.4255,18.6441,18.4255,18.6050,14616
2017-07-10,18.6675,18.6675,18.2615,18.2771,20737
2017-07-11,18.2225,18.6987,18.0741,18.1444,19660
2017-07-12,18.1522,18.3395,18.0741,18.2381,15748
2017-07-13,18.3162,18.4333,18.1133,18.3942,19849
2017-07-14,18.2615,18.4645,18.1678,18.2693,19108
2017-07-17,18.2693,18.3708,18.1912,18.3005,13631
2017-07-18,18.0897,18.6518,18.0897,18.3630,19642
2017-07-19,18.3864,18.4957,18.1522,18.1834,12943
2017-07-20,18.1834,18.4020,18.0741,18.3005,24151
2017-07-21,18.6831,18.6831,18.0741,18.1132,33976
2017-07-24,18.0507,18.3551,17.9961,18.1600,28688
2017-07-25,18.3084,18.5035,18.1303,18.3240,23981
2017-07-26,18.3474,18.3474,18.1054,18.1600,16328
2017-07-27,18.2145,18.3645,18.1040,18.2303,21369
2017-07-28,18.2224,18.3013,18.0013,18.0803,15516
2017-07-31,18.1513,18.4277,18.0803,18.2224,19932
2017-08-01,18.2540,18.3961,18.1513,18.2777,16316
2017-08-02,18.3171,18.3784,18.0803,18.1040,14810
2017-08-03,18.0487,18.1355,17.9066,17.9934,19666
2017-08-04,18.0802,18.1592,18.0487,18.0487,7784
2017-08-07,18.1276,18.1592,18.0487,18.1119,14569
2017-08-08,18.1987,18.2480,17.9855,17.9934,36103
2017-08-09,17.9618,18.0201,17.6934,17.8671,29460
2017-08-10,17.7408,17.8907,17.5987,17.6776,32225
2017-08-11,17.7250,17.8327,17.4013,17.4486,57168
2017-08-14,17.4565,17.7092,17.4171,17.6460,53573
2017-08-15,17.7250,18.1434,17.7250,17.8118,39004
2017-08-16,17.8118,18.0141,17.6934,17.7645,27376
2017-08-17,17.6539,17.8107,17.4723,17.4723,22020
2017-08-18,17.3776,17.7566,17.3776,17.6776,37377
2017-08-21,17.6066,17.7329,17.5075,17.5671,13397
2017-08-22,17.5750,17.6688,17.4723,17.5829,14472
2017-08-23,17.4881,17.6066,17.4486,17.5829,16396
2017-08-24,17.5829,17.7487,17.5223,17.6618,7207
2017-08-25,17.4171,17.7250,17.4171,17.7013,10657
2017-08-28,17.6934,17.7487,17.6618,17.6855,11565
2017-08-29,17.6460,17.7329,17.5592,17.7013,13847
2017-08-30,17.6697,17.8986,17.5197,17.6381,15826
2017-08-31,17.6539,17.8671,17.5513,17.7171,21366
2017-09-01,17.7092,17.9539,17.7092,17.8513,13323
2017-09-05,17.7724,17.8513,17.5750,17.6302,15106
2017-09-06,17.7055,17.9381,17.5513,17.5987,19310
2017-09-07,17.6460,17.6934,17.3776,17.4881,11409
2017-09-08,17.5276,17.7645,17.5197,17.7092,17899
2017-09-11,17.7645,17.9460,17.5355,17.8829,22995
2017-09-12,17.8829,18.2540,17.8829,18.1040,11661
2017-09-13,17.9539,18.1592,17.9539,18.0961,12507
2017-09-14,17.9855,18.1276,17.8376,17.9460,20689
2017-09-15,17.9776,18.3763,17.8118,18.2461,64924
2017-09-18,18.1434,18.7356,17.9775,18.6724,31579
2017-09-19,18.6724,18.9093,18.5066,18.6724,35010
2017-09-20,18.4513,18.9348,18.4513,18.7198,24772
2017-09-21,18.7119,18.9330,18.6093,18.6566,16828
2017-09-22,18.6724,18.9172,18.6724,18.8540,12983
2017-09-25,18.7435,19.0672,18.7198,18.9961,19418
2017-09-26,19.0751,19.3909,18.9961,19.3040,12356
2017-09-27,19.3751,19.8883,19.0182,19.8093,27230
2017-09-28,19.9751,20.0699,19.6278,19.9357,19931
2017-09-29,19.5963,19.9830,19.2567,19.3909,25103
2017-10-02,19.3988,20.1291,19.3553,20.1173,39462
2017-10-03,20.1094,20.1094,19.7659,19.9988,19224
2017-10-04,19.9988,20.0647,19.6426,19.8251,11911
2017-10-05,19.8172,20.0857,19.6278,20.0146,14569
2017-10-06,19.8172,20.0936,19.7383,20.0225,11135
2017-10-09,19.9357,20.1331,19.9120,20.0462,7235
2017-10-10,20.1331,20.4252,19.7090,20.4173,12970
2017-10-11,20.5515,20.6147,20.2831,20.4804,14035
2017-10-12,20.4647,20.4726,20.2436,20.2673,10047
2017-10-13,20.2673,20.2673,19.9775,20.2673,9902
2017-10-16,20.1804,20.9068,20.1015,20.8752,36122
2017-10-17,20.7410,21.1200,20.3304,20.3304,15253
2017-10-18,20.3146,20.9226,20.2436,20.7331,25306
2017-10-19,20.5594,20.8910,20.2357,20.6068,16690
2017-10-20,20.8910,21.0790,20.0778,20.6778,13206
2017-10-23,20.7015,20.7015,20.2120,20.2120,20057
2017-10-24,20.1094,20.2120,19.8646,20.0936,16977
2017-10-25,20.0620,20.2199,19.9823,20.1409,9452
2017-10-26,20.2515,20.4291,19.9396,20.2278,15867
2017-10-27,20.2811,20.6959,20.1057,20.4726,23093
2017-10-30,20.4885,20.4885,19.2603,19.4517,26010
2017-10-31,19.5873,20.1296,19.3401,19.4836,22466
2017-11-01,19.6591,19.9223,18.7260,19.0769,29284
2017-11-02,19.0210,19.9701,19.0210,19.8983,13162
2017-11-03,19.8266,20.0977,19.6192,19.8664,30672
2017-11-06,19.6351,19.7027,19.5713,19.6591,7108
2017-11-07,19.5394,19.5394,18.5505,18.5665,24434
2017-11-08,18.6462,18.8129,18.3671,18.5106,23139
2017-11-09,18.4787,18.8934,18.3591,18.7419,13626
2017-11-10,18.8456,19.3241,18.6781,18.7020,17740
2017-11-13,18.5585,19.0290,18.4695,18.8615,9927
2017-11-14,18.7339,19.1407,18.7282,19.0131,6326
2017-11-15,19.1024,19.1407,18.8735,18.9891,14000
2017-11-16,19.0609,19.2523,18.8937,19.1407,10506
2017-11-17,19.0210,19.5474,18.9572,19.4278,11190
2017-11-20,19.5235,19.5235,18.6303,19.4677,11870
2017-11-21,19.5793,19.8983,19.4597,19.7787,17083
2017-11-22,19.8106,19.8804,19.5474,19.6272,13587
2017-11-24,19.6511,19.6511,19.2204,19.4597,3934
2017-11-27,19.3560,19.9462,19.3560,19.7308,8954
2017-11-28,19.7628,20.1775,19.3879,20.0259,11499
2017-11-29,20.0818,21.0627,19.7069,21.0627,20041
2017-11-30,21.0866,21.0866,20.4008,20.4486,19075
2017-12-01,20.3802,20.4726,19.8664,20.3290,13889
2017-12-04,20.6241,20.7365,20.0977,20.2811,23934
2017-12-05,20.3768,20.5045,20.1057,20.1615,19011
2017-12-06,20.1376,20.5045,20.0977,20.3370,16468
2017-12-07,20.2732,20.4566,20.1216,20.2492,24003
2017-12-08,20.3370,20.3370,19.5713,19.7548,18059
2017-12-11,19.6511,19.8824,19.5634,19.7069,17025
2017-12-12,19.8266,20.1336,19.7468,19.8345,8512
2017-12-13,19.8664,20.0180,19.6670,19.8106,15629
2017-12-14,19.8585,19.8864,19.5155,19.5315,11638
2017-12-15,19.5235,20.1775,19.5235,19.9542,85641
2017-12-18,19.8664,20.2492,19.8664,20.2413,18152
2017-12-19,20.3051,20.4087,20.0021,20.1854,14088
2017-12-20,20.1775,20.1775,19.4118,19.5394,25805
2017-12-21,19.6670,20.1137,19.6591,20.0100,14451
2017-12-22,19.9222,20.0897,19.5873,19.5873,10584
2017-12-26,19.6910,19.8266,19.3401,19.3560,10882
2017-12-27,19.4517,19.4597,19.1726,19.2364,14887
2017-12-28,19.6236,19.6236,19.3880,19.6112,17962
2017-12-29,19.6910,19.8186,19.1407,19.1407,25446
2018-01-02,19.2842,19.5075,19.1088,19.1885,10078
2018-01-03,19.2523,19.2938,18.8695,18.9732,21763
2018-01-04,19.0928,19.3799,18.8615,19.0290,22247
2018-01-05,19.0290,19.2204,18.7898,19.1088,15587
2018-01-08,19.1806,19.2125,18.8486,19.0131,19509
2018-01-09,19.0210,19.3879,18.9812,19.0529,7456
2018-01-10,19.1247,19.4836,18.9983,19.2842,15330
2018-01-11,19.2683,19.8266,19.2683,19.7628,14229
2018-01-12,19.7628,19.9940,19.4517,19.5713,19162
2018-01-16,19.7388,19.8904,19.4952,19.7707,33537
2018-01-17,19.9382,20.2492,19.5833,20.1615,15802
2018-01-18,20.1456,20.2681,19.8975,20.0658,16301
2018-01-19,20.0499,20.1376,19.6806,19.9861,21102
2018-01-22,19.8664,20.0180,19.8664,19.9701,17683
2018-01-23,19.9781,20.1695,19.7896,20.0578,9423
2018-01-24,20.0100,20.0578,19.7229,19.7628,15015
2018-01-25,19.8266,19.8266,19.4358,19.5474,13554
2018-01-26,19.5430,19.5430,19.1155,19.2284,21594
2018-01-29,19.2203,19.3171,19.0429,19.1397,8878
2018-01-30,19.0510,19.3251,19.0510,19.2687,12433
2018-01-31,19.2768,19.3333,19.0590,19.1961,14200
2018-02-01,19.1639,19.9532,18.9784,19.0348,12811
2018-02-02,18.9784,19.2808,18.7364,18.7364,23219
2018-02-05,18.6557,18.8655,17.9460,17.9460,42225
2018-02-06,17.9298,20.1237,17.7443,18.1073,31875
2018-02-07,18.1395,18.7929,18.0266,18.0912,27767
2018-02-08,18.5186,18.5186,17.9782,17.9782,30639
2018-02-09,18.1718,19.2284,18.0831,18.9461,45521
2018-02-12,18.9945,19.4076,18.7041,18.8816,16336
2018-02-13,18.7767,18.9743,18.2041,18.3089,22056
2018-02-14,18.2847,18.7929,18.2730,18.4299,11792
2018-02-15,18.5912,18.7525,18.1960,18.4057,13418
2018-02-16,18.3251,19.0623,18.3251,18.7525,9674
2018-02-20,18.7848,19.2284,18.1799,18.1879,15157
2018-02-21,18.2928,18.7606,18.1154,18.2847,30612
2018-02-22,18.3170,18.4218,18.1637,18.3654,17121
2018-02-23,18.4057,18.4864,18.1960,18.4380,15481
2018-02-26,18.4702,18.7364,18.2767,18.6316,10329
2018-02-27,18.4138,18.8413,18.3896,18.3896,19819
2018-02-28,18.4702,18.5634,17.9137,18.0589,28743
2018-03-01,18.0670,18.2008,17.8814,18.0186,23036
2018-03-02,17.9460,18.6235,17.8331,18.4299,12057
2018-03-05,18.3251,18.7364,18.3251,18.6316,21467
2018-03-06,18.6477,18.7929,18.3896,18.7445,17081
2018-03-07,18.7848,19.2607,18.7687,19.0671,14889
2018-03-08,19.0429,19.1881,18.7848,18.7929,13912
2018-03-09,18.8816,19.6599,18.7808,19.3333,30987
2018-03-12,19.2266,19.6639,19.1961,19.4865,13234
2018-03-13,19.5510,19.6639,19.1719,19.4946,14566
2018-03-14,19.5430,19.5430,19.1639,19.2123,6299
2018-03-15,19.2526,19.6720,18.9945,19.4220,14404
2018-03-16,19.3978,19.6559,19.1961,19.6398,55803
2018-03-19,19.5107,19.8656,18.9792,19.7527,13765
2018-03-20,19.7285,19.7997,19.2849,19.3655,8713
2018-03-21,19.3171,19.3897,19.0026,19.3655,10278
2018-03-22,19.2123,19.4647,18.9380,18.9380,9479
2018-03-23,18.8816,19.2042,18.5509,18.5670,24015
2018-03-26,18.7767,18.8171,18.5590,18.6719,20462
2018-03-27,18.7687,19.0873,18.6114,18.6638,12449
2018-03-28,18.7445,19.0106,18.4299,18.9784,17799
2018-03-29,19.0671,19.0913,18.5751,18.6235,30232
2018-04-02,18.5590,18.9138,18.2605,18.5106,12166
2018-04-03,18.5428,18.6477,18.2613,18.6316,22357
2018-04-04,18.3251,18.9380,18.3251,18.8413,20235
2018-04-05,18.8413,19.0674,18.7364,18.8332,21234
2018-04-06,18.7364,18.9864,18.6557,18.8574,14066
2018-04-09,18.9058,19.1034,18.6719,19.0510,10422
2018-04-10,19.1881,19.8011,19.1074,19.5268,20263
2018-04-11,19.4220,19.6478,19.2768,19.6317,10478
2018-04-12,19.6639,19.6639,19.2526,19.4865,8733
2018-04-13,19.3131,19.5107,19.2203,19.3091,7071
2018-04-16,19.4704,19.5954,18.9917,19.3655,13765
2018-04-17,19.5994,19.5994,19.3615,19.5430,13634
2018-04-18,19.5188,19.5994,19.3333,19.5430,12792
2018-04-19,19.3413,19.7930,19.3413,19.4784,10728
2018-04-20,19.4139,19.9946,18.9542,19.7688,13977
2018-04-23,19.8333,20.0269,19.6559,20.0269,8122
2018-04-24,20.0269,20.0269,19.6075,19.8495,17913
2018-04-25,19.8091,20.0188,19.6317,19.8898,13536
2018-04-26,19.8898,20.0430,19.7527,19.9946,6506
2018-04-27,19.9800,20.0290,19.6701,19.8414,4123
2018-04-30,19.7762,19.9637,19.6538,19.6946,18284
2018-05-01,19.6620,20.2002,19.6253,19.9719,10194
2018-05-02,19.9637,20.0616,19.6864,19.8332,22099
2018-05-03,19.5397,19.7354,19.4418,19.6620,8284
2018-05-04,19.4989,20.3793,19.4989,20.0616,10460
2018-05-07,19.9556,20.2247,19.8071,20.1513,7828
2018-05-08,19.9066,20.2655,19.8332,20.2165,16789
2018-05-09,20.3225,20.3633,20.1106,20.2084,15251
2018-05-10,20.1350,20.3389,20.0420,20.2981,6401
2018-05-11,20.3796,20.7140,20.3225,20.3796,32996
2018-05-14,20.1798,20.2981,19.7435,19.7435,14047
2018-05-15,19.7354,20.0371,19.6538,19.8088,9752
2018-05-16,19.8740,20.1187,19.7843,20.0371,14291
2018-05-17,20.1105,20.3144,19.9311,20.3144,7537
2018-05-18,20.3878,20.3878,20.0372,20.2002,9913
2018-05-21,20.1431,20.3796,20.0485,20.3796,9469
2018-05-22,20.1659,20.4856,20.1659,20.3552,10525
2018-05-23,20.3715,20.5835,20.2981,20.4041,15031
2018-05-24,20.3878,20.3878,20.2247,20.3389,7784
2018-05-25,20.3389,20.3389,20.1431,20.2410,4426
2018-05-29,20.2328,20.3225,20.0860,20.1839,12314
2018-05-30,20.3878,20.8526,20.3715,20.7874,19759
2018-05-31,20.6814,20.9423,20.3804,20.8526,16498
2018-06-01,20.8363,21.1217,20.6732,21.1136,13930
2018-06-04,21.1217,21.3990,20.9831,21.3012,16491
2018-06-05,21.2033,21.2604,20.9342,21.2522,10249
2018-06-06,21.0002,21.3990,21.0002,21.3093,11787
2018-06-07,21.2033,21.5458,21.2033,21.4235,10071
2018-06-08,21.4887,21.7089,21.3582,21.3746,12538
2018-06-11,21.4398,21.6826,21.2033,21.2115,13949
2018-06-12,20.8755,21.2196,20.8755,21.0320,7573
2018-06-13,20.8934,21.3582,20.8934,21.1462,14522
2018-06-14,21.2196,21.3175,20.8689,20.9994,15069
2018-06-15,20.8526,21.5213,20.7221,21.2196,29669
2018-06-18,21.2115,21.4887,21.0973,21.4724,11226
2018-06-19,21.4235,21.8557,21.0891,21.6763,25679
2018-06-20,21.6764,21.9006,21.6764,21.8394,14499
2018-06-21,21.7415,22.0514,21.0359,21.8720,17985
2018-06-22,21.9209,22.6060,21.7459,22.5978,94282
2018-06-25,22.2798,22.5652,22.0351,22.2308,36070
2018-06-26,22.1982,22.5489,22.1901,22.3124,15670
2018-06-27,22.2635,22.2635,21.4969,21.4969,15699
2018-06-28,21.5213,21.8557,21.4325,21.5050,10925
2018-06-29,21.8965,21.8965,21.0320,21.0891,16180
2018-07-02,21.0239,21.4235,21.0239,21.3093,7839
2018-07-03,21.1462,21.6192,21.0117,21.4806,6798
2018-07-05,21.5458,21.8068,21.2792,21.7089,10506
2018-07-06,22.0107,22.2716,21.9006,22.1085,11388
2018-07-09,22.2716,22.7120,22.1214,22.5163,10779
2018-07-10,22.6631,22.6631,21.9780,22.1207,9300
2018-07-11,21.9174,22.4429,21.8557,22.2308,8592
2018-07-12,22.4510,22.4510,21.8720,22.0596,4328
2018-07-13,21.6763,21.9617,21.6763,21.8231,1588
2018-07-16,22.1778,22.3450,22.0433,22.2064,7218
2018-07-17,22.0922,22.2227,21.6266,22.1004,7481
2018-07-18,22.0718,22.5163,22.0718,22.5163,11998
2018-07-19,22.3532,22.6060,22.0840,22.4266,8627
2018-07-20,22.3695,23.0382,22.2879,22.7528,12679
2018-07-23,22.8262,22.8751,22.1819,22.6794,10889
2018-07-24,22.4111,23.6417,22.4111,23.0871,12361
2018-07-25,23.2176,23.6254,22.6720,23.3318,11178
2018-07-26,23.1931,23.2992,22.4348,23.0790,9039
2018-07-27,22.6349,23.2978,20.9343,22.5978,7277
2018-07-30,22.6593,22.9108,22.3178,22.3178,9585
2018-07-31,22.2133,22.5814,22.1202,22.3013,13256
2018-08-01,21.8319,22.0461,21.6319,21.8402,18567
2018-08-02,22.4002,22.4002,21.6672,22.1778,8007
2018-08-03,22.1778,22.5319,21.7068,21.9143,15300
2018-08-06,21.5355,22.1613,21.5355,22.0872,9654
2018-08-07,22.1284,22.4649,21.7331,22.2437,17295
2018-08-08,22.2766,22.3425,21.8682,22.1778,7505
2018-08-09,22.6291,22.6950,21.9810,22.2519,16464
2018-08-10,22.4496,22.7789,22.3442,22.7461,16313
2018-08-13,22.7296,22.7790,22.4375,22.6637,10677
2018-08-14,22.7541,23.0590,22.6719,23.0590,16682
2018-08-15,22.5731,23.0425,22.5731,22.7543,8901
2018-08-16,22.9602,23.0096,22.7798,22.8943,6748
2018-08-17,22.8202,22.9766,22.6802,22.6884,21095
2018-08-20,22.6225,22.9223,22.3291,22.9025,5694
2018-08-21,22.9602,23.1414,22.9602,23.0096,10137
2018-08-22,23.0837,23.3061,23.0343,23.2402,10384
2018-08-23,23.2484,23.2772,22.8202,22.8696,11417
2018-08-24,22.9684,23.6602,22.8284,23.5778,13093
2018-08-27,23.6602,23.8331,23.1908,23.1908,9190
2018-08-28,23.6519,23.6519,23.0590,23.1743,3614
2018-08-29,23.2155,23.2155,22.7708,23.0096,7576
2018-08-30,22.3097,23.4131,22.3097,23.1414,7181
2018-08-31,23.2649,23.2649,23.0014,23.0672,7530
2018-09-04,22.8943,23.3061,22.6966,23.0425,4448
2018-09-05,22.9519,23.0261,22.5944,22.9684,5681
2018-09-06,23.0343,23.2086,22.6985,22.7708,4582
2018-09-07,22.5319,23.0261,22.5319,22.7008,3742
2018-09-10,22.8943,22.8943,22.4450,22.5896,9134
2018-09-11,22.3590,23.0178,22.2766,22.4002,7709
2018-09-12,22.4413,22.9025,22.4166,22.6061,10620
2018-09-13,22.4331,22.7625,21.8727,22.4578,5515
2018-09-14,22.5731,22.8861,22.2437,22.7790,8210
2018-09-17,22.5731,22.8304,22.3590,22.4990,6916
2018-09-18,22.4249,22.5649,22.3013,22.3178,7362
2018-09-19,22.2272,22.5978,22.0708,22.1284,4855
2018-09-20,22.3261,22.4084,21.6508,21.8896,16034
2018-09-21,21.7908,22.0378,21.4210,22.0296,48951
2018-09-24,21.8896,22.1078,21.8155,21.9719,6725
2018-09-25,22.1284,22.1284,21.6590,21.7331,12102
2018-09-26,21.6672,21.7619,21.4284,21.7084,11179
2018-09-27,21.7331,21.7660,21.3708,21.4284,6475
2018-09-28,21.4613,21.5437,21.3460,21.5355,9190
2018-10-01,21.6755,21.7743,21.4613,21.7002,13109
2018-10-02,21.6672,21.8402,21.6672,21.7084,11053
2018-10-03,21.8978,22.6308,21.7084,22.4990,15077
2018-10-04,22.6061,22.6472,22.4408,22.5978,9954
2018-10-05,22.7543,22.7543,22.2025,22.5649,15389
2018-10-08,22.5319,22.8202,22.3508,22.6472,5648
2018-10-09,22.8366,23.2896,22.8366,23.0919,11958
2018-10-10,22.8878,23.4543,22.8878,22.9190,14578
2018-10-11,23.0425,23.0425,22.6637,22.6637,11132
2018-10-12,22.7708,22.8861,20.8931,21.3049,22850
2018-10-15,21.3872,21.6343,21.1551,21.5684,8579
2018-10-16,21.0660,22.0131,21.0660,21.9390,7434
2018-10-17,21.7825,22.4670,21.3452,21.8896,10457
2018-10-18,21.8484,21.8484,20.5884,20.8272,15128
2018-10-19,20.3907,21.1813,20.3907,20.8931,12340
2018-10-22,20.8025,21.1402,20.6049,20.8025,6449
2018-10-23,20.5884,21.1024,20.5884,20.7037,9765
2018-10-24,22.8119,22.8119,20.5884,20.5884,16124
2018-10-25,20.5425,21.3815,19.9805,20.1190,17792
2018-10-26,19.5343,21.1978,19.5343,20.6543,12445
2018-10-29,20.9919,21.6746,19.5892,20.7037,18671
2018-10-30,20.6543,21.2143,19.5807,20.9178,14890
2018-10-31,21.0578,21.9515,20.1519,20.7366,23018
2018-11-01,20.9837,21.8731,20.7162,21.6013,11044
2018-11-02,21.6837,21.7743,20.9672,21.2472,8856
2018-11-05,21.4860,21.6178,20.8029,21.2472,9327
2018-11-06,21.4531,21.5519,21.0429,21.4778,6896
2018-11-07,21.7166,22.2272,21.7166,21.9061,16024
2018-11-08,22.0213,22.1696,21.8155,21.8649,15457
2018-11-09,21.9061,22.0625,21.5519,21.5766,25849
2018-11-12,21.7743,21.8237,21.2933,21.6508,5928
2018-11-13,21.8237,22.0255,21.4548,21.6096,7659
2018-11-14,21.2884,21.8237,21.2884,21.5684,10029
2018-11-15,21.4943,21.7413,21.1896,21.3790,10117
2018-11-16,21.2390,21.5108,20.8066,21.5108,11307
2018-11-19,21.1649,21.6590,20.9672,21.3460,7737
2018-11-20,21.2060,21.2060,19.7567,20.5143,5014
2018-11-21,20.7860,21.6178,20.5424,20.9590,10264
2018-11-23,20.7449,21.1649,20.4649,20.7449,8126
2018-11-26,20.8849,21.5766,20.8355,20.9178,6705
2018-11-27,21.0908,21.0908,20.4978,20.7531,12995
2018-11-28,20.9919,21.5108,20.7531,21.3131,7405
2018-11-29,21.4202,21.4860,21.2143,21.2143,4360
2018-11-30,21.3213,22.1284,21.3213,21.9143,20160
2018-12-03,22.3919,22.3919,21.8407,22.2025,6163
2018-12-04,22.1943,22.1943,20.7613,20.7613,18812
2018-12-06,20.7119,22.2145,20.7119,20.8931,5466
2018-12-07,21.1649,21.2233,20.5719,21.0496,9058
2018-12-10,21.0331,21.6306,20.4978,20.7366,5803
2018-12-11,20.9260,20.9260,20.3990,20.7449,6150
2018-12-12,20.9096,21.1072,20.4649,21.1072,4537
2018-12-13,21.0578,21.1072,20.6543,20.9590,12129
2018-12-14,21.0413,21.2143,20.6460,20.9178,10218
2018-12-17,20.7119,21.5849,20.6543,21.3296,13011
2018-12-18,21.7578,21.7578,20.8519,21.3460,10271
2018-12-19,21.0825,21.0825,20.4319,20.4319,16504
2018-12-20,20.6790,20.7449,20.2517,20.3743,10676
2018-12-21,20.2013,20.9013,20.1766,20.2837,43276
2018-12-24,20.2754,20.7778,19.8472,19.8472,8958
2018-12-26,19.8802,20.5884,19.8637,20.2178,17881
2018-12-27,19.9543,20.8355,19.9543,20.7778,20579
2018-12-28,20.9919,21.2299,20.5966,20.9837,12817
2018-12-31,20.9590,22.1449,20.9590,21.7660,26439
2019-01-02,21.1319,22.1119,21.1319,21.6755,7190
2019-01-03,21.7166,22.0296,20.8107,21.1731,11492
2019-01-04,21.4613,21.9390,20.2834,21.7166,13486
2019-01-07,21.4696,21.6590,20.9178,21.1484,17579
2019-01-08,20.9013,21.6961,20.4365,20.6707,12478
2019-01-09,20.5884,20.9507,20.5884,20.8519,7797
2019-01-10,20.6049,20.6954,19.9049,19.9131,10155
2019-01-11,19.9049,20.6872,19.6002,19.7566,13460
2019-01-14,19.8884,20.3185,19.4354,19.4437,16387
2019-01-15,19.4354,19.9131,19.4354,19.8143,9257
2019-01-16,19.9790,20.1766,19.5590,19.7731,21774
2019-01-17,19.7649,20.1766,19.7319,20.1190,29233
2019-01-18,20.0531,20.5472,20.0531,20.3166,11338
2019-01-22,20.2672,20.8725,20.2672,20.7366,22639
2019-01-23,20.7943,21.0002,20.7893,20.9755,16561
2019-01-24,20.9837,21.0002,20.7696,20.9919,10077
2019-01-25,21.1277,21.3116,20.4883,20.8519,9819
2019-01-28,20.8937,20.8937,20.4090,20.7600,13254
2019-01-29,20.6346,20.8519,20.4842,20.5093,14383
2019-01-30,20.4926,20.8519,20.2669,20.8018,10695
2019-01-31,20.8352,21.0692,20.6442,20.9522,12018
2019-02-01,21.0525,21.2531,20.8795,21.2280,5182
2019-02-04,21.2531,21.2531,21.0024,21.0859,6749
2019-02-05,21.2029,21.3116,21.1194,21.1444,11256
2019-02-06,21.2531,21.3032,20.9522,21.1194,8665
2019-02-07,20.9439,21.1110,20.5343,20.7433,15203
2019-02-08,20.8686,21.2865,20.8686,21.1612,29164
2019-02-11,21.0274,21.2782,21.0274,21.2280,5929
2019-02-12,21.1946,21.7295,21.1933,21.6208,8255
2019-02-13,21.6877,21.6877,21.3617,21.5623,10501
2019-02-14,21.5205,21.7295,21.4715,21.5456,8146
2019-02-15,21.6877,21.8966,21.4955,21.5122,20094
2019-02-19,21.5623,21.9217,21.4704,21.7880,8922
2019-02-20,21.6710,22.1390,21.6292,21.9300,14386
2019-02-21,22.0053,22.1390,21.7462,22.0470,9810
2019-02-22,21.9153,22.1473,21.7545,22.1055,12202
2019-02-25,22.1473,22.1473,21.7880,21.9133,11033
2019-02-26,21.8548,22.3479,21.8548,22.1055,7376
2019-02-27,22.0525,22.2727,21.8969,22.0387,13196
2019-02-28,22.1891,22.2726,21.9300,21.9300,14838
2019-03-01,22.0721,22.2058,21.7295,22.0303,8093
2019-03-04,21.9718,22.2438,21.7418,21.9885,14712
2019-03-05,22.1055,22.1473,21.9050,21.9468,4105
2019-03-06,21.8465,22.1139,21.4453,21.5456,9800
2019-03-07,21.6626,21.9635,21.5720,21.7462,9701
2019-03-08,21.6877,22.1389,21.6375,21.9217,11431
2019-03-11,22.0930,22.3521,21.9799,22.2978,9320
2019-03-12,22.2978,22.2978,21.7517,22.2978,5952
2019-03-13,22.2978,22.5610,22.0136,22.4398,11707
2019-03-14,22.4816,22.5652,22.3897,22.5318,7451
2019-03-15,22.4315,22.6237,21.9802,21.9802,55291
2019-03-18,22.0888,22.4649,22.0888,22.1724,9116
2019-03-19,22.3981,22.3981,22.0053,22.0053,3830
2019-03-20,21.9468,22.2309,21.9217,22.0220,4231
2019-03-21,22.0638,22.1746,21.9133,21.9133,12162
2019-03-22,21.8465,21.9718,21.3283,21.3283,19776
2019-03-25,21.4955,21.6075,21.3170,21.4202,6790
2019-03-26,21.5456,22.3145,21.4294,22.1891,9775
2019-03-27,21.3116,22.3563,21.3116,21.9969,10214
2019-03-28,22.0303,22.2455,21.6292,22.0888,5969
2019-03-29,21.9091,21.9217,20.9021,20.9271,35113
2019-04-01,21.6225,21.9133,21.3535,21.6793,9807
2019-04-02,21.6375,21.9384,21.3868,21.5623,14725
2019-04-03,21.5289,22.3813,21.3952,22.0638,42587
2019-04-04,22.3396,22.5569,22.0880,22.5318,22605
2019-04-05,22.6404,22.7073,22.3981,22.5652,27114
2019-04-08,22.5067,22.7658,22.4816,22.4900,13513
2019-04-09,22.4900,22.5652,22.3563,22.3646,12054
2019-04-10,22.4816,22.5652,22.4272,22.4900,11212
2019-04-11,22.5986,22.7324,22.4566,22.6906,7837
2019-04-12,22.6070,22.9079,22.5652,22.5736,13307
2019-04-15,22.6906,22.8243,22.5652,22.8159,7962
2019-04-16,22.8076,23.1502,22.6237,23.1502,10446
2019-04-17,23.1084,23.1502,22.8744,23.0750,6345
2019-04-18,22.9914,23.1419,22.8326,23.1168,14260
2019-04-22,22.9914,23.1502,22.8577,22.9831,4514
2019-04-23,22.9747,23.2338,22.8577,23.2338,12527
2019-04-24,23.0750,23.1920,22.8418,23.1252,4975
2019-04-25,23.1252,23.4010,23.1001,23.3174,11485
2019-04-26,23.4663,23.6266,23.1288,23.6266,12320
2019-04-29,23.6266,24.0401,23.1288,24.0316,15816
2019-04-30,24.0401,24.3017,23.6266,23.9219,31069
2019-05-01,23.7539,24.2679,23.6266,23.7363,7640
2019-05-02,23.6688,23.8629,23.6279,23.7616,14872
2019-05-03,23.8798,24.3438,23.8798,24.3354,12419
2019-05-06,23.8629,24.4451,23.8629,24.2510,9097
2019-05-07,24.1413,24.3185,24.0063,24.1751,6392
2019-05-08,24.2426,24.2426,23.9275,24.0485,7582
2019-05-09,23.7869,24.2173,23.7869,24.1751,9113
2019-05-10,24.3270,24.6814,24.2544,24.5886,24871
2019-05-13,24.3185,24.6476,24.2969,24.3860,10045
2019-05-14,24.3080,24.6814,24.2848,24.6729,13150
2019-05-15,24.4535,24.6307,24.2595,24.6139,5250
2019-05-16,24.5464,24.5464,24.2257,24.2426,6892
2019-05-17,24.1076,24.4915,24.0387,24.1413,10089
2019-05-20,24.1666,24.2342,23.6638,24.0907,8324
2019-05-21,23.9219,24.0485,23.7701,23.9473,7650
2019-05-22,23.9557,23.9557,23.6354,23.8460,8032
2019-05-23,23.6350,23.6519,23.3397,23.6182,10011
2019-05-24,23.0950,23.9135,23.0950,23.6350,13643
2019-05-28,23.6182,23.6688,23.2427,23.3819,6107
2019-05-29,23.9219,23.9219,22.9262,23.3903,19134
2019-05-30,23.2071,23.6182,23.0718,23.3903,14692
2019-05-31,23.2216,23.5844,23.0393,23.2891,13253
2019-06-03,23.1541,23.1833,22.1753,22.4368,28886
2019-06-04,22.5381,22.7828,22.1837,22.6478,12339
2019-06-05,22.5381,22.7237,22.3651,22.5212,13918
2019-06-06,22.5887,22.7828,22.2723,22.6647,10321
2019-06-07,22.6309,22.7744,22.3947,22.6394,11083
2019-06-10,22.5887,22.7406,22.1753,22.2934,18668
2019-06-11,22.2090,22.3879,21.3230,21.4918,23004
2019-06-12,21.4212,21.6183,21.2893,21.4074,5901
2019-06-13,21.2808,21.8884,21.2808,21.6774,9235
2019-06-14,21.8546,21.9052,21.6605,21.6943,10894
2019-06-17,21.6943,21.6943,21.2639,21.3483,18705
2019-06-18,21.4806,21.7702,21.3792,21.6352,5501
2019-06-19,21.5255,21.9221,21.4580,21.8631,9978
2019-06-20,21.8884,21.9643,21.7365,21.7365,8345
2019-06-21,21.6352,22.1246,21.5578,22.0403,40469
2019-06-24,21.8799,22.0065,21.3146,21.3230,14151
2019-06-25,21.3821,21.4496,21.1078,21.2218,11798
2019-06-26,21.1290,21.3146,21.1290,21.1374,4013
2019-06-27,21.1374,21.4243,21.1374,21.4243,17271
2019-06-28,21.3736,22.2681,21.3736,22.2175,69359
2019-07-01,22.1668,22.3693,21.7618,22.2090,12825
2019-07-02,21.9643,22.1499,21.8546,21.9643,13114
2019-07-03,21.8546,21.9221,21.7280,21.9221,4968
2019-07-05,22.0065,22.0740,21.7534,22.0656,13786
2019-07-08,22.0065,22.1753,21.8427,21.8799,7679
2019-07-09,21.8884,21.9400,21.7365,21.8040,5929
2019-07-10,21.9390,22.0740,21.6859,21.6859,9110
2019-07-11,21.6332,21.7702,21.5930,21.6605,4808
2019-07-12,21.5297,21.7482,21.4622,21.5340,15699
2019-07-15,21.5340,21.6943,21.1627,21.2555,6575
2019-07-16,21.3568,21.3873,21.1627,21.2893,3753
2019-07-17,21.3272,21.3905,21.1711,21.1711,4388
2019-07-18,21.2639,21.5002,21.0952,21.5002,7068
2019-07-19,21.3483,21.6774,21.0952,21.2471,10509
2019-07-22,21.1458,21.2724,20.8252,21.2049,13834
2019-07-23,21.3230,21.4074,21.0192,21.4074,6594
2019-07-24,21.4243,22.1331,21.1654,21.6859,12548
2019-07-25,21.7976,21.9344,21.4665,21.6774,8907
2019-07-26,21.8517,22.3547,21.5533,22.1331,10070
2019-07-29,22.0137,22.1320,21.6983,21.7068,10931
2019-07-30,21.8807,22.1672,21.8047,21.8858,16587
2019-07-31,21.9285,22.2524,21.7165,21.8432,21014
2019-08-01,21.9455,22.0917,21.2549,21.3743,12160
2019-08-02,21.2805,21.7278,20.7689,20.8286,12172
2019-08-05,20.6581,20.8902,20.0954,20.1551,15793
2019-08-06,20.3853,20.6581,20.1551,20.3938,15191
2019-08-07,20.2915,20.8627,20.2915,20.4876,12203
2019-08-08,20.7903,21.1014,20.6496,20.7178,19402
2019-08-09,20.9395,21.2464,20.5899,20.6155,25289
2019-08-12,20.5473,20.6666,20.3938,20.3938,10717
2019-08-13,20.4705,20.8620,20.4705,20.7604,3904
2019-08-14,20.4194,20.6666,20.3384,20.4791,23641
2019-08-15,20.5473,20.5473,19.8523,20.2233,15151
2019-08-16,20.3171,20.7178,20.3171,20.7178,8624
2019-08-19,20.7519,20.7945,20.6305,20.7178,7315
2019-08-20,20.7348,20.7348,20.0357,20.1039,23931
2019-08-21,20.3597,20.4194,19.9505,19.9760,14411
2019-08-22,20.0783,20.2830,19.9931,20.0272,10767
2019-08-23,20.1295,20.3043,19.2002,19.3195,21497
2019-08-26,19.4389,19.8993,19.4389,19.8908,12931
2019-08-27,19.9164,19.9321,19.5838,19.6691,13328
2019-08-28,19.5412,20.1807,19.5412,20.0357,8791
2019-08-29,20.2915,20.4450,19.8567,20.1210,14010
2019-08-30,20.1124,20.4194,19.8226,20.2233,21913
2019-09-03,19.9249,20.3767,19.6691,19.9590,16546
2019-09-04,20.1807,20.1807,19.6052,19.8822,9967
2019-09-05,20.1210,20.5473,19.6776,19.7544,18195
2019-09-06,19.8652,19.8652,19.6094,19.7117,11632
2019-09-09,19.7416,20.6837,19.7416,20.5728,12947
2019-09-10,20.8030,21.5064,20.8030,21.3743,14054
2019-09-11,21.4595,22.1331,21.1355,21.8688,28666
2019-09-12,21.7750,22.0904,21.4959,22.0308,27310
2019-09-13,22.1586,22.6446,22.0082,22.3292,25096
2019-09-16,22.3292,22.5380,21.5326,22.3206,13911
2019-09-17,22.2013,22.8919,21.8773,22.7896,14195
2019-09-18,22.7128,23.0112,22.5944,22.9345,14101
2019-09-19,23.0198,23.0198,22.4485,22.6617,15948
2019-09-20,22.5764,22.9771,22.4741,22.7469,88514
2019-09-23,22.2695,22.8151,22.2695,22.7640,5133
2019-09-24,22.8151,22.8151,21.9626,22.0478,11520
2019-09-25,22.1757,22.8151,22.1501,22.6787,7897
2019-09-26,22.5423,22.5423,22.0137,22.0222,8829
2019-09-27,22.0904,22.8151,22.0904,22.6361,15031
2019-09-30,22.5082,22.8322,22.3718,22.4059,9390
2019-10-01,22.3036,22.3036,21.8091,21.9285,4321
2019-10-02,21.0844,21.8688,21.0418,21.6130,13106
2019-10-03,21.2805,21.8517,21.2805,21.6812,2039
2019-10-04,21.6812,21.8602,21.5277,21.7835,6604
2019-10-07,21.8943,21.8943,21.2379,21.2379,11708
2019-10-08,21.1185,21.1727,20.8542,20.9736,4555
2019-10-09,20.9991,21.3146,20.9487,21.1185,8258
2019-10-10,21.2464,21.3146,21.1014,21.1526,9127
2019-10-11,21.3146,21.9114,21.3061,21.4936,12528
2019-10-14,21.5704,21.7093,21.1867,21.2549,5521
2019-10-15,21.7750,21.7750,21.4425,21.5022,3102
2019-10-16,21.6045,21.6556,21.2431,21.6556,2445
2019-10-17,21.5030,21.7750,21.2464,21.5874,7595
2019-10-18,21.4084,21.4723,21.2549,21.3572,4461
2019-10-21,21.6471,22.3206,21.6471,22.3206,7280
2019-10-22,22.2524,22.3974,21.9881,22.0308,5050
2019-10-23,22.3402,22.3402,21.9455,21.9455,3047
2019-10-24,22.0884,22.1089,21.5789,21.5874,9567
2019-10-25,21.5760,22.1188,21.5760,21.8517,5778
2019-10-28,21.9973,22.3946,21.9973,22.1964,6935
2019-10-29,21.9724,22.6444,21.0159,22.3429,8793
2019-10-30,22.3601,22.3601,22.0585,22.2050,5234
2019-10-31,22.0327,22.1705,21.8431,22.1533,9864
2019-11-01,22.1046,22.4032,22.0930,22.3515,6321
2019-11-04,22.6014,22.6014,22.0930,22.3515,6031
2019-11-05,22.5143,22.9116,22.2567,22.6875,8387
2019-11-06,22.8168,22.8599,22.1200,22.6531,10162
2019-11-07,22.8771,22.9891,22.6789,22.9374,8204
2019-11-08,23.1356,23.2218,22.5927,22.8771,14283
2019-11-11,23.0769,23.0769,22.5583,22.5583,2565
2019-11-12,22.5755,22.8340,22.5583,22.6186,4011
2019-11-13,22.5152,22.9977,22.2739,22.7048,9239
2019-11-14,22.7349,23.0925,22.2629,22.9546,9189
2019-11-15,23.1270,23.2218,22.2835,22.7220,9227
2019-11-18,22.5152,22.9374,22.4980,22.5238,4410
2019-11-19,22.4376,22.8340,22.1016,22.7306,16120
2019-11-20,22.5932,23.1787,22.4980,22.8857,24111
2019-11-21,23.0667,23.0753,22.6358,22.7565,6804
2019-11-22,22.9288,23.0494,22.7823,22.8685,5257
2019-11-25,23.0753,23.4027,22.9546,23.1787,25719
2019-11-26,23.0494,23.1614,22.8426,22.8426,8539
2019-11-27,22.7565,23.0236,22.6272,22.8168,3421
2019-11-29,22.6358,22.6617,22.6082,22.6617,2950
2019-12-02,22.4463,22.4463,21.8517,21.9293,8068
2019-12-03,21.5961,21.5961,21.0676,21.3950,11127
2019-12-04,21.8491,21.9465,21.5243,21.6880,10742
2019-12-05,21.5588,22.0499,20.8780,21.6363,7795
2019-12-06,21.9293,22.6444,21.6880,22.4118,18616
2019-12-09,22.4893,22.5189,22.0068,22.0671,11151
2019-12-10,21.9120,22.4635,21.8859,22.4635,15096
2019-12-11,22.6617,22.6617,21.9096,22.2739,5877
2019-12-12,22.1878,23.1959,22.1878,23.1270,5982
2019-12-13,23.0753,23.2218,23.0063,23.0494,6439
2019-12-16,23.1097,23.3424,22.9416,23.2218,16778
2019-12-17,23.0322,23.3424,22.9477,23.3424,9847
2019-12-18,23.3424,23.4889,22.3959,23.1184,9434
2019-12-19,23.1744,23.4113,22.7048,22.7048,6512
2019-12-20,22.8685,23.2648,22.8357,23.1270,41362
2019-12-23,23.1787,23.5147,22.9482,23.0494,10786
2019-12-24,23.0408,23.0408,22.2524,22.7048,10477
2019-12-26,23.0882,23.4372,23.0839,23.3079,13987
2019-12-27,23.3855,23.6095,23.1184,23.6095,10050
2019-12-30,23.6009,23.9714,23.5750,23.9542,10763
2019-12-31,23.7646,24.6263,23.7646,24.3419,17382
2020-01-02,24.5616,25.0433,24.1070,24.2988,8365
2020-01-03,23.9714,24.2127,23.8680,24.2127,6986
2020-01-06,23.9542,24.1093,23.8077,23.8249,8659
2020-01-07,23.5664,23.8249,23.4286,23.4286,2823
2020-01-08,23.7141,23.9542,23.3424,23.5750,8849
2020-01-09,23.4372,24.1093,23.4372,24.1093,10696
2020-01-10,24.0403,24.5229,23.4630,23.5406,11879
2020-01-13,23.4803,23.9369,22.9327,23.9197,14519
2020-01-14,23.7905,24.3031,23.7905,23.7991,21020
2020-01-15,23.5750,24.5487,23.5052,24.2988,31391
2020-01-16,24.2988,24.5573,24.1179,24.4798,8356
2020-01-17,24.8761,24.8761,23.3683,23.8939,17606
2020-01-21,23.5750,23.8508,23.3941,23.7301,11890
2020-01-22,24.8684,24.8684,23.3079,23.4372,9512
2020-01-23,23.3941,23.6871,23.1275,23.5233,24565
2020-01-24,23.6714,23.9325,23.4869,23.5147,9033
2020-01-27,23.3842,23.7584,23.1797,23.5060,14169
2020-01-28,23.5060,23.6366,23.1927,23.3929,9948
2020-01-29,23.2188,23.4973,23.0274,23.0274,4988
2020-01-30,22.8620,23.0622,22.8272,22.8446,3357
2020-01-31,22.8359,22.8881,22.1397,22.2528,19426
2020-02-03,22.5313,23.0274,22.1050,22.4008,15528
2020-02-04,22.6096,23.0617,22.6096,22.8272,13876
2020-02-05,23.1579,23.4059,23.0796,23.1753,16778
2020-02-06,23.2798,23.3233,22.8446,22.8446,7052
2020-02-07,23.0883,23.6279,23.0187,23.1144,23309
2020-02-10,23.2014,23.6279,22.8533,23.3929,5524
2020-02-11,23.3233,23.5321,23.2798,23.3494,5640
2020-02-12,23.5930,23.6018,23.3059,23.4016,8502
2020-02-13,23.3668,23.4712,23.2710,23.4277,6443
2020-02-14,23.3455,23.3455,22.8968,22.8968,5687
2020-02-18,23.0429,23.4103,23.0429,23.1927,7014
2020-02-19,23.4886,23.4973,23.1666,23.1753,4613
2020-02-20,23.0796,23.4146,22.7141,23.0187,13910
2020-02-21,23.0709,23.2145,22.9055,22.9055,6881
2020-02-24,22.4182,22.4356,21.9743,21.9830,12718
2020-02-25,22.1832,22.2789,21.3390,21.4957,16618
2020-02-26,21.7133,21.7568,21.3216,21.4348,8147
2020-02-27,21.1302,21.2477,20.4514,20.4514,17685
2020-02-28,20.0336,20.8691,19.5811,19.7464,24221
2020-03-02,19.9901,20.8952,19.8081,20.8952,7258
2020-03-03,20.8865,21.5959,20.0336,20.4949,17191
2020-03-04,20.8691,21.1389,20.5645,21.1302,12351
2020-03-05,20.5384,20.5384,19.4506,20.3469,19973
2020-03-06,19.5898,19.9466,18.1647,18.6238,22477
2020-03-09,17.0921,17.8667,16.2349,16.5351,33703
2020-03-10,16.9616,17.3532,16.5351,16.9877,21993
2020-03-11,16.7527,17.8232,16.5526,16.9094,38983
2020-03-12,16.5351,17.0203,14.6206,14.7119,51745
2020-03-13,15.8389,17.6702,15.6997,17.5795,34636
2020-03-16,16.9703,16.9703,14.7946,14.8033,28700
2020-03-17,14.8990,18.9284,14.7946,18.9284,60984
2020-03-18,17.8928,17.8928,15.6649,16.0130,25789
2020-03-19,15.6649,17.4054,15.6649,16.9268,34248
2020-03-20,16.8223,17.9363,14.8033,15.0992,48826
2020-03-23,14.8120,15.9260,13.6529,15.0905,43570
2020-03-24,15.1427,16.7727,15.0557,16.6570,26503
2020-03-25,16.7614,17.2529,16.1000,16.9442,15855
2020-03-26,17.0573,17.4054,16.9703,17.4054,27774
2020-03-27,16.9790,17.1443,15.8520,16.0652,22131
2020-03-30,16.2393,16.7962,16.1321,16.6135,16647
2020-03-31,16.3437,17.4054,15.8999,17.4054,29995
2020-04-01,16.1609,16.7614,14.8773,15.2471,29307
2020-04-02,15.2646,15.7954,14.8642,15.7954,23165
2020-04-03,15.4212,15.4821,14.7946,15.1427,25917
2020-04-06,15.9695,17.0834,15.7130,16.7353,49937
2020-04-07,17.2140,17.2140,15.2733,15.4908,20933
2020-04-08,15.7693,17.1530,15.7693,16.3872,40001
2020-04-09,16.8659,17.6670,16.5090,17.1879,31330
2020-04-13,17.0051,18.2670,16.1435,16.1435,20018
2020-04-14,16.4742,16.7005,15.6083,15.9086,18312
2020-04-15,15.4647,15.8215,14.6641,14.7163,32810
2020-04-16,14.7250,15.1737,14.1027,14.6902,36595
2020-04-17,15.6649,16.2235,14.8640,16.0130,32529
2020-04-20,15.5691,15.9401,15.2646,15.4908,13631
2020-04-21,14.9948,15.7519,14.9339,15.7519,15967
2020-04-22,16.0565,16.0565,15.0731,15.3864,14519
2020-04-23,15.4473,15.7936,14.7946,15.0905,25869
2020-04-24,15.1093,15.7631,14.9149,15.5953,14758
2020-04-27,15.6218,16.2579,15.6129,15.8957,28768
2020-04-28,16.2403,16.2403,15.5953,15.9310,22401
2020-04-29,16.1077,17.8926,16.1077,17.7689,43657
2020-04-30,17.0708,17.0708,15.7896,15.7985,22566
2020-05-01,15.6925,15.8957,15.2948,15.8515,25604
2020-05-04,15.7013,16.2138,15.6704,16.2138,13837
2020-05-05,16.3375,16.6467,15.2948,15.3744,27465
2020-05-06,15.7190,16.0524,15.0298,15.2065,33610
2020-05-07,15.5157,15.7720,15.0651,15.2418,18673
2020-05-08,15.8603,16.6025,15.7013,16.3286,49240
2020-05-11,15.9399,16.4082,15.7676,15.8515,39257
2020-05-12,16.0636,16.0636,15.2772,15.2772,33455
2020-05-13,15.2418,15.7306,14.6675,15.5511,36484
2020-05-14,15.5511,15.5511,14.6763,15.2683,36987
2020-05-15,15.1711,15.3169,15.0298,15.2065,20858
2020-05-18,15.8957,16.1608,15.5246,15.7278,38131
2020-05-19,15.5511,15.6792,14.9591,15.1446,35608
2020-05-20,15.4009,16.2491,15.2595,16.2491,44116
2020-05-21,16.2845,16.4082,16.1298,16.1342,19542
2020-05-22,16.3021,16.3021,15.4804,15.7808,15515
2020-05-26,16.5672,17.2211,16.5672,16.9295,20997
2020-05-27,17.5568,19.1208,17.5480,19.0501,25656
2020-05-28,19.3505,19.7834,17.5745,17.5745,20922
2020-05-29,17.2917,17.4065,16.7704,16.9471,16042
2020-06-01,17.1945,17.1945,16.6556,16.6556,21716
2020-06-02,16.9913,17.1592,16.4347,16.6291,11642
2020-06-03,17.1327,18.9926,17.0598,18.2548,21593
2020-06-04,17.9279,18.3785,17.8926,18.2283,19915
2020-06-05,19.0501,20.1987,19.0280,19.6421,33031
2020-06-08,20.1811,20.2252,19.7923,20.1015,15046
2020-06-09,19.7304,19.7304,18.6083,18.8734,14290
2020-06-10,18.7673,18.9087,17.5833,17.7865,11430
2020-06-11,16.5319,17.3448,16.3816,16.4170,28533
2020-06-12,17.3801,17.4950,16.3551,17.2829,18570
2020-06-15,16.6202,17.3889,16.6202,17.3889,15056
2020-06-16,17.8131,18.5632,17.5215,18.1488,17722
2020-06-17,18.2018,18.2018,17.1239,17.3271,17525
2020-06-18,17.2122,18.1753,16.9913,17.5833,17252
2020-06-19,17.8661,18.4051,17.3435,18.4051,60297
2020-06-22,17.9721,18.3962,17.5398,18.3432,15116
2020-06-23,18.7585,18.7585,18.0605,18.1665,10047
2020-06-24,17.7954,18.5729,17.0321,17.1592,21258
2020-06-25,16.9030,17.6894,16.9030,17.6894,21122
2020-06-26,17.3359,17.3359,16.6379,16.7969,148885
2020-06-29,17.1150,19.0147,17.1150,18.2372,22291
2020-06-30,18.0251,18.4316,17.6107,18.2460,14031
2020-07-01,18.3432,18.3432,17.5568,17.5833,9410
2020-07-02,18.2018,18.2018,17.2476,17.3624,8167
2020-07-06,17.8042,17.9721,16.7351,16.8234,12017
2020-07-07,16.6395,16.6395,15.9426,16.1342,17261
2020-07-08,16.1342,16.8137,15.3327,16.1081,19656
2020-07-09,16.0210,17.1554,15.3676,15.5766,22639
2020-07-10,15.7596,16.1167,15.6377,15.9687,21375
2020-07-13,16.3259,16.4043,15.7422,16.0645,22709
2020-07-14,16.0645,16.3781,16.0471,16.3433,6947
2020-07-15,16.9008,17.4148,16.7135,17.0577,28008
2020-07-16,16.9880,17.3060,16.4010,16.5088,24218
2020-07-17,16.3171,17.0315,16.1429,16.1429,21854
2020-07-20,16.2474,16.5804,16.0296,16.2474,9396
2020-07-21,16.8058,17.2034,16.8058,17.1680,23406
2020-07-22,16.6395,17.0751,16.2474,16.5001,17125
2020-07-23,16.5524,16.8268,16.4826,16.7528,8684
2020-07-24,17.0318,17.2547,16.6732,16.6732,7055
2020-07-27,16.5746,17.0228,16.3416,16.3416,15649
2020-07-28,16.2609,16.8435,16.2609,16.4312,10636
2020-07-29,16.5836,16.7674,16.1040,16.5836,17483
2020-07-30,16.2698,16.5926,15.6872,15.7768,32947
2020-07-31,15.8037,16.2833,15.4631,15.8665,25062
2020-08-03,16.0368,16.0368,15.5707,15.8396,16307
2020-08-04,15.6693,15.8083,15.3286,15.4362,20791
2020-08-05,15.7589,16.1354,15.4631,15.8306,24259
2020-08-06,15.9023,15.9470,15.5975,15.7589,14079
2020-08-07,15.9023,16.0816,15.6155,16.0368,31388
2020-08-10,16.0816,16.4626,15.6244,16.0547,39020
2020-08-11,16.1354,16.5567,15.9113,16.2609,49168
2020-08-12,16.4939,16.4939,16.2609,16.3953,38797
2020-08-13,16.2698,16.2698,15.9113,16.1175,26312
2020-08-14,16.1175,16.3236,15.9113,16.1354,31463
2020-08-17,16.1130,16.1443,16.0009,16.0457,22517
2020-08-18,16.1795,16.1795,15.5438,15.6424,25405
2020-08-19,15.6872,15.7410,15.4631,15.7410,38170
2020-08-20,15.4631,16.0009,15.4631,15.9920,14941
2020-08-21,15.9561,16.0569,15.6961,15.7499,40644
2020-08-24,16.1085,16.4043,15.7768,16.1354,27756
2020-08-25,16.1443,16.1712,15.7499,16.0906,28249
2020-08-26,16.0906,16.0906,15.4810,15.4989,18932
2020-08-27,15.4631,15.8665,15.4183,15.4183,22682
2020-08-28,15.6424,15.7051,15.4451,15.7051,21543
2020-08-31,15.7141,15.7499,15.3645,15.3645,33483
2020-09-01,15.3555,15.5886,15.2390,15.4183,20475
2020-09-02,15.3734,15.3734,15.1354,15.2479,34554
2020-09-03,15.2659,15.3914,14.7908,15.1135,34636
2020-09-04,15.4989,15.4989,15.1136,15.2210,36116
2020-09-08,15.1404,15.2972,14.8087,14.8804,36185
2020-09-09,15.0328,15.0955,14.7908,14.9969,34320
2020-09-10,14.9880,15.2479,14.8895,15.1045,19041
2020-09-11,15.1224,15.2121,14.8983,14.9701,23323
2020-09-14,15.0687,15.1673,14.9701,15.0687,16712
2020-09-15,15.0014,15.0955,14.8356,14.8804,23828
2020-09-16,15.0149,15.3107,14.8894,15.1314,34392
2020-09-17,14.8894,15.2300,14.8894,15.0687,21731
2020-09-18,15.2031,15.2283,14.7101,14.7549,97182
2020-09-21,14.4860,14.6025,13.9481,13.9481,48960
2020-09-22,14.0916,14.6429,13.7016,13.8406,34454
2020-09-23,13.9213,14.8776,13.5089,13.6703,36462
2020-09-24,13.7599,13.9992,13.3744,13.5985,45595
2020-09-25,13.4820,14.6822,13.4820,13.8854,26420
2020-09-28,14.3246,14.7818,14.1633,14.6294,35882
2020-09-29,14.6115,15.3197,14.3963,15.1045,17235
2020-09-30,15.1404,15.2479,14.4412,14.5577,35493
2020-10-01,14.7011,14.7280,14.4053,14.6832,26338
2020-10-02,14.4232,15.2210,14.3874,15.0776,17607
2020-10-05,15.2031,15.2210,14.4591,14.6832,38160
2020-10-06,14.7101,15.2210,14.6115,14.6653,34554
2020-10-07,14.8740,15.6693,14.8087,15.5796,34219
2020-10-08,15.5527,16.1354,15.3825,15.9023,36772
2020-10-09,15.9740,16.3000,15.8127,16.1085,13549
2020-10-12,15.9920,16.3595,15.7679,16.3057,22644
2020-10-13,16.2698,16.3505,15.7979,15.8844,12491
2020-10-14,15.9651,16.3147,15.0059,15.0776,24270
2020-10-15,15.0776,15.8306,14.9432,15.7499,32079
2020-10-16,15.5886,16.1981,15.2479,15.3824,18843
2020-10-19,15.5348,15.6693,15.3197,15.3645,7160
2020-10-20,15.4272,15.8799,15.4272,15.7768,10661
2020-10-21,15.8127,15.8844,15.4855,15.8306,11402
2020-10-22,15.7768,16.4760,15.7768,16.2609,20353
2020-10-23,16.2250,16.2250,15.9920,16.0547,10172
2020-10-26,15.8934,16.0278,15.6961,15.9202,19072
2020-10-27,16.3953,16.3953,15.4451,15.4451,29608
2020-10-28,15.1942,16.0726,15.0149,15.2121,25294
2020-10-29,15.2390,15.8665,15.0597,15.7499,46235
2020-10-30,15.8917,15.8917,15.3270,15.4272,24572
2020-11-02,15.4363,15.9348,15.4363,15.8917,10201
2020-11-03,16.2468,16.5747,15.9372,16.4563,33624
2020-11-04,15.9827,16.4563,15.4728,15.4910,27148
2020-11-05,15.4636,16.3926,15.4636,16.1376,21798
2020-11-06,16.2104,16.2104,15.4910,15.5456,16296
2020-11-09,16.3197,17.7768,16.3197,16.6840,75952
2020-11-10,17.0574,18.2140,16.8934,17.9499,54117
2020-11-11,18.2048,18.2140,17.3306,17.5583,22848
2020-11-12,17.3397,17.3397,16.4472,16.8843,19614
2020-11-13,17.2941,17.3482,16.6749,17.0847,24585
2020-11-16,17.7404,18.3323,17.2486,17.5947,60884
2020-11-17,17.3761,17.6220,17.3761,17.4854,17276
2020-11-18,17.6129,17.6220,16.9481,17.1120,16647
2020-11-19,16.9390,17.0118,16.7113,17.0027,32984
2020-11-20,16.7933,17.2258,16.7477,17.1211,22024
2020-11-23,17.1211,17.2486,16.7295,16.7295,30433
2020-11-24,16.8661,17.6857,16.8661,17.6038,92996
2020-11-25,17.4490,17.5856,16.9572,17.1575,23748
2020-11-27,17.2850,17.2850,16.7295,17.0392,15935
2020-11-30,17.0392,17.0844,16.4563,16.5292,19436
2020-12-01,16.6476,16.9390,16.4927,16.6111,20503
2020-12-02,16.6476,17.2850,16.6476,17.2304,22763
2020-12-03,17.1302,17.1940,16.7568,16.8843,17121
2020-12-04,16.7386,17.4581,16.7386,17.4034,26413
2020-12-07,17.3215,17.6402,17.0756,17.5218,23779
2020-12-08,17.3488,18.0227,17.2213,17.9772,19345
2020-12-09,18.1593,18.4462,17.8224,18.3050,26733
2020-12-10,18.2140,18.2686,17.8952,18.0318,23681
2020-12-11,17.8770,18.2170,17.7950,17.8952,13818
2020-12-14,18.0318,18.1130,17.7404,17.9772,25224
2020-12-15,18.0682,18.5144,17.9863,18.3779,29628
2020-12-16,18.5597,18.6420,18.3141,18.4325,24632
2020-12-17,18.4416,18.7331,17.8406,18.6966,54200
2020-12-18,18.8423,18.9789,18.0227,18.3961,162038
2020-12-21,18.2777,18.2777,17.3943,17.5400,27593
2020-12-22,17.4945,17.5126,17.2122,17.2486,38043
2020-12-23,17.4273,17.5583,17.3124,17.4854,28410
2020-12-24,17.3761,17.5309,17.3397,17.4399,8437
2020-12-28,17.6038,17.8952,17.5491,17.6220,15136
2020-12-29,17.7586,17.7877,17.4034,17.4945,21919
2020-12-30,17.4815,17.7677,17.4815,17.6949,27096
2020-12-31,17.6220,18.1593,17.5583,18.0682,26526
2021-01-04,18.2140,18.5782,17.9681,18.4052,72712
2021-01-05,18.3597,18.5828,17.7586,17.8497,37885
2021-01-06,18.2959,19.5071,18.2777,19.5071,63864
2021-01-07,19.5345,19.5345,18.9243,19.2430,31229
2021-01-08,19.2977,19.2977,18.2777,18.9061,22130
2021-01-11,18.7695,19.0426,18.6693,18.8514,20596
2021-01-12,18.8332,19.2157,18.8332,19.1702,21446
2021-01-13,19.1702,19.2377,18.4689,18.6784,22172
2021-01-14,18.8970,19.2248,18.7613,19.1520,26716
2021-01-15,18.6420,18.8697,18.4872,18.6602,43015
2021-01-19,18.9243,19.3249,18.6693,18.9789,31162
2021-01-20,18.8788,18.9061,18.5054,18.5054,22212
2021-01-21,18.6420,18.6875,18.0773,18.2231,27432
2021-01-22,18.1866,18.6420,17.9954,18.6329,24888
2021-01-25,18.2777,18.8970,18.0591,18.8514,41012
2021-01-26,18.9425,18.9425,18.3415,18.3688,23525
2021-01-27,18.3050,18.4142,17.4854,17.8952,52727
2021-01-28,18.1229,18.5418,17.9180,18.2322,40200
2021-01-29,18.3882,18.3882,17.6216,17.6493,25457
2021-02-01,17.7232,18.0926,17.5246,17.9264,32708
2021-02-02,18.1758,18.4464,17.9818,18.1480,16955
2021-02-03,18.0372,18.3789,17.8710,18.2681,19872
2021-02-04,18.2219,19.0439,17.8987,18.9423,30720
2021-02-05,18.8961,18.8961,18.5637,18.7484,17296
2021-02-08,18.8961,19.1732,18.7114,19.1732,30191
2021-02-09,19.0531,19.3949,18.9580,19.2194,46792
2021-02-10,19.4410,19.4410,19.0808,19.0993,18549
2021-02-11,19.1086,19.3949,18.8407,19.0531,24548
2021-02-12,19.1824,19.3855,18.8407,19.3579,39710
2021-02-16,19.3302,19.4503,19.1455,19.1455,33947
2021-02-17,19.1455,19.3856,19.0254,19.0254,27577
2021-02-18,19.0347,19.1732,18.4713,18.4713,27079
2021-02-19,18.5359,19.1455,18.5359,19.1455,28518
2021-02-22,19.1178,19.7828,19.1086,19.7273,26664
2021-02-23,19.7643,20.3184,19.7089,19.8012,46374
2021-02-24,20.0136,20.4200,19.7735,19.8659,38013
2021-02-25,20.1152,20.3184,19.7366,19.9767,25815
2021-02-26,19.8197,20.0229,19.3210,19.3210,32553
2021-03-01,19.8659,20.1193,19.6904,20.0875,17464
2021-03-02,19.9675,19.9675,19.6350,19.8289,15354
2021-03-03,20.0363,21.0850,20.0363,20.8079,48721
2021-03-04,20.9834,21.5006,20.5586,21.1681,44012
2021-03-05,21.5929,22.5439,21.4175,21.6576,58538
2021-03-08,21.7961,22.4057,21.5745,22.1656,49921
2021-03-09,21.9808,22.1378,21.5191,21.8700,25189
2021-03-10,21.7869,22.5996,21.7499,22.3872,28001
2021-03-11,22.4066,22.6089,22.3041,22.6089,33058
2021-03-12,22.7751,23.0799,22.7292,22.8906,41898
2021-03-15,22.9229,22.9229,21.7973,22.1378,36833
2021-03-16,21.9347,22.0089,21.0203,21.4175,25497
2021-03-17,21.5283,21.6760,21.2789,21.3990,23742
2021-03-18,21.1866,21.9901,21.1820,21.4636,23879
2021-03-19,21.4175,22.9875,21.0111,22.8952,178189
2021-03-22,22.7197,22.9044,21.9070,21.9624,42723
2021-03-23,21.7407,21.9675,20.8356,21.1496,31325
2021-03-24,21.3066,22.2025,20.9280,20.9926,26319
2021-03-25,21.0480,21.7869,20.8726,21.6668,25472
2021-03-26,21.8515,22.1933,21.2925,22.1748,38648
2021-03-29,21.7130,22.3964,21.7130,22.0547,46492
2021-03-30,22.2487,22.3964,21.8885,22.3041,19378
2021-03-31,22.2949,22.4149,21.8885,21.9624,36695
2021-04-01,21.8792,22.2533,21.4544,22.0363,27230
2021-04-05,22.1656,22.1656,21.8700,21.9993,19767
2021-04-06,22.0178,22.5257,22.0178,22.3318,29147
2021-04-07,22.1882,22.2210,21.7038,21.7961,39030
2021-04-08,21.8423,21.8423,21.5929,21.6484,17151
2021-04-09,21.8331,21.8331,21.3436,21.5745,19431
2021-04-12,21.8423,22.5719,21.7038,22.4980,53233
2021-04-13,22.4426,22.4426,21.8146,21.8331,23313
2021-04-14,22.0270,22.4047,21.8054,21.9347,21172
2021-04-15,22.0732,22.3410,21.7499,22.3133,28476
2021-04-16,22.5812,22.5812,22.0593,22.2302,15894
2021-04-19,22.3041,22.3041,21.7592,21.8885,24798
2021-04-20,21.8703,21.8703,21.2420,21.4914,23201
2021-04-21,21.2772,22.1378,21.2772,22.0178,18362
2021-04-22,22.1656,22.1933,21.7499,21.8331,36431
2021-04-23,21.9439,22.6273,21.9070,22.4703,34839
2021-04-26,22.6273,23.0891,22.4980,22.9598,50301
2021-04-27,23.0891,23.0891,22.7382,23.0799,48771
2021-04-28,23.0891,23.2529,22.7382,22.9229,40996
2021-04-29,23.0152,23.1261,22.6827,23.0152,34647
2021-04-30,22.6317,23.4723,22.2534,23.0706,44061
2021-05-03,23.2575,23.3509,22.4915,22.6970,41044
2021-05-04,22.6970,23.2948,22.4267,22.9305,29381
2021-05-05,22.8838,23.0613,22.7344,22.7531,12275
2021-05-06,22.8838,23.2388,22.6651,23.2014,25346
2021-05-07,23.0333,23.3976,23.0333,23.3228,29739
2021-05-10,23.2481,23.5937,23.2108,23.5283,45581
2021-05-11,23.2388,23.4910,22.8838,22.9679,21419
2021-05-12,23.2294,23.3602,22.7064,22.7718,24014
2021-05-13,22.7998,23.3789,22.7998,23.0893,25481
2021-05-14,23.3789,23.9953,23.1407,23.9580,47328
2021-05-17,23.9486,23.9580,23.5377,23.6311,30452
2021-05-18,23.5937,23.7245,23.2575,23.2948,14087
2021-05-19,23.1827,23.4816,23.0660,23.3135,21525
2021-05-20,23.2201,23.2201,22.8698,23.0053,17401
2021-05-21,23.2575,23.4069,23.0427,23.4069,24495
2021-05-24,23.3322,23.3415,22.9399,23.1921,23548
2021-05-25,23.1921,23.2855,22.5102,22.5102,21609
2021-05-26,22.4635,23.1360,22.4635,23.0800,20536
2021-05-27,23.1454,23.3415,23.1267,23.1827,14951
2021-05-28,23.1734,23.1734,22.7904,23.0613,31228
2021-06-01,23.0800,23.4162,23.0800,23.2201,19575
2021-06-02,23.2668,23.2668,22.9025,23.0520,14577
2021-06-03,22.9212,23.2668,22.8913,23.2108,14635
2021-06-04,23.2388,23.2668,23.0426,23.1547,17328
2021-06-07,23.1081,23.3602,23.0146,23.3228,27231
2021-06-08,23.1641,23.5517,23.0893,23.3602,20171
2021-06-09,23.3509,23.4816,23.2481,23.3789,21354
2021-06-10,23.2575,23.3042,23.1173,23.1827,19815
2021-06-11,23.3789,23.5096,23.2575,23.3509,18247
2021-06-14,23.2294,23.3275,23.1734,23.2575,23267
2021-06-15,23.3509,23.5377,23.2014,23.2761,32021
2021-06-16,23.1360,23.5096,22.9772,23.3322,36989
2021-06-17,23.3800,23.4116,22.6877,23.2481,64186
2021-06-18,22.8091,23.1734,22.7904,23.0800,71062
2021-06-21,23.1080,23.6497,23.1080,23.3602,34255
2021-06-22,23.3415,23.6124,23.1547,23.5470,26751
2021-06-23,23.5563,23.6217,23.4162,23.6030,43771
2021-06-24,23.6217,23.7618,23.4816,23.5563,32051
2021-06-25,23.6030,23.6030,22.4635,22.5756,281302
2021-06-28,22.6690,23.2201,22.6690,23.1641,50617
2021-06-29,23.1547,23.2294,22.7904,22.9119,22875
2021-06-30,22.8558,23.2481,22.8558,22.8838,36593
2021-07-01,23.1827,23.2838,23.0566,23.2481,21551
2021-07-02,23.1454,23.4723,22.9586,23.1734,25776
2021-07-06,23.1267,23.1547,22.8185,22.8371,39426
2021-07-07,22.7437,23.1267,22.6970,22.7437,35843
2021-07-08,22.4168,22.9602,22.4168,22.7064,34120
2021-07-09,23.0426,23.3976,23.0426,23.2668,39433
2021-07-12,23.0706,23.4256,23.0706,23.4069,18616
2021-07-13,23.3228,23.4443,23.2855,23.3415,23714
2021-07-14,23.3509,23.6217,23.3509,23.5283,39703
2021-07-15,23.5377,23.8179,23.4162,23.7058,29560
2021-07-16,23.8179,23.8179,23.4443,23.7245,25958
2021-07-19,23.4536,23.4816,23.1267,23.1267,33586
2021-07-20,23.2481,23.7992,23.2108,23.2108,49375
2021-07-21,23.2948,23.6030,23.2855,23.3135,23272
2021-07-22,23.3509,23.5190,22.8979,23.0146,33990
2021-07-23,23.1173,23.2995,22.8838,23.2855,33183
2021-07-26,23.3042,23.5190,23.3042,23.3509,14595
2021-07-27,23.1641,23.4162,23.1641,23.2948,19363
2021-07-28,23.3042,23.6217,23.3042,23.4816,19272
2021-07-29,23.5190,23.7425,23.3929,23.4723,27024
2021-07-30,23.5683,23.6177,23.3227,23.3322,18677
2021-08-02,23.5683,23.5967,23.0016,23.0866,27845
2021-08-03,23.0582,23.6911,23.0582,23.6156,29693
2021-08-04,23.3605,23.5816,23.2472,23.3511,19957
2021-08-05,23.4455,23.6817,23.3700,23.6722,22748
2021-08-06,23.8139,24.0406,23.5872,23.6439,44874
2021-08-09,23.7856,23.8736,23.5022,23.5778,36531
2021-08-10,23.6628,23.9462,23.6156,23.8801,27038
2021-08-11,23.9934,24.0029,23.7573,24.0029,26618
2021-08-12,24.0784,24.0784,23.8045,23.8989,19567
2021-08-13,24.0218,24.0218,23.7667,23.8423,22096
2021-08-16,23.6533,23.7100,23.4502,23.6533,18618
2021-08-17,23.5494,23.6911,23.4172,23.5967,29954
2021-08-18,23.6061,23.8517,23.3605,23.4077,18761
2021-08-19,23.2661,23.5211,23.2374,23.4266,35790
2021-08-20,23.2944,23.7100,23.2944,23.5778,33708
2021-08-23,23.6476,23.8045,23.5494,23.8045,13730
2021-08-24,23.6362,23.7525,23.5305,23.5589,16498
2021-08-25,23.6156,23.7006,23.4833,23.5494,13368
2021-08-26,23.5494,23.7573,23.4739,23.4739,27641
2021-08-27,23.7761,24.2674,23.6911,24.2674,39040
2021-08-30,24.2107,24.2107,23.7384,23.7478,14304
2021-08-31,23.8801,23.8989,23.6675,23.7006,16060
2021-09-01,23.6533,23.8139,23.4833,23.7856,14170
2021-09-02,23.8270,23.8895,23.5967,23.7006,10205
2021-09-03,23.6628,23.7384,23.5494,23.7289,11378
2021-09-07,23.8801,23.9555,23.5683,23.5778,24892
2021-09-08,23.5778,23.7195,23.3133,23.3416,20402
2021-09-09,23.2472,23.7100,23.2472,23.3322,25239
2021-09-10,23.3700,23.5305,22.6332,22.6804,60606
2021-09-13,23.0205,23.1858,22.7654,22.8882,27215
2021-09-14,23.0677,23.0677,22.4159,22.6426,33880
2021-09-15,22.7937,23.0488,22.7937,23.0016,26196
2021-09-16,23.1244,23.1338,22.4820,22.7654,38867
2021-09-17,22.8126,23.3890,22.5954,23.2661,137242
2021-09-20,22.8976,23.1338,22.8599,23.1338,41134
2021-09-21,23.1004,23.2488,23.0016,23.0866,16533
2021-09-22,23.1905,23.4644,23.1905,23.3133,21719
2021-09-23,23.4077,23.7950,23.3889,23.4739,34325
2021-09-24,23.5494,23.7289,23.5494,23.5967,11254
2021-09-27,23.7478,24.5318,23.7478,24.0690,40930
2021-09-28,24.0879,24.0879,23.6628,23.7100,13271
2021-09-29,23.8234,24.2485,23.7933,24.1162,11399
2021-09-30,24.2485,24.2485,23.7384,23.8612,17640
2021-10-01,23.8753,24.4468,23.8423,24.2768,20031
2021-10-04,24.3618,24.5318,23.9084,23.9556,30188
2021-10-05,23.9367,24.5838,23.9367,24.5602,27223
2021-10-06,24.3524,24.5343,23.9840,24.2107,17224
2021-10-07,24.4374,24.9758,24.0501,24.7491,17718
2021-10-08,24.8247,24.9664,24.1918,24.4846,28533
2021-10-11,24.8152,24.8152,24.2674,24.2957,6981
2021-10-12,24.4803,24.4803,24.2107,24.3618,7438
2021-10-13,24.1352,24.5130,24.1352,24.5130,10017
2021-10-14,24.5602,24.8152,24.2726,24.7397,27124
2021-10-15,25.1175,25.1175,24.6452,24.7113,27844
2021-10-18,24.5791,24.9191,24.3902,24.4279,14573
2021-10-19,24.4185,24.6546,23.8333,24.3713,10568
2021-10-20,24.5224,24.9617,24.0974,24.8247,10016
2021-10-21,24.8530,24.9380,23.8139,24.1068,38511
2021-10-22,24.0406,24.4024,24.0406,24.2012,24448
2021-10-25,24.3146,24.7586,24.0501,24.7586,27037
2021-10-26,24.8341,25.0419,24.5224,24.7491,20469
2021-10-27,24.6169,24.6169,24.1257,24.1823,18376
2021-10-28,24.6216,24.6216,24.0784,24.4185,17573
2021-10-29,24.4669,24.4955,24.2280,24.3618,11921
2021-11-01,24.4000,25.0590,24.4000,24.9253,15785
2021-11-02,25.0494,25.0494,24.6961,24.8775,13491
2021-11-03,24.7629,25.7179,24.6292,25.6224,23544
2021-11-04,25.1640,25.3646,24.8489,25.3646,18689
2021-11-05,25.4314,25.4983,25.1354,25.4887,34870
2021-11-08,25.5460,25.7370,25.4045,25.5842,22268
2021-11-09,25.5938,26.1094,25.5158,25.9184,16238
2021-11-10,25.9662,26.2813,25.8039,25.9662,24347
2021-11-11,25.9662,26.5296,25.8040,26.5105,12893
2021-11-12,26.7302,26.7302,25.9184,26.2813,42844
2021-11-15,26.5010,26.5890,25.8325,26.1094,17456
2021-11-16,26.0044,26.0044,25.3741,25.4028,15900
2021-11-17,25.2786,25.4505,24.8871,25.3073,14209
2021-11-18,25.2691,25.8803,25.0685,25.6893,17700
2021-11-19,25.4792,25.7516,25.3025,25.3932,12696
2021-11-22,25.6988,26.1630,25.4123,25.4123,15531
2021-11-23,25.6988,25.8421,25.3646,25.8421,13582
2021-11-24,25.4983,25.4983,24.8393,25.4696,36081
2021-11-26,24.8775,25.1163,24.3618,24.6483,22839
2021-11-29,24.9062,24.9062,23.8843,23.9225,53085
2021-11-30,23.7697,24.1303,23.4546,23.6265,33446
2021-12-01,24.0562,24.3761,23.6933,23.8270,18174
2021-12-02,24.1899,24.3905,23.8843,24.3427,12898
2021-12-03,24.4955,24.5552,23.8748,24.0276,12883
2021-12-06,24.3427,24.6579,24.0085,24.1995,26035
2021-12-07,24.4573,25.0399,24.0276,24.6770,15890
2021-12-08,24.7452,24.8242,24.1000,24.5624,12564
2021-12-09,24.3809,24.7056,24.1804,24.2663,10933
2021-12-10,24.5815,24.5815,23.7315,24.1613,45890
2021-12-13,24.1899,24.5690,23.8270,23.9607,17327
2021-12-14,23.5787,24.3236,23.4164,23.8270,32271
2021-12-15,23.9034,24.3523,23.8652,24.3427,31600
2021-12-16,24.3523,24.6483,23.9512,24.4955,30790
2021-12-17,24.4764,24.6292,23.8748,24.4860,63564
2021-12-20,24.1708,24.2854,23.5978,24.1613,26579
2021-12-21,24.1613,24.7056,24.1613,24.5242,19161
2021-12-22,24.4000,24.8298,24.2854,24.7534,20362
2021-12-23,24.6865,25.2977,24.6865,24.9539,12251
2021-12-27,24.8966,25.2118,24.7772,24.9253,18505
2021-12-28,24.8393,24.9157,24.6197,24.6483,12892
2021-12-29,24.5337,25.1163,24.2295,24.9444,11557
2021-12-30,24.7725,25.1355,24.7104,24.7820,15039
2021-12-31,25.0208,25.2691,24.7438,24.9444,23331
2022-01-03,25.0303,25.2977,24.7056,24.8966,27003
2022-01-04,25.0208,25.1879,25.0208,25.0494,15782
2022-01-05,25.1163,25.3073,24.6292,25.0399,24075
2022-01-06,25.0685,25.6415,24.7247,25.5174,26934
2022-01-07,25.4123,26.1190,25.0303,26.0235,22375
2022-01-10,26.1094,26.1094,25.7275,25.9566,35814
2022-01-11,25.9471,26.2431,25.7275,26.0044,16046
2022-01-12,26.2240,26.2622,25.3073,25.6797,28279
2022-01-13,25.7943,25.9471,25.4123,25.4887,13517
2022-01-14,25.4601,25.9661,25.4505,25.8421,19328
2022-01-18,25.6893,25.7943,25.3073,25.3359,23556
2022-01-19,25.4696,25.4696,24.8393,24.9062,13242
2022-01-20,24.8298,25.1721,24.4669,24.5146,15837
2022-01-21,24.0276,24.5861,23.8811,24.0276,31676
2022-01-24,24.0753,25.2786,23.9225,25.2786,25687
2022-01-25,24.9348,24.9348,24.2950,24.6483,25379
2022-01-26,24.8202,25.2691,23.9607,24.1422,25747
2022-01-27,24.3236,24.6101,24.0280,24.0944,17563
2022-01-28,24.1599,24.4108,23.9088,24.2854,22617
2022-01-31,24.1213,24.3144,23.9571,24.2564,37779
2022-02-01,24.2468,24.3377,24.0054,24.1695,29135
2022-02-02,24.0923,24.1741,23.9281,24.0923,33347
2022-02-03,24.1019,24.2275,24.0923,24.1695,21758
2022-02-04,24.1985,24.3144,24.0344,24.0344,15747
2022-02-07,24.0730,24.4100,24.0344,24.3144,17202
2022-02-08,24.2854,25.0965,24.2854,24.8262,19711
2022-02-09,24.9324,25.0386,24.3337,24.4206,17526
2022-02-10,24.4206,24.6136,24.0633,24.2468,29580
2022-02-11,24.3820,24.8938,24.3723,24.3723,21740
2022-02-14,24.5944,24.5944,24.1889,24.1889,11866
2022-02-15,24.4496,24.6234,24.3916,24.5461,18585
2022-02-16,24.7344,25.0869,24.5315,24.9227,16678
2022-02-17,24.6813,24.8744,24.4206,24.4979,15110
2022-02-18,24.3820,24.9778,24.1695,24.2951,21537
2022-02-22,24.2468,24.4728,23.9957,24.0633,20957
2022-02-23,24.2758,24.2758,23.8895,23.9474,16845
2022-02-24,23.6771,24.0633,23.0011,23.9088,29346
2022-02-25,24.0826,24.4496,24.0730,24.2854,12879
2022-02-28,24.2275,24.5558,23.9185,23.9185,31907
2022-03-01,24.0440,24.0440,23.0398,23.0687,37104
2022-03-02,23.2522,24.1889,23.2522,24.1502,24034
2022-03-03,24.1889,24.2758,24.1213,24.2082,15015
2022-03-04,23.9571,24.1309,23.8605,24.0730,19028
2022-03-07,24.1019,24.4303,24.0730,24.1309,18238
2022-03-08,24.3916,24.3916,23.3101,23.3874,32520
2022-03-09,23.8219,24.0150,23.6516,23.9571,20056
2022-03-10,23.6771,23.9571,23.6771,23.9088,11141
2022-03-11,24.1406,24.1406,23.6674,23.9185,20857
2022-03-14,24.3252,24.3252,23.9233,23.9571,11064
2022-03-15,24.0537,24.1454,23.8702,23.8702,21511
2022-03-16,24.0923,24.1309,23.8992,23.9957,18741
2022-03-17,23.8702,24.1213,23.8412,23.9571,13406
2022-03-18,23.9088,23.9378,23.3488,23.8412,67354
2022-03-21,23.9571,24.1889,23.7978,23.8992,25817
2022-03-22,23.8992,24.1695,23.7281,24.0150,27207
2022-03-23,23.9281,23.9764,23.5709,23.5805,18382
2022-03-24,23.7543,24.0247,23.7543,23.8992,17418
2022-03-25,23.6799,24.0826,23.6799,23.9764,29903
2022-03-28,23.8799,23.8992,23.6674,23.8605,11918
2022-03-29,24.1406,24.3434,23.8702,24.1309,34091
2022-03-30,24.0440,24.2274,23.8992,23.9378,26229
2022-03-31,23.9571,24.0480,23.4164,23.5419,35799
2022-04-01,23.6771,23.8412,23.5805,23.7254,19112
2022-04-04,23.6578,23.8171,23.6095,23.7060,16599
2022-04-05,23.6771,23.8287,23.4550,23.4550,21191
2022-04-06,23.3681,23.5419,23.1846,23.4646,26258
2022-04-07,23.6578,23.7350,23.3488,23.4067,19434
2022-04-08,23.5515,23.6577,23.2812,23.3584,26694
2022-04-11,23.1846,23.5419,23.1846,23.4936,17770
2022-04-12,23.5709,23.9788,23.3488,23.6288,23373
2022-04-13,23.5805,23.7736,23.4839,23.6095,14935
2022-04-14,23.6384,23.7929,23.5322,23.6191,18236
2022-04-18,23.4260,23.8292,23.3875,23.4260,22373
2022-04-19,23.2908,24.0150,23.2812,23.8799,15254
2022-04-20,24.0344,24.3144,23.8799,24.1599,18358
2022-04-21,24.2951,24.3337,23.9378,23.9378,18669
2022-04-22,23.9861,24.1985,23.3101,23.3198,33788
2022-04-25,23.3101,23.5612,23.1943,23.2425,25844
2022-04-26,23.1943,23.4328,22.9529,22.9529,36936
2022-04-27,22.9432,23.3005,22.7115,23.0687,33063
2022-04-28,23.2425,23.5806,23.2232,23.3584,28810
2022-04-29,23.3642,23.4912,22.7681,22.8756,40413
2022-05-02,22.6997,23.1590,22.6997,22.8463,46635
2022-05-03,22.8951,23.0613,22.6802,22.9929,31701
2022-05-04,23.1004,23.9407,23.1004,23.7844,47045
2022-05-05,23.6280,23.6915,23.1394,23.2958,27355
2022-05-06,23.1297,23.3446,22.9636,23.2762,30990
2022-05-09,22.9147,23.8235,22.9147,23.6769,39999
2022-05-10,23.6867,24.1362,23.4577,23.7160,27377
2022-05-11,23.6964,24.1264,23.4766,23.5596,37399
2022-05-12,23.7257,23.7257,23.1932,23.4912,35256
2022-05-13,23.7062,23.7062,23.1785,23.1785,34764
2022-05-16,23.1297,23.8088,23.1297,23.6085,32132
2022-05-17,23.8332,24.0580,23.8332,23.9798,25659
2022-05-18,23.7355,23.9798,23.4033,23.5010,33291
2022-05-19,23.4424,23.6476,22.9929,23.0808,43247
2022-05-20,23.2274,23.5987,23.1199,23.5596,33684
2022-05-23,23.6183,24.0287,23.4521,23.8332,16629
2022-05-24,23.8235,24.0482,23.7551,23.9016,25900
2022-05-25,24.1166,24.2436,23.7160,23.7746,17617
2022-05-26,23.9896,24.0580,23.7062,23.7551,19923
2022-05-27,23.8772,23.9212,23.5499,23.8235,20550
2022-05-31,23.6183,24.0580,23.4815,23.7844,19053
2022-06-01,23.7746,24.0971,23.5938,23.9896,32948
2022-06-02,23.9016,24.0873,23.8202,24.0287,15489
2022-06-03,23.9016,23.9505,23.6183,23.7453,17146
2022-06-06,23.7795,23.9310,23.6183,23.8626,11084
2022-06-07,23.4912,24.0140,23.4912,23.8626,10804
2022-06-08,23.4815,23.6964,23.4424,23.5889,15639
2022-06-09,23.5743,23.5743,23.2665,23.2665,15995
2022-06-10,23.1101,23.6183,23.1101,23.4521,21730
2022-06-13,23.3056,23.6573,23.2860,23.4131,35914
2022-06-14,23.3251,23.6183,23.3251,23.5792,19842
2022-06-15,23.5889,23.7160,23.3740,23.3740,20324
2022-06-16,23.0176,23.3251,22.8072,23.1785,32736
2022-06-17,23.2860,23.5303,23.2860,23.3935,42406
2022-06-21,23.5080,23.9603,23.5080,23.8626,18740
2022-06-22,23.5987,24.1948,23.5987,24.1264,17472
2022-06-23,24.1850,24.2436,23.7453,24.1557,20761
2022-06-24,24.0971,24.5270,23.9114,24.4586,73246
2022-06-27,24.2339,24.5270,23.4521,23.5499,22080
2022-06-28,23.7355,23.7355,23.1688,23.2078,21210
2022-06-29,23.2567,23.5205,23.2567,23.4131,16496
2022-06-30,23.2372,23.6476,23.1785,23.6183,13286
2022-07-01,23.4815,23.8186,23.4815,23.6476,9951
2022-07-05,23.5108,23.7160,23.2078,23.7160,13431
2022-07-06,23.6085,23.8088,23.5303,23.5694,11214
2022-07-07,23.7990,23.7990,23.5694,23.6183,9860
2022-07-08,23.5205,23.6964,23.4521,23.6280,9530
2022-07-11,23.5205,23.6867,23.4620,23.5108,8304
2022-07-12,23.8235,23.8235,23.5401,23.5401,10018
2022-07-13,23.4619,23.7062,23.4521,23.6573,9006
2022-07-14,23.4521,23.7160,23.4521,23.5792,11076
2022-07-15,23.9016,24.3902,23.6992,24.3902,18670
2022-07-18,24.4195,24.4293,23.8821,23.8919,5671
2022-07-19,24.1166,24.4489,24.0384,24.0384,10390
2022-07-20,24.0678,24.4293,23.8088,24.4293,14305
2022-07-21,24.2534,24.2534,24.0384,24.0384,11881
2022-07-22,24.2143,24.2143,23.4619,23.4815,17567
2022-07-25,23.6671,23.9994,23.4912,23.4912,8355
2022-07-26,23.4521,24.1264,23.4521,23.8626,12372
2022-07-27,23.6867,24.2827,23.6867,24.2730,13731
2022-07-28,24.1850,24.1850,23.9016,24.1166,11215
2022-07-29,24.2151,24.2645,24.0076,24.1459,10266
2022-08-01,24.0095,24.2843,24.0095,24.2151,5860
2022-08-02,24.0619,24.1163,23.8791,23.8890,8534
2022-08-03,23.9384,24.2151,23.9384,23.9483,8138
2022-08-04,24.2151,24.2151,23.8081,24.0767,9437
2022-08-05,24.0422,24.1657,24.0076,24.0076,6746
2022-08-08,24.2052,24.2052,23.9581,23.9581,13904
2022-08-09,24.1558,24.4227,24.1262,24.4029,20300
2022-08-10,24.6105,24.6105,24.3436,24.4326,15959
2022-08-11,24.5215,24.5807,24.1657,24.4029,13992
2022-08-12,24.6105,25.1343,24.3238,25.1244,25933
2022-08-15,24.8773,25.4703,24.8773,25.4703,13200
2022-08-16,25.3320,25.4506,25.1343,25.1936,18148
2022-08-17,25.1047,25.3320,24.9218,25.0256,8531
2022-08-18,25.0453,25.3517,24.7488,25.3419,12089
2022-08-19,25.0849,25.3287,25.0829,25.1244,12133
2022-08-22,25.0058,25.0058,24.7686,24.7686,8176
2022-08-23,24.7093,24.7093,24.2448,24.2448,7664
2022-08-24,24.2151,24.2151,23.9779,24.1163,9126
2022-08-25,24.3733,24.4721,24.3149,24.4029,7686
2022-08-26,24.2007,24.3831,23.8099,23.8692,9006
2022-08-29,23.8791,24.1360,23.8791,23.9878,6941
2022-08-30,24.1262,24.3012,23.7308,23.8395,17276
2022-08-31,23.8000,23.8593,23.7209,23.7209,10975
2022-09-01,23.7209,23.8988,23.7110,23.8988,14966
2022-09-02,23.9878,24.1064,23.4738,23.4738,10635
2022-09-06,23.6517,23.9680,23.4738,23.8988,14204
2022-09-07,23.8000,24.1558,23.7802,24.1558,10771
2022-09-08,23.9186,23.9186,23.3157,23.7012,19597
2022-09-09,23.7110,23.7209,23.6023,23.7110,13388
2022-09-12,23.7209,23.7209,23.5430,23.6419,7182
2022-09-13,23.6023,23.6023,23.1081,23.1872,21362
2022-09-14,23.2564,23.5331,23.1279,23.3453,18304
2022-09-15,23.3256,23.6023,23.2972,23.4343,10758
2022-09-16,23.2267,24.6589,23.0142,24.4622,51461
2022-09-19,23.9977,24.1410,23.5727,23.6616,7893
2022-09-20,23.2267,24.4950,23.1674,23.8198,16227
2022-09-21,23.8791,24.1064,23.4442,23.6616,12639
2022-09-22,23.6616,23.6863,23.2147,23.4837,9082
2022-09-23,23.3552,24.1557,23.2366,23.9384,19530
2022-09-26,24.0273,24.2052,23.5430,23.7605,12713
2022-09-27,23.8297,23.8791,23.5331,23.5331,10667
2022-09-28,23.6117,24.4919,23.6117,24.2151,27654
2022-09-29,24.5963,24.8971,24.1360,24.5017,20634
2022-09-30,24.5116,24.6994,23.7605,23.8988,23927
2022-10-03,24.1360,24.1360,23.5516,23.8000,15557
2022-10-04,23.8692,24.1063,23.6715,23.8099,14046
2022-10-05,23.8964,24.0570,23.2860,23.4145,11978
2022-10-06,23.1279,23.2663,22.9895,22.9895,8593
2022-10-07,22.9797,23.2267,22.8017,22.8017,18745
2022-10-10,23.2070,23.2070,22.8413,22.8413,11427
2022-10-11,22.8215,23.1971,22.8215,23.1279,9699
2022-10-12,23.1576,23.2267,22.8610,23.0884,12844
2022-10-13,22.7326,23.7605,22.6337,23.7605,26339
2022-10-14,23.8890,23.8890,23.3175,23.6913,11241
2022-10-17,23.9186,23.9680,23.6778,23.9680,18953
2022-10-18,23.9680,23.9680,23.3058,23.4145,19759
2022-10-19,23.1872,24.0669,23.1872,23.8198,12423
2022-10-20,23.5628,23.7506,23.2267,23.7506,8859
2022-10-21,23.7703,23.9285,22.7078,23.8890,18400
2022-10-24,23.8000,24.6405,23.7110,24.6006,10134
2022-10-25,24.3337,24.7587,23.3989,24.7192,16718
2022-10-26,24.7093,24.7093,24.1658,24.3436,11900
2022-10-27,24.5314,24.9070,24.0570,24.5215,12132
2022-10-28,24.6100,24.6100,23.7600,23.8000,94933
