"MacroTrends Data Download"
"NWBI - Historical Price and Volume Data"
"Note: Historical prices are adjusted for stock splits."

"Disclaimer and Terms of Use: Historical stock data is provided 'as is' and solely for informational purposes, not for trading purposes or advice."
"MacroTrends LLC expressly disclaims the accuracy, adequacy, or completeness of any data and shall not be liable for any errors, omissions or other defects in, "
"delays or interruptions in such data, or for any actions taken in reliance thereon.  Neither MacroTrends LLC nor any of our information providers will be liable"
"for any damages relating to your use of the data provided."


"ATTRIBUTION: Proper attribution requires clear indication of the data source as ""www.macrotrends.net""."
"A ""dofollow"" backlink to the originating page is also required if the data is displayed on a web page."


date,open,high,low,close,volume
1994-11-08,0.7142,0.7294,0.7094,0.7142,103500
1994-11-09,0.7294,0.7294,0.6894,0.6894,648000
1994-11-10,0.6894,0.7094,0.6594,0.6594,692100
1994-11-11,0.6694,0.6694,0.6494,0.6594,160200
1994-11-14,0.6694,0.6794,0.6570,0.6794,444600
1994-11-15,0.6794,0.6794,0.6594,0.6594,42300
1994-11-16,0.6794,0.6794,0.6494,0.6594,416700
1994-11-17,0.6794,0.6794,0.6494,0.6494,185400
1994-11-18,0.6694,0.6694,0.6295,0.6394,261900
1994-11-21,0.6494,0.6494,0.6295,0.6295,102600
1994-11-22,0.6394,0.6394,0.6195,0.6195,143100
1994-11-23,0.6095,0.6295,0.5995,0.6295,555300
1994-11-25,0.6394,0.6594,0.6394,0.6446,25200
1994-11-28,0.6594,0.6694,0.6394,0.6594,108000
1994-11-29,0.6694,0.6694,0.6243,0.6594,449100
1994-11-30,0.6394,0.6594,0.6394,0.6446,99900
1994-12-01,0.6594,0.6594,0.6295,0.6295,144900
1994-12-02,0.6494,0.6494,0.6494,0.6494,1800
1994-12-05,0.6195,0.6394,0.6195,0.6394,191700
1994-12-06,0.6394,0.6394,0.6394,0.6394,0
1994-12-07,0.6394,0.6394,0.6195,0.6243,100800
1994-12-08,0.6195,0.6295,0.5795,0.5995,310500
1994-12-09,0.5947,0.6095,0.5895,0.6095,76500
1994-12-12,0.6095,0.6095,0.5895,0.5895,169200
1994-12-13,0.6095,0.6095,0.5947,0.6003,48600
1994-12-14,0.6095,0.6095,0.5895,0.5995,18900
1994-12-15,0.5895,0.6095,0.5895,0.6047,243000
1994-12-16,0.6143,0.6143,0.6143,0.6143,2700
1994-12-19,0.6195,0.6295,0.5995,0.5995,107100
1994-12-20,0.6047,0.6295,0.5995,0.6047,320400
1994-12-21,0.5995,0.6295,0.5995,0.6295,315000
1994-12-22,0.6295,0.6295,0.5995,0.6095,220500
1994-12-23,0.6295,0.6295,0.5995,0.6047,151200
1994-12-27,0.5995,0.6195,0.5995,0.6195,75600
1994-12-28,0.6195,0.6295,0.5995,0.6095,407700
1994-12-29,0.6295,0.6295,0.5895,0.5895,136800
1994-12-30,0.6095,0.6195,0.5895,0.5995,737100
1995-01-03,0.6195,0.6195,0.6047,0.6047,25200
1995-01-04,0.6095,0.6095,0.6047,0.6095,49500
1995-01-05,0.6195,0.6195,0.6047,0.6047,81000
1995-01-06,0.6195,0.6195,0.6047,0.6047,71100
1995-01-09,0.6195,0.6195,0.6195,0.6195,900
1995-01-10,0.6195,0.6195,0.6195,0.6195,0
1995-01-11,0.5995,0.6195,0.5995,0.5995,411300
1995-01-12,0.5995,0.6195,0.5995,0.6195,262800
1995-01-13,0.6095,0.6195,0.6095,0.6095,14400
1995-01-16,0.6195,0.6195,0.5995,0.5995,27900
1995-01-17,0.6143,0.6195,0.6143,0.6195,23400
1995-01-18,0.6195,0.6195,0.5995,0.6143,337500
1995-01-19,0.6095,0.6095,0.6047,0.6047,90000
1995-01-20,0.6195,0.6195,0.6095,0.6195,25200
1995-01-23,0.6195,0.6195,0.5995,0.6143,268200
1995-01-24,0.6195,0.6195,0.5995,0.6047,205200
1995-01-25,0.6135,0.6236,0.6034,0.6087,199800
1995-01-26,0.6236,0.6236,0.6034,0.6059,195300
1995-01-27,0.6236,0.6236,0.6135,0.6183,199800
1995-01-30,0.6034,0.6087,0.6034,0.6087,7200
1995-01-31,0.6034,0.6336,0.6034,0.6236,51300
1995-02-01,0.6034,0.6336,0.6034,0.6336,217800
1995-02-02,0.6034,0.6336,0.6034,0.6183,28800
1995-02-03,0.6284,0.6336,0.6236,0.6236,47700
1995-02-06,0.6135,0.6437,0.6135,0.6437,66600
1995-02-07,0.6437,0.6437,0.6236,0.6388,42300
1995-02-08,0.6236,0.6437,0.6236,0.6437,9900
1995-02-09,0.6437,0.6437,0.6437,0.6437,6300
1995-02-10,0.6437,0.6586,0.6336,0.6586,81900
1995-02-13,0.6489,0.6489,0.6437,0.6437,45000
1995-02-14,0.6638,0.6638,0.6437,0.6537,135000
1995-02-15,0.6638,0.6638,0.6638,0.6638,28800
1995-02-16,0.6537,0.6738,0.6537,0.6738,58500
1995-02-17,0.6686,0.6839,0.6686,0.6738,36000
1995-02-21,0.6537,0.6638,0.6537,0.6638,547200
1995-02-22,0.6839,0.6839,0.6839,0.6839,5400
1995-02-23,0.6839,0.6839,0.6638,0.6638,9900
1995-02-24,0.6537,0.6839,0.6537,0.6638,247500
1995-02-27,0.6638,0.6738,0.6537,0.6638,107100
1995-02-28,0.6738,0.6738,0.6586,0.6586,92700
1995-03-01,0.6686,0.6738,0.6537,0.6537,117000
1995-03-02,0.6537,0.6537,0.6537,0.6537,0
1995-03-03,0.6586,0.6839,0.6586,0.6839,7200
1995-03-06,0.6638,0.6738,0.6537,0.6738,74700
1995-03-07,0.6586,0.6738,0.6537,0.6537,35100
1995-03-08,0.6537,0.6738,0.6437,0.6537,99000
1995-03-09,0.6537,0.6537,0.6537,0.6537,0
1995-03-10,0.6437,0.6489,0.6336,0.6489,325800
1995-03-13,0.6437,0.6738,0.6437,0.6437,315000
1995-03-14,0.6461,0.6738,0.6437,0.6437,63000
1995-03-15,0.6437,0.6738,0.6437,0.6437,90000
1995-03-16,0.6638,0.6638,0.6336,0.6336,18900
1995-03-17,0.6638,0.6891,0.6537,0.6891,378000
1995-03-20,0.6940,0.7141,0.6839,0.7088,416700
1995-03-21,0.6839,0.7141,0.6839,0.6839,351900
1995-03-22,0.6791,0.7040,0.6791,0.7040,9000
1995-03-23,0.6940,0.6940,0.6791,0.6940,87300
1995-03-24,0.6940,0.6940,0.6940,0.6940,2700
1995-03-27,0.6940,0.6940,0.6940,0.6940,0
1995-03-28,0.6940,0.6940,0.6940,0.6940,7200
1995-03-29,0.6940,0.6940,0.6738,0.6940,43200
1995-03-30,0.6738,0.6940,0.6738,0.6738,231300
1995-03-31,0.6940,0.6940,0.6738,0.6940,35100
1995-04-03,0.6738,0.6940,0.6738,0.6839,112500
1995-04-04,0.7040,0.7040,0.6891,0.7040,180900
1995-04-05,0.6839,0.7040,0.6839,0.7040,57600
1995-04-06,0.7040,0.7040,0.6738,0.6738,27000
1995-04-07,0.6839,0.7040,0.6839,0.6992,97200
1995-04-10,0.7040,0.7040,0.6839,0.6839,59400
1995-04-11,0.6940,0.7040,0.6891,0.6992,108000
1995-04-12,0.6891,0.7040,0.6839,0.7040,81000
1995-04-13,0.7040,0.7040,0.7040,0.7040,1800
1995-04-17,0.7040,0.7040,0.6940,0.7040,115200
1995-04-18,0.6940,0.7040,0.6940,0.7040,104400
1995-04-19,0.6940,0.7040,0.6891,0.6891,39600
1995-04-20,0.7040,0.7040,0.7040,0.7040,37800
1995-04-21,0.7040,0.7141,0.6992,0.7141,77400
1995-04-24,0.6940,0.7088,0.6940,0.7040,63000
1995-04-25,0.7304,0.7304,0.7052,0.7052,74700
1995-04-26,0.7304,0.7304,0.7101,0.7227,185400
1995-04-27,0.7101,0.7304,0.7101,0.7304,98100
1995-04-28,0.7101,0.7202,0.7101,0.7202,32400
1995-05-01,0.7202,0.7304,0.7052,0.7150,148500
1995-05-02,0.7202,0.7304,0.7150,0.7150,66600
1995-05-03,0.7304,0.7304,0.7000,0.7150,163800
1995-05-04,0.7000,0.7304,0.7000,0.7101,21600
1995-05-05,0.7000,0.7304,0.7000,0.7304,3600
1995-05-08,0.7304,0.7304,0.7000,0.7150,112500
1995-05-09,0.7101,0.7202,0.7101,0.7150,64800
1995-05-10,0.7202,0.7202,0.7202,0.7202,8100
1995-05-11,0.7304,0.7304,0.7101,0.7101,170100
1995-05-12,0.7150,0.7304,0.7150,0.7304,60300
1995-05-15,0.7304,0.7304,0.7150,0.7304,140400
1995-05-16,0.7304,0.7304,0.7202,0.7304,156600
1995-05-17,0.7304,0.7710,0.7304,0.7405,205200
1995-05-18,0.7555,0.7608,0.7405,0.7405,51300
1995-05-19,0.7608,0.7608,0.7555,0.7555,66600
1995-05-22,0.7555,0.7608,0.7507,0.7608,106200
1995-05-23,0.7608,0.7710,0.7405,0.7507,131400
1995-05-24,0.7608,0.7608,0.7405,0.7608,7200
1995-05-25,0.7608,0.7608,0.7608,0.7608,2700
1995-05-26,0.7555,0.7555,0.7555,0.7555,143100
1995-05-30,0.7507,0.7608,0.7405,0.7405,97200
1995-05-31,0.7405,0.7608,0.7405,0.7608,16200
1995-06-01,0.7405,0.7608,0.7405,0.7608,108900
1995-06-02,0.7608,0.7608,0.7458,0.7555,51300
1995-06-05,0.7405,0.7507,0.7405,0.7507,243000
1995-06-06,0.7405,0.7555,0.7405,0.7458,326700
1995-06-07,0.7430,0.7507,0.7405,0.7507,193500
1995-06-08,0.7405,0.7458,0.7304,0.7357,426600
1995-06-09,0.7357,0.7458,0.7304,0.7304,344700
1995-06-12,0.7304,0.7507,0.7304,0.7328,112500
1995-06-13,0.7304,0.7507,0.7304,0.7357,42300
1995-06-14,0.7507,0.7507,0.7304,0.7304,145800
1995-06-15,0.7507,0.7507,0.7357,0.7405,180900
1995-06-16,0.7304,0.7405,0.7304,0.7405,224100
1995-06-19,0.7304,0.7405,0.7304,0.7405,22500
1995-06-20,0.7304,0.7608,0.7304,0.7458,101700
1995-06-21,0.7507,0.7608,0.7304,0.7430,54000
1995-06-22,0.7507,0.7507,0.7507,0.7507,4500
1995-06-23,0.7608,0.7608,0.7458,0.7608,47700
1995-06-26,0.7405,0.7608,0.7405,0.7608,11700
1995-06-27,0.7608,0.7608,0.7608,0.7608,22500
1995-06-28,0.7608,0.7608,0.7555,0.7555,52200
1995-06-29,0.7405,0.7710,0.7405,0.7710,37800
1995-06-30,0.7710,0.8014,0.7608,0.7811,212400
1995-07-03,0.7608,0.8014,0.7608,0.7913,39600
1995-07-05,0.8014,0.8115,0.7608,0.8014,152100
1995-07-06,0.8014,0.8014,0.7913,0.7965,101700
1995-07-07,0.7811,0.8217,0.7811,0.7811,222300
1995-07-10,0.8014,0.8217,0.8014,0.8217,14400
1995-07-11,0.8217,0.8217,0.7811,0.7811,128700
1995-07-12,0.7811,0.8014,0.7811,0.8014,34200
1995-07-13,0.8115,0.8115,0.7811,0.8115,53100
1995-07-14,0.7811,0.8115,0.7811,0.7864,108900
1995-07-17,0.8115,0.8115,0.7811,0.7965,313200
1995-07-18,0.7965,0.8115,0.7864,0.7965,187200
1995-07-19,0.7864,0.8014,0.7864,0.7864,138600
1995-07-20,0.7965,0.8115,0.7864,0.8115,108900
1995-07-21,0.7913,0.8115,0.7913,0.8115,263700
1995-07-24,0.8115,0.8318,0.7965,0.8318,474300
1995-07-25,0.8115,0.8318,0.8115,0.8140,313200
1995-07-26,0.8217,0.8318,0.8063,0.8140,139500
1995-07-27,0.8217,0.8217,0.8140,0.8164,274500
1995-07-28,0.8225,0.8380,0.8176,0.8278,180900
1995-07-31,0.8331,0.8331,0.8176,0.8278,46800
1995-08-01,0.8278,0.8278,0.8176,0.8176,24300
1995-08-02,0.8278,0.8278,0.8176,0.8176,67500
1995-08-03,0.8278,0.8278,0.8176,0.8176,72900
1995-08-04,0.8176,0.8176,0.8176,0.8176,57600
1995-08-07,0.8278,0.8278,0.8176,0.8278,72900
1995-08-08,0.8278,0.8278,0.8176,0.8176,44100
1995-08-09,0.8278,0.8278,0.8176,0.8225,65700
1995-08-10,0.8225,0.8225,0.8225,0.8225,45000
1995-08-11,0.8176,0.8278,0.8176,0.8225,115200
1995-08-14,0.8278,0.8482,0.8176,0.8278,328500
1995-08-15,0.8482,0.8584,0.8380,0.8380,138600
1995-08-16,0.8380,0.8584,0.8380,0.8380,125100
1995-08-17,0.8584,0.8584,0.8380,0.8380,89100
1995-08-18,0.8380,0.8584,0.8380,0.8380,168300
1995-08-21,0.8380,0.8584,0.8380,0.8380,23400
1995-08-22,0.8380,0.8380,0.8278,0.8278,31500
1995-08-23,0.8278,0.8584,0.8278,0.8482,79200
1995-08-24,0.8380,0.8584,0.8380,0.8380,44100
1995-08-25,0.8584,0.8584,0.8380,0.8531,96300
1995-08-28,0.8686,0.8686,0.8482,0.8584,109800
1995-08-29,0.8789,0.8789,0.8584,0.8789,153000
1995-08-30,0.8584,0.8789,0.8584,0.8686,63900
1995-08-31,0.8789,0.8789,0.8789,0.8789,2700
1995-09-01,0.8789,0.8789,0.8686,0.8686,60300
1995-09-05,0.8686,0.8891,0.8686,0.8891,47700
1995-09-06,0.8891,0.9197,0.8789,0.8891,320400
1995-09-07,0.9197,0.9197,0.8891,0.8993,60300
1995-09-08,0.9197,0.9402,0.9095,0.9300,108000
1995-09-11,0.9095,0.9402,0.9095,0.9300,80100
1995-09-12,0.9402,0.9402,0.9095,0.9095,3600
1995-09-13,0.9197,0.9606,0.9197,0.9606,187200
1995-09-14,0.9504,0.9606,0.9300,0.9300,127800
1995-09-15,0.9606,0.9606,0.9300,0.9402,21600
1995-09-18,0.9300,0.9606,0.9300,0.9504,27900
1995-09-19,0.9300,0.9504,0.8993,0.8993,195300
1995-09-20,0.8993,0.9300,0.8993,0.8993,123300
1995-09-21,0.8993,0.9095,0.8891,0.8891,76500
1995-09-22,0.8891,0.9197,0.8891,0.8993,113400
1995-09-25,0.8993,0.8993,0.8993,0.8993,4500
1995-09-26,0.9042,0.9197,0.8993,0.9095,53100
1995-09-27,0.9197,0.9197,0.8993,0.9042,105300
1995-09-28,0.8993,0.9197,0.8993,0.9095,60300
1995-09-29,0.9300,0.9811,0.9197,0.9811,793800
1995-10-02,0.9402,0.9811,0.9402,0.9708,51300
1995-10-03,0.9606,0.9913,0.9402,0.9811,147600
1995-10-04,0.9913,1.0015,0.9708,0.9811,141300
1995-10-05,1.0015,1.0015,0.9708,0.9913,52200
1995-10-06,0.9708,1.0015,0.9708,1.0015,26100
1995-10-09,1.0015,1.0015,0.9708,0.9913,53100
1995-10-10,0.9708,1.0015,0.9708,0.9708,99900
1995-10-11,0.9864,1.0015,0.9708,1.0015,84600
1995-10-12,0.9708,1.0015,0.9708,0.9708,162000
1995-10-13,0.9708,0.9913,0.9708,0.9913,74700
1995-10-16,0.9708,0.9913,0.9708,0.9864,797400
1995-10-17,0.9811,1.0015,0.9811,1.0015,243000
1995-10-18,0.9811,1.0117,0.9811,1.0015,141300
1995-10-19,1.0117,1.0117,0.9811,0.9811,13500
1995-10-20,1.0117,1.0628,1.0015,1.0628,419400
1995-10-23,1.0730,1.1037,1.0424,1.0730,203400
1995-10-24,1.0730,1.1037,1.0730,1.1037,82800
1995-10-25,1.1037,1.1037,1.0730,1.0730,67500
1995-10-26,1.0730,1.1037,1.0628,1.0935,269100
1995-10-27,1.0792,1.0792,1.0689,1.0689,143100
1995-10-30,1.0792,1.0792,1.0484,1.0484,68400
1995-10-31,1.0792,1.0792,1.0381,1.0381,72900
1995-11-01,1.0381,1.0689,1.0278,1.0278,223200
1995-11-02,1.0176,1.0484,1.0176,1.0176,31500
1995-11-03,1.0073,1.0278,1.0073,1.0278,34200
1995-11-06,1.0484,1.0484,1.0484,1.0484,1800
1995-11-07,1.0073,1.0381,1.0073,1.0381,36900
1995-11-08,1.0073,1.0073,1.0073,1.0073,9000
1995-11-09,1.0073,1.0381,1.0073,1.0073,96300
1995-11-10,1.0073,1.0073,1.0073,1.0073,1800
1995-11-13,1.0176,1.0278,1.0176,1.0278,26100
1995-11-14,1.0176,1.0278,1.0176,1.0278,13500
1995-11-15,1.0332,1.0332,1.0176,1.0176,101700
1995-11-16,1.0176,1.0176,1.0176,1.0176,21600
1995-11-17,1.0176,1.0381,1.0176,1.0381,9900
1995-11-20,1.0176,1.0278,1.0176,1.0278,17100
1995-11-21,1.0176,1.0278,1.0176,1.0229,45900
1995-11-22,1.0176,1.0381,1.0176,1.0381,9000
1995-11-24,1.0381,1.0381,1.0381,1.0381,0
1995-11-27,1.0381,1.0381,1.0176,1.0176,69300
1995-11-28,1.0176,1.0381,1.0176,1.0278,31500
1995-11-29,1.0176,1.0176,1.0176,1.0176,1800
1995-11-30,1.0176,1.0381,1.0176,1.0381,6300
1995-12-01,1.0381,1.0381,1.0176,1.0176,22500
1995-12-04,1.0278,1.0278,1.0176,1.0278,186300
1995-12-05,1.0176,1.0381,1.0176,1.0278,18900
1995-12-06,1.0229,1.0484,1.0176,1.0176,62100
1995-12-07,1.0176,1.0303,1.0176,1.0278,87300
1995-12-08,1.0176,1.0229,1.0176,1.0229,22500
1995-12-11,1.0176,1.0332,1.0176,1.0332,24300
1995-12-12,1.0229,1.0381,1.0229,1.0381,12600
1995-12-13,1.0484,1.0484,1.0176,1.0484,11700
1995-12-14,1.0176,1.0176,1.0176,1.0176,1800
1995-12-15,1.0176,1.0176,1.0176,1.0176,5400
1995-12-18,1.0176,1.0176,1.0176,1.0176,368100
1995-12-19,1.0176,1.0278,0.9764,0.9867,1054800
1995-12-20,1.0073,1.0073,0.9559,0.9662,101700
1995-12-21,0.9686,0.9818,0.9662,0.9818,46800
1995-12-22,0.9818,0.9818,0.9662,0.9662,11700
1995-12-26,0.9970,0.9970,0.9662,0.9764,72000
1995-12-27,0.9662,0.9867,0.9662,0.9867,11700
1995-12-28,0.9867,0.9867,0.9764,0.9764,86400
1995-12-29,0.9867,0.9970,0.9764,0.9970,69300
1996-01-02,0.9867,0.9970,0.9818,0.9867,20700
1996-01-03,0.9970,0.9970,0.9970,0.9970,3600
1996-01-04,0.9764,0.9867,0.9764,0.9764,172800
1996-01-05,0.9764,0.9867,0.9559,0.9608,281700
1996-01-08,0.9608,0.9608,0.9608,0.9608,0
1996-01-09,0.9764,0.9764,0.9505,0.9505,97200
1996-01-10,0.9456,0.9764,0.9456,0.9534,149400
1996-01-11,0.9456,0.9764,0.9456,0.9505,124200
1996-01-12,0.9764,0.9764,0.9559,0.9764,122400
1996-01-15,0.9970,1.0176,0.9970,1.0176,99000
1996-01-16,1.0122,1.0176,0.9867,0.9970,64800
1996-01-17,0.9970,1.0229,0.9970,1.0229,23400
1996-01-18,1.0278,1.0278,1.0073,1.0073,3600
1996-01-19,0.9970,1.0073,0.9662,0.9662,167400
1996-01-22,0.9662,0.9662,0.9456,0.9559,77400
1996-01-23,0.9662,0.9662,0.9456,0.9456,48600
1996-01-24,0.9456,0.9662,0.9456,0.9662,1800
1996-01-25,0.9456,0.9662,0.9456,0.9662,9000
1996-01-26,0.9559,0.9559,0.9559,0.9559,1800
1996-01-29,0.9723,0.9723,0.9723,0.9723,3600
1996-01-30,0.9723,0.9723,0.9516,0.9516,10800
1996-01-31,0.9516,0.9723,0.9516,0.9670,31500
1996-02-01,0.9516,0.9670,0.9516,0.9670,72000
1996-02-02,0.9516,0.9620,0.9516,0.9620,45000
1996-02-05,0.9516,0.9827,0.9516,0.9516,17100
1996-02-06,0.9516,0.9723,0.9516,0.9516,30600
1996-02-07,0.9516,0.9516,0.9516,0.9516,34200
1996-02-08,0.9516,0.9516,0.9516,0.9516,27900
1996-02-09,0.9516,0.9723,0.9516,0.9516,12600
1996-02-12,0.9516,0.9516,0.9516,0.9516,5400
1996-02-13,0.9516,0.9516,0.9516,0.9516,9000
1996-02-14,0.9827,0.9827,0.9516,0.9516,41400
1996-02-15,0.9827,0.9827,0.9516,0.9516,6300
1996-02-16,0.9516,0.9670,0.9516,0.9670,46800
1996-02-20,0.9516,0.9516,0.9516,0.9516,37800
1996-02-21,0.9516,0.9620,0.9413,0.9413,42300
1996-02-22,0.9413,0.9620,0.9413,0.9413,92700
1996-02-23,0.9413,0.9723,0.9413,0.9413,148500
1996-02-26,0.9413,0.9467,0.9413,0.9413,25200
1996-02-27,0.9413,0.9566,0.9413,0.9566,92700
1996-02-28,0.9413,0.9413,0.9413,0.9413,7200
1996-02-29,0.9413,0.9413,0.9413,0.9413,8100
1996-03-01,0.9413,0.9620,0.9413,0.9413,63000
1996-03-04,0.9310,0.9413,0.9310,0.9413,193500
1996-03-05,0.9310,0.9310,0.9310,0.9310,17100
1996-03-06,0.9310,0.9388,0.9310,0.9310,63000
1996-03-07,0.9620,0.9620,0.9310,0.9310,53100
1996-03-08,0.9310,0.9516,0.9206,0.9413,25200
1996-03-11,0.9206,0.9516,0.9206,0.9516,10800
1996-03-12,0.9363,0.9363,0.9310,0.9310,45900
1996-03-13,0.9206,0.9206,0.9206,0.9206,900
1996-03-14,0.9516,0.9516,0.9516,0.9516,6300
1996-03-15,0.9206,0.9206,0.9206,0.9206,18000
1996-03-18,0.9206,0.9413,0.9206,0.9206,8100
1996-03-19,0.9206,0.9413,0.9206,0.9413,11700
1996-03-20,0.9516,0.9516,0.9206,0.9413,11700
1996-03-21,0.9206,0.9516,0.9206,0.9516,35100
1996-03-22,0.9413,0.9413,0.9310,0.9310,99000
1996-03-25,0.9206,0.9516,0.9206,0.9516,12600
1996-03-26,0.9206,0.9467,0.9206,0.9467,14400
1996-03-27,0.9310,0.9310,0.9206,0.9206,2700
1996-03-28,0.9206,0.9206,0.9206,0.9206,2700
1996-03-29,0.9206,0.9413,0.9206,0.9206,11700
1996-04-01,0.9467,0.9516,0.9206,0.9516,116100
1996-04-02,0.9206,0.9516,0.9206,0.9516,19800
1996-04-03,0.9620,0.9620,0.9467,0.9467,18900
1996-04-04,0.9620,0.9620,0.9256,0.9256,5400
1996-04-08,0.9256,0.9620,0.9256,0.9620,30600
1996-04-09,0.9256,0.9310,0.9206,0.9310,18000
1996-04-10,0.9206,0.9516,0.9206,0.9516,25200
1996-04-11,0.9516,0.9516,0.9516,0.9516,0
1996-04-12,0.9206,0.9467,0.9206,0.9256,12600
1996-04-15,0.9516,0.9516,0.9516,0.9516,900
1996-04-16,0.9206,0.9256,0.9206,0.9256,117000
1996-04-17,0.9516,0.9516,0.9206,0.9206,24300
1996-04-18,0.9206,0.9516,0.9206,0.9516,48600
1996-04-19,0.9516,0.9516,0.9516,0.9516,900
1996-04-22,0.9516,0.9620,0.9310,0.9310,53100
1996-04-23,0.9620,0.9620,0.9310,0.9310,124200
1996-04-24,0.9620,0.9723,0.9310,0.9723,136800
1996-04-25,0.9930,0.9930,0.9516,0.9930,223200
1996-04-26,0.9994,0.9994,0.9785,0.9785,78300
1996-04-29,0.9994,0.9994,0.9785,0.9994,81900
1996-04-30,1.0098,1.0202,0.9785,1.0098,193500
1996-05-01,1.0202,1.0410,0.9994,1.0410,60300
1996-05-02,0.9994,1.0410,0.9994,1.0410,37800
1996-05-03,1.0410,1.0410,0.9994,1.0202,105300
1996-05-06,1.0410,1.0410,1.0410,1.0410,25200
1996-05-07,0.9994,1.0306,0.9994,1.0098,198000
1996-05-08,1.0306,1.0306,1.0148,1.0148,7200
1996-05-09,0.9994,1.0202,0.9994,1.0098,16200
1996-05-10,0.9994,0.9994,0.9994,0.9994,9900
1996-05-13,1.0306,1.0306,1.0306,1.0306,900
1996-05-14,0.9994,1.0306,0.9994,1.0306,9000
1996-05-15,1.0227,1.0306,1.0227,1.0306,5400
1996-05-16,0.9994,1.0227,0.9994,1.0202,27000
1996-05-17,1.0202,1.0202,0.9994,1.0148,23400
1996-05-20,1.0148,1.0148,1.0148,1.0148,0
1996-05-21,1.0202,1.0202,1.0202,1.0202,900
1996-05-22,1.0410,1.0410,1.0094,1.0202,44298
1996-05-23,1.0410,1.0410,0.9994,1.0410,174101
1996-05-24,1.0410,1.0410,1.0098,1.0202,25601
1996-05-28,1.0410,1.0410,0.9894,1.0202,252401
1996-05-29,1.0410,1.0410,0.9894,1.0410,28800
1996-05-30,1.0410,1.0410,0.9889,1.0202,17100
1996-05-31,1.0410,1.0410,0.9889,1.0410,67500
1996-06-03,1.0202,1.0202,1.0202,1.0202,10301
1996-06-04,1.0202,1.0202,1.0202,1.0202,18401
1996-06-05,1.0098,1.0202,0.9785,0.9785,14801
1996-06-06,0.9785,1.0202,0.9785,0.9889,45000
1996-06-07,0.9785,1.0202,0.9785,0.9889,23400
1996-06-10,0.9835,1.0202,0.9785,1.0202,9401
1996-06-11,1.0202,1.0202,0.9785,0.9785,7601
1996-06-12,1.0202,1.0202,0.9785,0.9785,46800
1996-06-13,0.9785,0.9994,0.9785,0.9785,120600
1996-06-14,0.9942,0.9994,0.9577,0.9785,52601
1996-06-17,0.9994,0.9994,0.9577,0.9994,30600
1996-06-18,0.9994,0.9994,0.9577,0.9994,24701
1996-06-19,0.9577,0.9994,0.9577,0.9994,31001
1996-06-20,0.9577,0.9994,0.9577,0.9577,35100
1996-06-21,0.9994,0.9994,0.9577,0.9994,113400
1996-06-24,1.0202,1.0310,0.9994,0.9994,108000
1996-06-25,1.0202,1.0306,0.9994,0.9994,35501
1996-06-26,1.0306,1.0306,0.9785,0.9889,11201
1996-06-27,0.9785,1.0306,0.9785,0.9785,27401
1996-06-28,0.9994,0.9994,0.9369,0.9369,59400
1996-07-01,0.9785,0.9785,0.9577,0.9785,4001
1996-07-02,0.9577,0.9785,0.9369,0.9785,14400
1996-07-03,0.9785,0.9785,0.9577,0.9785,57600
1996-07-05,0.9577,0.9681,0.9525,0.9681,11201
1996-07-08,0.9477,0.9577,0.9477,0.9577,17100
1996-07-09,0.9477,0.9994,0.9477,0.9477,16200
1996-07-10,0.9473,0.9577,0.9473,0.9577,49500
1996-07-11,0.9473,0.9994,0.9473,0.9473,30600
1996-07-12,0.9473,0.9577,0.9473,0.9577,21101
1996-07-15,0.9369,0.9577,0.9369,0.9577,57600
1996-07-16,0.9577,0.9577,0.9161,0.9577,61200
1996-07-17,0.9369,0.9577,0.9369,0.9577,38201
1996-07-18,0.9577,0.9577,0.9161,0.9577,2201
1996-07-19,0.9369,0.9577,0.9369,0.9369,161100
1996-07-22,0.9477,0.9577,0.9161,0.9161,56700
1996-07-23,0.9577,0.9577,0.9577,0.9577,401
1996-07-24,0.9161,0.9577,0.9161,0.9161,67001
1996-07-25,0.9577,0.9577,0.9577,0.9577,4001
1996-07-26,0.9161,0.9369,0.9161,0.9161,121901
1996-07-29,0.9227,0.9545,0.9227,0.9327,28301
1996-07-30,0.9227,0.9545,0.9227,0.9545,3101
1996-07-31,0.9227,0.9541,0.9227,0.9332,7200
1996-08-01,0.9227,0.9541,0.9227,0.9541,133200
1996-08-02,0.9327,0.9545,0.9327,0.9327,172301
1996-08-05,0.9327,0.9327,0.9327,0.9327,27401
1996-08-06,0.9327,0.9545,0.9327,0.9386,9401
1996-08-07,0.9332,0.9332,0.9332,0.9332,8100
1996-08-08,0.9332,0.9541,0.9332,0.9384,28800
1996-08-09,0.9332,0.9332,0.9332,0.9332,0
1996-08-12,0.9327,0.9411,0.9327,0.9411,13001
1996-08-13,0.9327,0.9646,0.9277,0.9277,57101
1996-08-14,0.9332,0.9410,0.9332,0.9410,26501
1996-08-15,0.9332,0.9646,0.9279,0.9279,19800
1996-08-16,0.9541,0.9646,0.9227,0.9227,41801
1996-08-19,0.9646,0.9646,0.9227,0.9227,55301
1996-08-20,0.9227,0.9436,0.9017,0.9017,39101
1996-08-21,0.9646,0.9646,0.9227,0.9227,9900
1996-08-22,0.9227,0.9436,0.9017,0.9017,11700
1996-08-23,0.9436,0.9436,0.9017,0.9436,34601
1996-08-26,0.9126,0.9436,0.9126,0.9327,149400
1996-08-27,0.9327,0.9327,0.9126,0.9327,13500
1996-08-28,0.9122,0.9436,0.9122,0.9332,900
1996-08-29,0.9332,0.9332,0.9122,0.9332,54000
1996-08-30,0.9436,0.9436,0.9436,0.9436,18000
1996-09-03,0.9126,0.9327,0.9126,0.9327,39600
1996-09-04,0.9227,0.9332,0.9122,0.9332,16601
1996-09-05,0.9122,0.9332,0.9122,0.9122,92201
1996-09-06,0.9227,0.9436,0.9122,0.9227,56700
1996-09-09,0.9747,0.9747,0.9227,0.9227,20201
1996-09-10,0.9751,0.9751,0.9227,0.9227,74700
1996-09-11,0.9332,0.9751,0.9332,0.9541,40001
1996-09-12,0.9541,0.9646,0.9541,0.9646,22901
1996-09-13,0.9436,0.9541,0.9436,0.9541,103901
1996-09-16,0.9436,0.9856,0.9436,0.9545,29201
1996-09-17,0.9856,0.9856,0.9436,0.9541,128201
1996-09-18,0.9646,0.9856,0.9646,0.9751,14400
1996-09-19,0.9751,0.9961,0.9751,0.9751,35100
1996-09-20,0.9751,0.9961,0.9751,0.9856,21600
1996-09-23,1.0166,1.0166,0.9856,0.9856,44501
1996-09-24,1.0170,1.0170,0.9856,0.9856,39600
1996-09-25,1.0170,1.0170,0.9856,0.9961,149400
1996-09-26,1.0170,1.0170,0.9961,0.9961,49901
1996-09-27,1.0170,1.0170,0.9961,1.0118,122801
1996-09-30,1.0275,1.0275,1.0065,1.0275,27000
1996-10-01,1.0275,1.0275,1.0065,1.0275,22901
1996-10-02,1.0065,1.0275,1.0065,1.0275,134501
1996-10-03,1.0065,1.0275,1.0065,1.0170,559800
1996-10-04,1.0065,1.0275,1.0065,1.0275,224100
1996-10-07,1.0384,1.0485,1.0275,1.0485,234401
1996-10-08,1.0594,1.0695,1.0225,1.0695,193001
1996-10-09,1.0380,1.0485,1.0275,1.0485,75101
1996-10-10,1.0590,1.0695,1.0223,1.0695,134501
1996-10-11,1.0695,1.0904,1.0590,1.0904,72000
1996-10-14,1.0904,1.0904,1.0695,1.0854,31001
1996-10-15,1.0904,1.1114,1.0695,1.0695,10301
1996-10-16,1.0904,1.0904,1.0695,1.0852,68400
1996-10-17,1.0904,1.1114,1.0695,1.0695,31001
1996-10-18,1.0904,1.1324,1.0695,1.1114,19301
1996-10-21,1.0695,1.0695,1.0695,1.0695,3600
1996-10-22,1.1324,1.1324,1.0904,1.1324,24701
1996-10-23,1.0695,1.0695,1.0695,1.0695,13500
1996-10-24,1.1324,1.1324,1.0904,1.1324,5801
1996-10-25,1.0695,1.0904,1.0695,1.0904,8501
1996-10-28,1.1114,1.1114,1.0485,1.0485,144401
1996-10-29,1.0550,1.0862,1.0550,1.0862,13901
1996-10-30,1.0919,1.1183,1.0550,1.0550,52601
1996-10-31,1.0629,1.0867,1.0550,1.0867,60300
1996-11-01,1.0550,1.0656,1.0339,1.0339,2201
1996-11-04,1.0128,1.0449,1.0128,1.0128,22001
1996-11-05,1.0128,1.0445,1.0128,1.0128,46301
1996-11-06,1.0445,1.0550,1.0023,1.0550,5801
1996-11-07,1.0181,1.0656,1.0023,1.0023,0
1996-11-08,1.0660,1.0660,1.0660,1.0660,36000
1996-11-11,1.0660,1.0660,1.0660,1.0660,48600
1996-11-12,1.0656,1.0656,1.0656,1.0656,13001
1996-11-13,1.0656,1.0656,1.0339,1.0656,65201
1996-11-14,1.0656,1.0867,1.0445,1.0867,73301
1996-11-15,1.0550,1.0867,1.0550,1.0656,28800
1996-11-18,1.0862,1.1082,1.0550,1.0761,122801
1996-11-19,1.0867,1.1078,1.0550,1.0761,6701
1996-11-20,1.1183,1.1183,1.0761,1.0761,270401
1996-11-21,1.0972,1.1605,1.0972,1.1341,105701
1996-11-22,1.1394,1.1605,1.1078,1.1605,52200
1996-11-25,1.1504,1.1605,1.1284,1.1504,242501
1996-11-26,1.1500,1.1605,1.1289,1.1500,36401
1996-11-27,1.1289,1.1605,1.1289,1.1605,8100
1996-11-29,1.1284,1.1394,1.1284,1.1394,32400
1996-12-02,1.1605,1.1605,1.1605,1.1605,4500
1996-12-03,1.1605,1.1605,1.1605,1.1605,2201
1996-12-04,1.1605,1.1605,1.1605,1.1605,27900
1996-12-05,1.1284,1.1394,1.1284,1.1284,32400
1996-12-06,1.1183,1.1419,1.1082,1.1183,69300
1996-12-09,1.1343,1.1504,1.1183,1.1504,21101
1996-12-10,1.1605,1.1605,1.1183,1.1183,900
1996-12-11,1.1394,1.1394,1.1183,1.1234,23801
1996-12-12,1.1284,1.1394,1.1183,1.1183,27900
1996-12-13,1.1183,1.1183,1.1183,1.1183,20201
1996-12-16,1.1183,1.1394,1.1023,1.1183,43601
1996-12-17,1.0972,1.1183,1.0972,1.0972,34200
1996-12-18,1.1082,1.1183,1.0972,1.1183,95400
1996-12-19,1.1183,1.1394,1.0862,1.1394,64800
1996-12-20,1.1394,1.1394,1.1394,1.1394,22500
1996-12-23,1.0972,1.1394,1.0972,1.1284,2700
1996-12-24,1.0972,1.0972,1.0972,1.0972,4500
1996-12-26,1.0972,1.0972,1.0972,1.0972,0
1996-12-27,1.1183,1.1183,1.0972,1.0972,14400
1996-12-30,1.1394,1.1394,1.0972,1.1394,44501
1996-12-31,1.1284,1.1284,1.1284,1.1284,5801
1997-01-02,1.1293,1.1504,1.1082,1.1183,123701
1997-01-03,1.1183,1.1504,1.1183,1.1504,9401
1997-01-06,1.1504,1.1504,1.1183,1.1183,14400
1997-01-07,1.1504,1.1605,1.1394,1.1605,32400
1997-01-08,1.1605,1.1605,1.1293,1.1605,31500
1997-01-09,1.1293,1.1605,1.1293,1.1394,50400
1997-01-10,1.1394,1.1394,1.1394,1.1394,20700
1997-01-13,1.1394,1.1605,1.1394,1.1605,26501
1997-01-14,1.1394,1.1504,1.1394,1.1394,15300
1997-01-15,1.1394,1.1394,1.1394,1.1394,2700
1997-01-16,1.1394,1.1816,1.1394,1.1816,30600
1997-01-17,1.1605,1.1816,1.1394,1.1394,43601
1997-01-20,1.1715,1.1816,1.1715,1.1715,28800
1997-01-21,1.1816,1.2348,1.1605,1.2027,158400
1997-01-22,1.2137,1.2559,1.2137,1.2238,122400
1997-01-23,1.2238,1.2559,1.2238,1.2559,23801
1997-01-24,1.2559,1.2559,1.2238,1.2238,46800
1997-01-27,1.2238,1.2660,1.2238,1.2238,6701
1997-01-28,1.2660,1.2660,1.2238,1.2398,22901
1997-01-29,1.2730,1.2730,1.2306,1.2306,4901
1997-01-30,1.2306,1.2730,1.2306,1.2306,14400
1997-01-31,1.2730,1.2730,1.2306,1.2518,19800
1997-02-03,1.2518,1.2730,1.2518,1.2518,10800
1997-02-04,1.2306,1.2730,1.2306,1.2416,58901
1997-02-05,1.2416,1.2730,1.2416,1.2518,132300
1997-02-06,1.2467,1.2467,1.2467,1.2467,3101
1997-02-07,1.2467,1.2467,1.2467,1.2467,0
1997-02-10,1.2518,1.2942,1.2518,1.2942,57101
1997-02-11,1.2730,1.2942,1.2518,1.2730,100301
1997-02-12,1.2730,1.3366,1.2730,1.2942,66600
1997-02-13,1.3205,1.3366,1.2730,1.2730,243401
1997-02-14,1.3366,1.3366,1.2730,1.2730,7601
1997-02-18,1.2730,1.3366,1.2730,1.3366,28800
1997-02-19,1.2730,1.3366,1.2730,1.2840,24701
1997-02-20,1.2840,1.3366,1.2840,1.3154,33701
1997-02-21,1.3154,1.3265,1.2840,1.3265,58001
1997-02-24,1.3265,1.3265,1.2942,1.2942,188501
1997-02-25,1.2942,1.3366,1.2942,1.3103,65201
1997-02-26,1.3366,1.3366,1.3154,1.3154,135000
1997-02-27,1.3052,1.3265,1.3052,1.3265,60701
1997-02-28,1.3052,1.3265,1.2942,1.3052,124601
1997-03-03,1.3265,1.3265,1.2840,1.3052,126401
1997-03-04,1.2730,1.2730,1.2730,1.2730,1301
1997-03-05,1.3265,1.3265,1.2840,1.3265,45000
1997-03-06,1.3154,1.3265,1.2942,1.3265,109301
1997-03-07,1.3265,1.3265,1.3052,1.3154,133200
1997-03-10,1.3265,1.3265,1.3052,1.3265,14801
1997-03-11,1.3265,1.3265,1.3154,1.3265,18401
1997-03-12,1.3265,1.3265,1.3154,1.3265,319500
1997-03-13,1.3265,1.3265,1.3154,1.3265,86400
1997-03-14,1.3265,1.3265,1.2942,1.3154,58500
1997-03-17,1.2942,1.3265,1.2942,1.2942,13001
1997-03-18,1.3154,1.3154,1.3103,1.3154,4001
1997-03-19,1.2840,1.3154,1.2840,1.2840,71501
1997-03-20,1.3103,1.3103,1.3103,1.3103,4500
1997-03-21,1.3154,1.3154,1.2840,1.3154,16200
1997-03-24,1.3154,1.3154,1.3154,1.3154,9000
1997-03-25,1.2942,1.2942,1.2942,1.2942,401
1997-03-26,1.2942,1.3052,1.2942,1.3052,12600
1997-03-27,1.2942,1.3154,1.2942,1.3052,33701
1997-03-31,1.2942,1.3154,1.2840,1.3052,143501
1997-04-01,1.2942,1.3154,1.2942,1.3154,140400
1997-04-02,1.2730,1.2942,1.2730,1.2730,57600
1997-04-03,1.2518,1.2730,1.2518,1.2518,87701
1997-04-04,1.2518,1.2730,1.2518,1.2518,62100
1997-04-07,1.2942,1.2942,1.2518,1.2518,8100
1997-04-08,1.2518,1.2942,1.2518,1.2518,3600
1997-04-09,1.2730,1.3052,1.2730,1.3052,83700
1997-04-10,1.2730,1.3154,1.2730,1.3052,42701
1997-04-11,1.2730,1.3154,1.2730,1.3154,4001
1997-04-14,1.2942,1.3154,1.2730,1.2730,122400
1997-04-15,1.2730,1.2730,1.2730,1.2730,4901
1997-04-16,1.2730,1.3154,1.2730,1.2730,63900
1997-04-17,1.2730,1.2730,1.2628,1.2628,49500
1997-04-18,1.2730,1.2730,1.2628,1.2628,9900
1997-04-21,1.2730,1.2730,1.2518,1.2518,4500
1997-04-22,1.2628,1.2628,1.2518,1.2628,12600
1997-04-23,1.2518,1.2730,1.2518,1.2518,19301
1997-04-24,1.2518,1.2628,1.2518,1.2628,31500
1997-04-25,1.2628,1.2730,1.2518,1.2730,8100
1997-04-28,1.2586,1.2799,1.2586,1.2586,118301
1997-04-29,1.2799,1.2799,1.2586,1.2586,5400
1997-04-30,1.2586,1.2586,1.2586,1.2586,10301
1997-05-01,1.2586,1.2697,1.2586,1.2697,49500
1997-05-02,1.2586,1.2697,1.2586,1.2586,243900
1997-05-05,1.2586,1.2799,1.2586,1.2799,90000
1997-05-06,1.2586,1.2799,1.2372,1.2799,111600
1997-05-07,1.2372,1.2586,1.2372,1.2586,84600
1997-05-08,1.2586,1.2799,1.2372,1.2372,126000
1997-05-09,1.2372,1.2799,1.2372,1.2799,105701
1997-05-12,1.2372,1.2799,1.2372,1.2586,18000
1997-05-13,1.2799,1.2799,1.2372,1.2799,2700
1997-05-14,1.2372,1.2799,1.2372,1.2799,4901
1997-05-15,1.2799,1.2799,1.2372,1.2372,65700
1997-05-16,1.2372,1.2697,1.2372,1.2483,63000
1997-05-19,1.2372,1.2372,1.2372,1.2372,22901
1997-05-20,1.2372,1.2799,1.2372,1.2799,45000
1997-05-21,1.2372,1.2799,1.2270,1.2372,109301
1997-05-22,1.2586,1.2799,1.2270,1.2799,10800
1997-05-23,1.2586,1.2586,1.2372,1.2372,15701
1997-05-27,1.2270,1.2697,1.2270,1.2270,13500
1997-05-28,1.2270,1.2697,1.2270,1.2270,58500
1997-05-29,1.2270,1.2799,1.2270,1.2697,23801
1997-05-30,1.2270,1.2799,1.2270,1.2372,22901
1997-06-02,1.2270,1.2483,1.2270,1.2355,29700
1997-06-03,1.2270,1.2586,1.2159,1.2586,107100
1997-06-04,1.2372,1.2483,1.2159,1.2159,27401
1997-06-05,1.2159,1.2586,1.2159,1.2586,8100
1997-06-06,1.2586,1.2586,1.2270,1.2270,4901
1997-06-09,1.2270,1.2586,1.2270,1.2270,4500
1997-06-10,1.2586,1.2586,1.2270,1.2586,68400
1997-06-11,1.2586,1.2799,1.2483,1.2586,67001
1997-06-12,1.2799,1.2910,1.2586,1.2910,94901
1997-06-13,1.2586,1.2910,1.2586,1.2910,23801
1997-06-16,1.2586,1.2697,1.2483,1.2483,48600
1997-06-17,1.2799,1.2910,1.2586,1.2910,153000
1997-06-18,1.2910,1.2910,1.2697,1.2910,9900
1997-06-19,1.2697,1.3123,1.2697,1.3123,35100
1997-06-20,1.3123,1.3336,1.2799,1.3012,94500
1997-06-23,1.2910,1.3336,1.2799,1.2799,27900
1997-06-24,1.3226,1.3226,1.3012,1.3012,56700
1997-06-25,1.3123,1.3277,1.3012,1.3123,103901
1997-06-26,1.3123,1.3336,1.3123,1.3336,106200
1997-06-27,1.3226,1.3336,1.3012,1.3336,108900
1997-06-30,1.3277,1.3439,1.3226,1.3226,46301
1997-07-01,1.3439,1.3439,1.3226,1.3336,73800
1997-07-02,1.3439,1.3652,1.3226,1.3550,222701
1997-07-03,1.3866,1.3866,1.3550,1.3866,18000
1997-07-07,1.3866,1.3866,1.3866,1.3866,9000
1997-07-08,1.3652,1.3866,1.3550,1.3763,101700
1997-07-09,1.4079,1.4079,1.3550,1.4079,17100
1997-07-10,1.4079,1.4079,1.3550,1.4079,21101
1997-07-11,1.4079,1.4079,1.3755,1.3755,14801
1997-07-14,1.4079,1.4079,1.3763,1.3763,70200
1997-07-15,1.3866,1.4190,1.3866,1.3866,51300
1997-07-16,1.4028,1.4403,1.3866,1.4403,54401
1997-07-17,1.3866,1.3866,1.3866,1.3866,20700
1997-07-18,1.3866,1.4403,1.3866,1.4190,47201
1997-07-21,1.4292,1.4292,1.3866,1.3866,29700
1997-07-22,1.3866,1.3976,1.3866,1.3866,54000
1997-07-23,1.4403,1.4403,1.4403,1.4403,40001
1997-07-24,1.4403,1.4505,1.4190,1.4292,56700
1997-07-25,1.4403,1.4505,1.4292,1.4505,32400
1997-07-28,1.4292,1.4292,1.4292,1.4292,12101
1997-07-29,1.4574,1.4574,1.4359,1.4574,56201
1997-07-30,1.4574,1.4788,1.4359,1.4574,213300
1997-07-31,1.5217,1.5328,1.4788,1.5114,20700
1997-08-01,1.4788,1.5328,1.4788,1.5114,68400
1997-08-04,1.5431,1.5431,1.4899,1.4951,47201
1997-08-05,1.5431,1.5431,1.4899,1.5328,19800
1997-08-06,1.5431,1.5431,1.5217,1.5431,14801
1997-08-07,1.5431,1.5431,1.4899,1.5114,29201
1997-08-08,1.5431,1.5431,1.4899,1.4899,31901
1997-08-11,1.4899,1.5431,1.4899,1.5431,16200
1997-08-12,1.5114,1.5431,1.4899,1.5328,72900
1997-08-13,1.5431,1.5431,1.5002,1.5431,35501
1997-08-14,1.5542,1.5971,1.5002,1.5431,66600
1997-08-15,1.6074,1.6074,1.5431,1.6074,29700
1997-08-18,1.5542,1.6074,1.5542,1.5542,30101
1997-08-19,1.5757,1.6931,1.5757,1.6717,176801
1997-08-20,1.6717,1.8003,1.6717,1.7789,1539401
1997-08-21,1.8217,1.9074,1.7360,1.8757,163800
1997-08-22,1.8431,1.8646,1.7574,1.7900,190800
1997-08-25,1.7789,1.8431,1.7789,1.7789,20700
1997-08-26,1.8431,1.8431,1.7789,1.7789,30101
1997-08-27,1.7789,1.8217,1.7789,1.8217,143501
1997-08-28,1.8217,1.9186,1.8217,1.9074,77400
1997-08-29,1.8860,1.9503,1.8757,1.8860,101201
1997-09-02,1.9400,1.9932,1.8860,1.9452,60300
1997-09-03,2.0360,2.1646,1.9932,2.1432,154301
1997-09-04,2.1861,2.3361,2.1646,2.2504,709200
1997-09-05,2.2829,2.2829,2.2075,2.2186,170501
1997-09-08,2.2829,2.2829,2.1861,2.1861,69701
1997-09-09,2.1912,2.2289,2.1543,2.2186,47700
1997-09-10,2.1543,2.1543,2.1543,2.1543,5801
1997-09-11,2.1543,2.2289,2.1432,2.1432,101700
1997-09-12,2.1432,2.1972,2.1432,2.1646,223200
1997-09-15,2.1483,2.1972,2.1432,2.1432,131801
1997-09-16,2.1432,2.1972,2.1432,2.1646,72900
1997-09-17,2.1543,2.2075,2.1432,2.1432,48600
1997-09-18,2.1432,2.2075,2.1432,2.1432,22001
1997-09-19,2.2075,2.2075,2.1432,2.1758,139500
1997-09-22,2.2075,2.2075,2.1861,2.2075,52200
1997-09-23,2.1861,2.2075,2.1646,2.2075,108000
1997-09-24,2.2075,2.2075,2.1543,2.1861,175001
1997-09-25,2.2289,2.2289,2.1543,2.1646,81900
1997-09-26,2.1861,2.2075,2.1861,2.2075,114300
1997-09-29,2.1861,2.2504,2.1861,2.2504,71501
1997-09-30,2.2504,2.2718,2.1972,2.1972,22001
1997-10-01,2.2718,2.3361,2.2075,2.3361,67901
1997-10-02,2.3361,2.3575,2.3147,2.3575,96300
1997-10-03,2.4004,2.4218,2.3147,2.3789,1158701
1997-10-06,2.3361,2.4004,2.3147,2.3361,60300
1997-10-07,2.3687,2.6576,2.3627,2.6361,212400
1997-10-08,2.5933,2.7004,2.5718,2.5933,451301
1997-10-09,2.6361,2.6576,2.5504,2.5933,104801
1997-10-10,2.6147,2.6790,2.5770,2.6790,117900
1997-10-13,2.7862,2.7862,2.6576,2.7219,70200
1997-10-14,2.7862,2.8290,2.7004,2.8076,95400
1997-10-15,2.7219,2.8290,2.6576,2.7004,153401
1997-10-16,2.7004,2.8290,2.6147,2.6147,112500
1997-10-17,2.5504,2.6147,2.4861,2.5718,82800
1997-10-20,2.5075,2.5933,2.5075,2.5718,49901
1997-10-21,2.6147,2.7433,2.5718,2.7433,82301
1997-10-22,2.7433,2.7433,2.6361,2.6576,63000
1997-10-23,2.5504,2.7219,2.5504,2.5933,108401
1997-10-24,2.7219,2.7219,2.5718,2.6147,47700
1997-10-27,2.6576,2.6576,2.4973,2.5830,47700
1997-10-28,2.3361,2.4973,2.3147,2.4973,69300
1997-10-29,2.5570,2.7933,2.4925,2.6644,198000
1997-10-30,2.6859,2.7022,2.5785,2.6000,76901
1997-10-31,2.5785,2.6644,2.5785,2.5785,99000
1997-11-03,2.6644,2.6644,2.5896,2.6214,56201
1997-11-04,2.5785,2.6429,2.5570,2.5785,70601
1997-11-05,2.6214,2.6214,2.5785,2.5785,40500
1997-11-06,2.6000,2.6000,2.5785,2.6000,3600
1997-11-07,2.6000,2.6000,2.5785,2.6000,40901
1997-11-10,2.5785,2.6214,2.5785,2.6163,11700
1997-11-11,2.5785,2.6541,2.5785,2.6000,65201
1997-11-12,2.5570,2.6000,2.5355,2.6000,29201
1997-11-13,2.6000,2.6000,2.5467,2.5785,16200
1997-11-14,2.6111,2.6111,2.5518,2.5518,41801
1997-11-17,2.7504,2.7933,2.6644,2.7933,20099
1997-11-18,2.7933,2.8363,2.7074,2.7504,74201
1997-11-19,2.8363,2.8363,2.7074,2.7504,83000
1997-11-20,2.8363,2.8363,2.7074,2.7504,33300
1997-11-21,2.8363,2.8363,2.7074,2.8157,97601
1997-11-24,2.8363,2.8363,2.7074,2.7727,40500
1997-11-25,2.7727,2.7727,2.6644,2.6971,130001
1997-11-26,2.6214,2.7074,2.5355,2.5578,30301
1997-11-28,2.5578,2.5785,2.4066,2.4066,29000
1997-12-01,2.4066,2.5355,2.4066,2.4822,44300
1997-12-02,2.5785,2.5785,2.4495,2.4495,45900
1997-12-03,2.4719,2.5355,2.4495,2.4822,69300
1997-12-04,2.5355,2.5785,2.4495,2.5355,21600
1997-12-05,2.4925,2.6214,2.4719,2.6214,34400
1997-12-08,2.6214,2.6214,2.5149,2.6214,20401
1997-12-09,2.4925,2.6214,2.4925,2.5785,45401
1997-12-10,2.6214,2.6214,2.5355,2.5578,57800
1997-12-11,2.6214,2.6214,2.4925,2.5355,37501
1997-12-12,2.5355,2.5355,2.4495,2.5355,13001
1997-12-15,2.5149,2.5785,2.4925,2.5785,42901
1997-12-16,2.5355,2.5785,2.4495,2.5149,50101
1997-12-17,2.5149,2.5149,2.5149,2.5149,21101
1997-12-18,2.4719,2.5355,2.4495,2.5355,33701
1997-12-19,2.4495,2.5149,2.4066,2.4925,83201
1997-12-22,2.5149,2.5149,2.4066,2.4289,20700
1997-12-23,2.4289,2.4719,2.3636,2.3636,36401
1997-12-24,2.4925,2.4925,2.3636,2.4066,31201
1997-12-26,2.3739,2.4925,2.3739,2.4925,28100
1997-12-29,2.4925,2.5785,2.4925,2.5149,87500
1997-12-30,2.5149,2.5355,2.4289,2.5028,35100
1997-12-31,2.4925,2.4925,2.4289,2.4289,112001
1998-01-02,2.4289,2.5149,2.4289,2.5149,26501
1998-01-05,2.5149,2.5785,2.4495,2.4925,79400
1998-01-06,2.5785,2.5785,2.4925,2.4925,14600
1998-01-07,2.5785,2.5785,2.4289,2.4289,46800
1998-01-08,2.4289,2.5355,2.4066,2.4925,44100
1998-01-09,2.4925,2.4925,2.4066,2.4066,8501
1998-01-12,2.3636,2.4495,2.3000,2.4495,21600
1998-01-13,2.4719,2.4719,2.3206,2.4719,4201
1998-01-14,2.4719,2.4719,2.3206,2.4719,19100
1998-01-15,2.4719,2.4925,2.4495,2.4925,15901
1998-01-16,2.5785,2.5785,2.4066,2.4925,26300
1998-01-20,2.5785,2.5785,2.4066,2.5028,16801
1998-01-21,2.4719,2.5785,2.4289,2.4495,49700
1998-01-22,2.4495,2.5149,2.4495,2.5149,24001
1998-01-23,2.5578,2.5785,2.4495,2.4495,6500
1998-01-26,2.5785,2.5785,2.4719,2.5458,21600
1998-01-27,2.5355,2.5355,2.4599,2.4599,29201
1998-01-28,2.4996,2.4996,2.4134,2.4134,49901
1998-01-29,2.4996,2.4996,2.3273,2.3273,98100
1998-01-30,2.4359,2.4359,2.3704,2.4134,33001
1998-02-02,2.4134,2.4134,2.3273,2.4134,49901
1998-02-03,2.4031,2.4031,2.3497,2.3497,13500
1998-02-04,2.4134,2.4134,2.3273,2.3273,27000
1998-02-05,2.4134,2.4134,2.2411,2.2842,36200
1998-02-06,2.2635,2.3497,2.2411,2.2411,24901
1998-02-09,2.3704,2.3704,2.2411,2.2635,14801
1998-02-10,2.3704,2.3704,2.1980,2.2411,55301
1998-02-11,2.2307,2.2842,2.1980,2.2411,12301
1998-02-12,2.3273,2.3273,2.2514,2.3273,83000
1998-02-13,2.3704,2.4790,2.3497,2.4790,114001
1998-02-17,2.4565,2.4790,2.4359,2.4565,37501
1998-02-18,2.4359,2.4790,2.4134,2.4462,25801
1998-02-19,2.4134,2.4565,2.3928,2.4565,48600
1998-02-20,2.4565,2.4565,2.3928,2.4359,16801
1998-02-23,2.4565,2.4790,2.3928,2.4790,161100
1998-02-24,2.4996,2.5858,2.4790,2.5221,37100
1998-02-25,2.5858,2.7582,2.5652,2.6617,152300
1998-02-26,2.6720,2.8013,2.6720,2.7582,192800
1998-02-27,2.7806,2.7806,2.6720,2.7375,28100
1998-03-02,2.7375,2.7806,2.6824,2.7375,101201
1998-03-03,2.6720,2.7151,2.6720,2.6944,68600
1998-03-04,2.6720,2.7151,2.6720,2.6944,150001
1998-03-05,2.7151,2.7375,2.6720,2.7151,58901
1998-03-06,2.6944,2.7375,2.6944,2.7375,25200
1998-03-09,2.6720,2.7375,2.6720,2.7375,30600
1998-03-10,2.6720,2.7582,2.6720,2.7255,89100
1998-03-11,2.6944,2.8013,2.6944,2.7479,278100
1998-03-12,2.8013,2.8013,2.7375,2.7479,135401
1998-03-13,2.7582,2.7806,2.7375,2.7582,204901
1998-03-16,2.7686,2.8668,2.7479,2.7582,46301
1998-03-17,2.7375,2.8013,2.7375,2.7582,120101
1998-03-18,2.7806,2.8444,2.7582,2.8237,40500
1998-03-19,2.8237,2.8875,2.7806,2.8444,81601
1998-03-20,2.8444,2.9306,2.8444,2.9306,19501
1998-03-23,2.9306,2.9306,2.8237,2.8237,54601
1998-03-24,2.8875,2.9306,2.8237,2.8668,65000
1998-03-25,2.9306,2.9306,2.8668,2.8668,30301
1998-03-26,2.9306,2.9306,2.8875,2.8979,49901
1998-03-27,2.8875,2.9634,2.8875,2.9634,37301
1998-03-30,2.9530,2.9530,2.8875,2.9306,115801
1998-03-31,2.9306,2.9530,2.8979,2.8979,35701
1998-04-01,2.9306,2.9634,2.9099,2.9099,110900
1998-04-02,2.9099,2.9634,2.9099,2.9306,11000
1998-04-03,2.9306,2.9634,2.9306,2.9634,165301
1998-04-06,2.9634,3.0168,2.9634,2.9634,138600
1998-04-07,2.9961,3.0065,2.9530,2.9530,13001
1998-04-08,2.9530,2.9961,2.9099,2.9961,63601
1998-04-09,3.0168,3.0168,2.9099,2.9530,30600
1998-04-13,3.0168,3.0168,2.9099,3.0168,8300
1998-04-14,2.9961,3.0823,2.9737,3.0599,77801
1998-04-15,2.9961,3.0496,2.9961,3.0065,59600
1998-04-16,3.0599,3.0599,2.9961,3.0496,9601
1998-04-17,3.0599,3.0599,2.9961,3.0272,26300
1998-04-20,2.9737,3.0272,2.9737,3.0168,52801
1998-04-21,2.9737,3.0823,2.9737,2.9737,32101
1998-04-22,3.1030,3.1030,2.9961,3.1030,157201
1998-04-23,3.0168,3.1254,3.0168,3.0599,63000
1998-04-24,3.0168,3.0599,3.0168,3.0599,5801
1998-04-27,3.0168,3.0392,2.9737,3.0065,67901
1998-04-28,3.0238,3.0670,2.9806,2.9806,24500
1998-04-29,3.0670,3.0670,3.0031,3.0238,12600
1998-04-30,2.9806,3.0895,2.9806,3.0238,17701
1998-05-01,3.0463,3.0895,3.0463,3.0635,8701
1998-05-04,3.0031,3.1102,3.0031,3.1102,39101
1998-05-05,3.1102,3.1102,3.0670,3.0670,24701
1998-05-06,3.0463,3.0998,3.0134,3.0998,3301
1998-05-07,3.0238,3.0895,3.0238,3.0895,46501
1998-05-08,3.0238,3.0895,3.0238,3.0463,45601
1998-05-11,3.0670,3.0895,3.0463,3.0895,32600
1998-05-12,3.0895,3.0895,3.0238,3.0670,48101
1998-05-13,3.0463,3.0895,3.0463,3.0463,101700
1998-05-14,3.0895,3.0895,3.0238,3.0238,23600
1998-05-15,3.0895,3.1102,3.0238,3.0238,39600
1998-05-18,3.0238,3.0566,3.0238,3.0463,35701
1998-05-19,3.0238,3.0566,3.0238,3.0238,43200
1998-05-20,3.0238,3.0463,3.0238,3.0463,86400
1998-05-21,3.0670,3.0670,3.0463,3.0670,27401
1998-05-22,3.0238,3.0463,2.8735,2.8942,147301
1998-05-26,2.8942,2.9167,2.8078,2.8078,31700
1998-05-27,2.7646,2.8303,2.7318,2.7975,16200
1998-05-28,2.7975,2.8303,2.7975,2.8078,7601
1998-05-29,2.8078,2.8078,2.7646,2.8078,53100
1998-06-01,2.8182,2.8942,2.8078,2.8078,26300
1998-06-02,2.7214,2.8942,2.7214,2.8510,26501
1998-06-03,2.8182,2.8510,2.7750,2.8078,9200
1998-06-04,2.8510,2.8510,2.7646,2.8303,35300
1998-06-05,2.8303,2.8303,2.7646,2.7646,1501
1998-06-08,2.8510,2.8510,2.7439,2.7439,28501
1998-06-09,2.7871,2.7871,2.7214,2.7439,11900
1998-06-10,2.7646,2.7871,2.7214,2.7646,34200
1998-06-11,2.7646,2.7646,2.7214,2.7214,80501
1998-06-12,2.7646,2.7646,2.6782,2.7646,66600
1998-06-15,2.6782,2.7543,2.6782,2.6782,12301
1998-06-16,2.6350,2.6575,2.6350,2.6350,3600
1998-06-17,2.7007,2.7007,2.6350,2.6575,18000
1998-06-18,2.6575,2.6886,2.6575,2.6886,104801
1998-06-19,2.7111,2.7318,2.6782,2.6782,129101
1998-06-22,2.7007,2.7007,2.6782,2.7007,10501
1998-06-23,2.7007,2.7007,2.7007,2.7007,1800
1998-06-24,2.6782,2.7007,2.6782,2.6886,54900
1998-06-25,2.6782,2.7214,2.6782,2.6782,35501
1998-06-26,2.6350,2.6782,2.5711,2.5711,31201
1998-06-29,2.5711,2.6022,2.5486,2.5918,33901
1998-06-30,2.5486,2.8078,2.5279,2.7318,375901
1998-07-01,2.7318,2.7439,2.6886,2.7111,108200
1998-07-02,2.7007,2.7007,2.6350,2.6350,18900
1998-07-06,2.6350,2.6350,2.5711,2.5711,4201
1998-07-07,2.6350,2.6350,2.5486,2.5486,37800
1998-07-08,2.6143,2.6143,2.5279,2.5279,37100
1998-07-09,2.5918,2.5918,2.5486,2.5918,32400
1998-07-10,2.5279,2.6350,2.5279,2.6143,9900
1998-07-13,2.5279,2.5279,2.5279,2.5279,2900
1998-07-14,2.5918,2.6350,2.5279,2.5486,64100
1998-07-15,2.6350,2.6350,2.5486,2.5486,4001
1998-07-16,2.5486,2.6022,2.5486,2.5918,21301
1998-07-17,2.6350,2.6350,2.5486,2.5711,35100
1998-07-20,2.5486,2.5918,2.5486,2.5711,25601
1998-07-21,2.5918,2.6350,2.5486,2.5918,220201
1998-07-22,2.6022,2.6143,2.5918,2.6143,16200
1998-07-23,2.5918,2.6350,2.5918,2.6022,29700
1998-07-24,2.6143,2.6143,2.5918,2.5918,41600
1998-07-27,2.5486,2.6143,2.5486,2.5918,58500
1998-07-28,2.6143,2.6143,2.5711,2.5711,15701
1998-07-29,2.6214,2.6318,2.5555,2.5555,73301
1998-07-30,2.5781,2.5989,2.5555,2.5555,60701
1998-07-31,2.5555,2.5989,2.5122,2.5122,11900
1998-08-03,2.5122,2.5122,2.3823,2.4256,56401
1998-08-04,2.3719,2.3719,2.1657,2.1657,65900
1998-08-05,2.2523,2.2523,2.1224,2.1761,30101
1998-08-06,2.2523,2.2523,2.1016,2.2523,33500
1998-08-07,2.3390,2.3390,2.2090,2.2523,46301
1998-08-10,2.2749,2.3390,2.2194,2.3390,13700
1998-08-11,2.1224,2.2523,2.0791,2.1761,31700
1998-08-12,2.1224,2.2523,2.0791,2.1657,26501
1998-08-13,2.2523,2.2523,2.0791,2.1986,33901
1998-08-14,2.2316,2.2316,2.2090,2.2090,25601
1998-08-17,2.2523,2.2957,2.2523,2.2627,70801
1998-08-18,2.2957,2.2957,2.1882,2.2420,19100
1998-08-19,2.1657,2.2957,2.1657,2.1882,51001
1998-08-20,2.2523,2.2523,2.1224,2.2523,19100
1998-08-21,2.2957,2.2957,2.0791,2.2090,7200
1998-08-24,2.2523,2.2523,2.1657,2.1657,2700
1998-08-25,2.1657,2.2090,2.1016,2.1172,12800
1998-08-26,2.0791,2.1657,2.0791,2.1016,36401
1998-08-27,2.1657,2.1657,1.5377,1.9284,288200
1998-08-28,2.0358,2.0358,1.8625,1.8954,91501
1998-08-31,1.9717,1.9925,1.7326,1.7326,98701
1998-09-01,1.7984,1.9491,1.7326,1.9284,103500
1998-09-02,1.9284,2.0150,1.9058,1.9717,53300
1998-09-03,1.9058,1.9925,1.8625,1.8850,75101
1998-09-04,1.9717,1.9717,1.8625,1.8850,26501
1998-09-08,1.9717,2.0150,1.9058,1.9925,29900
1998-09-09,1.9058,1.9491,1.8850,1.9162,40001
1998-09-10,1.8625,1.9058,1.7759,1.7759,77600
1998-09-11,1.8417,1.9058,1.7984,1.9058,52601
1998-09-14,1.8192,1.9491,1.8192,1.9491,19100
1998-09-15,1.9717,1.9717,1.8850,1.9491,19100
1998-09-16,1.9491,1.9491,1.8850,1.9058,19301
1998-09-17,1.8850,1.8850,1.8192,1.8850,14400
1998-09-18,1.9058,1.9058,1.7759,1.8088,51901
1998-09-21,1.8088,1.8088,1.7759,1.8088,20201
1998-09-22,1.8192,1.8850,1.7759,1.8296,33701
1998-09-23,1.7759,1.9388,1.7759,1.9388,10301
1998-09-24,1.9388,1.9491,1.8954,1.9058,25801
1998-09-25,1.8625,1.8625,1.8296,1.8296,29000
1998-09-28,1.8417,1.8625,1.7551,1.8192,23801
1998-09-29,1.8625,1.8850,1.7984,1.7984,38900
1998-09-30,1.8625,1.8625,1.7326,1.7759,19501
1998-10-01,1.7759,1.7984,1.7326,1.7430,117401
1998-10-02,1.7326,1.7655,1.6893,1.7326,42001
1998-10-05,1.7430,1.7759,1.7326,1.7759,130201
1998-10-06,1.7551,1.7759,1.6243,1.6893,37501
1998-10-07,1.6893,1.6893,1.6243,1.6893,39800
1998-10-08,1.7326,1.7326,1.5160,1.5593,84600
1998-10-09,1.5593,1.6243,1.4727,1.6243,54200
1998-10-12,1.6243,1.6459,1.5593,1.6243,14400
1998-10-13,1.6459,1.6893,1.5593,1.5593,43801
1998-10-14,1.6135,1.6676,1.6026,1.6676,11700
1998-10-15,1.6676,1.7109,1.5593,1.6893,25400
1998-10-16,1.7326,1.8625,1.7326,1.8417,33300
1998-10-19,1.8625,1.9058,1.7759,1.7984,57101
1998-10-20,1.7551,1.8417,1.6893,1.6893,59600
1998-10-21,1.7109,1.7551,1.5593,1.7551,68600
1998-10-22,1.7326,1.7759,1.7326,1.7655,54200
1998-10-23,1.8192,1.8192,1.7326,1.7759,31700
1998-10-26,1.8192,1.8192,1.7984,1.8088,14600
1998-10-27,1.8417,1.8850,1.8348,1.8417,53701
1998-10-28,1.8485,1.9128,1.8363,1.9024,137000
1998-10-29,1.8798,1.9024,1.8798,1.9024,23600
1998-10-30,1.9024,2.0658,1.8850,2.0658,79400
1998-11-02,2.0867,2.0867,1.9997,2.0763,65201
1998-11-03,2.0867,2.0867,2.0328,2.0328,22001
1998-11-04,2.0867,2.1302,2.0328,2.1302,51300
1998-11-05,2.0867,2.1302,2.0432,2.1302,11201
1998-11-06,1.9789,2.0867,1.9354,2.0867,99601
1998-11-09,2.1093,2.1093,2.0224,2.0658,14600
1998-11-10,2.1093,2.1093,2.0432,2.0867,11401
1998-11-11,2.0867,2.0867,1.9997,2.0432,24001
1998-11-12,2.0867,2.0867,1.9997,2.0867,41600
1998-11-13,2.0867,2.0867,2.0658,2.0658,60701
1998-11-16,1.9997,2.0867,1.9997,2.0867,35300
1998-11-17,2.0432,2.0658,2.0432,2.0537,14600
1998-11-18,2.0537,2.0658,1.9997,1.9997,22201
1998-11-19,1.9997,2.0537,1.9997,1.9997,8701
1998-11-20,1.9997,2.0432,1.9232,1.9232,37100
1998-11-23,1.9563,1.9997,1.9354,1.9354,28800
1998-11-24,1.9354,1.9563,1.8259,1.8485,26501
1998-11-25,1.9563,1.9563,1.8589,1.9128,4500
1998-11-27,1.9128,1.9128,1.8485,1.9024,7801
1998-11-30,1.8693,1.9128,1.7172,1.7172,44300
1998-12-01,1.8050,1.8693,1.7493,1.8693,52801
1998-12-02,1.7389,1.8259,1.7389,1.7719,11000
1998-12-03,1.7389,1.8259,1.7172,1.7172,25200
1998-12-04,1.7389,1.8259,1.7389,1.8259,16400
1998-12-07,1.8259,1.8259,1.7172,1.7824,6300
1998-12-08,1.7172,1.7824,1.7172,1.7172,13001
1998-12-09,1.6954,1.8050,1.6737,1.7389,35701
1998-12-10,1.7172,1.8050,1.7172,1.8050,12800
1998-12-11,1.7064,1.8050,1.7064,1.7172,23400
1998-12-14,1.7281,1.8050,1.6737,1.7172,25801
1998-12-15,1.7389,1.7389,1.7281,1.7389,34601
1998-12-16,1.7172,1.7389,1.6954,1.7172,81200
1998-12-17,1.6954,1.7389,1.6954,1.7389,22700
1998-12-18,1.7335,1.7335,1.6847,1.6847,29000
1998-12-21,1.6847,1.7389,1.6520,1.6737,108000
1998-12-22,1.7172,1.7172,1.6737,1.6954,57600
1998-12-23,1.7281,1.7281,1.6737,1.6847,16200
1998-12-24,1.6954,1.7172,1.6737,1.7008,10301
1998-12-28,1.7281,1.7281,1.6302,1.6574,46501
1998-12-29,1.6737,1.7172,1.6520,1.7172,18601
1998-12-30,1.7281,1.7389,1.6194,1.6737,35501
1998-12-31,1.6954,1.7064,1.6737,1.6954,12600
1999-01-04,1.6954,1.8919,1.6954,1.8919,81200
1999-01-05,1.8919,1.9128,1.8919,1.9128,20000
1999-01-06,1.9128,1.9128,1.8259,1.8259,20401
1999-01-07,1.7719,1.8589,1.7719,1.7824,12101
1999-01-08,1.8259,1.8259,1.7824,1.7824,33500
1999-01-11,1.8485,1.8485,1.7389,1.7389,16801
1999-01-12,1.7824,1.8485,1.7064,1.7064,40500
1999-01-13,1.7064,1.7172,1.6520,1.6520,21101
1999-01-14,1.7389,1.7389,1.6520,1.6520,27900
1999-01-15,1.6520,1.6954,1.6302,1.6954,101000
1999-01-19,1.6954,1.6954,1.6302,1.6629,15701
1999-01-20,1.6302,1.6737,1.6302,1.6737,26501
1999-01-21,1.6954,1.6954,1.6302,1.6737,42901
1999-01-22,1.6302,1.6520,1.6194,1.6520,22201
1999-01-25,1.6085,1.7389,1.6085,1.6520,24001
1999-01-26,1.6737,1.7389,1.6737,1.7172,45900
1999-01-27,1.7389,1.7389,1.6737,1.6847,15001
1999-01-28,1.6737,1.7389,1.6520,1.6737,10501
1999-01-29,1.6808,1.7355,1.6372,1.6372,24901
1999-02-01,1.6590,1.6808,1.6590,1.6700,17100
1999-02-02,1.6808,1.6808,1.5717,1.5881,52801
1999-02-03,1.5935,1.6264,1.5280,1.6264,138800
1999-02-04,1.5717,1.5935,1.5499,1.5771,93600
1999-02-05,1.5717,1.5717,1.5280,1.5499,31201
1999-02-08,1.5935,1.6154,1.5280,1.5609,25601
1999-02-09,1.5717,1.5717,1.5280,1.5717,31901
1999-02-10,1.5935,1.5935,1.4844,1.5280,40901
1999-02-11,1.5935,1.5935,1.5062,1.5172,32801
1999-02-12,1.4844,1.5499,1.4844,1.5252,30800
1999-02-16,1.5499,1.5717,1.4844,1.5499,95101
1999-02-17,1.4844,1.5280,1.4844,1.4844,38000
1999-02-18,1.4844,1.5499,1.4407,1.5499,60300
1999-02-19,1.5172,1.5717,1.5062,1.5062,124200
1999-02-22,1.5717,1.5935,1.5280,1.5935,20401
1999-02-23,1.6154,1.6154,1.5499,1.5717,49901
1999-02-24,1.5717,1.5717,1.5499,1.5499,45601
1999-02-25,1.5609,1.5717,1.5499,1.5717,22500
1999-02-26,1.5717,1.6154,1.5499,1.6045,102800
1999-03-01,1.6154,1.6372,1.5717,1.5717,83000
1999-03-02,1.6154,1.6154,1.5717,1.5717,15001
1999-03-03,1.5717,1.5935,1.5717,1.5935,40901
1999-03-04,1.6154,1.6372,1.5935,1.6264,400901
1999-03-05,1.7463,1.7463,1.6808,1.7355,78500
1999-03-08,1.6808,1.7463,1.6808,1.7463,23101
1999-03-09,1.7027,1.7900,1.7027,1.7245,57600
1999-03-10,1.7245,1.7463,1.7245,1.7463,26300
1999-03-11,1.7690,1.7690,1.7245,1.7245,47900
1999-03-12,1.7245,1.7900,1.7245,1.7463,357300
1999-03-15,1.7245,1.7900,1.7245,1.7463,221801
1999-03-16,1.7355,1.7690,1.7355,1.7690,186701
1999-03-17,1.7690,1.8336,1.7690,1.7690,2120101
1999-03-18,1.8232,1.8336,1.7568,1.7795,225401
1999-03-19,1.7568,1.7900,1.7027,1.7355,94500
1999-03-22,1.7027,1.7245,1.6264,1.6590,27601
1999-03-23,1.6372,1.6918,1.5935,1.6071,40901
1999-03-24,1.5989,1.6590,1.5989,1.5989,20000
1999-03-25,1.7027,1.7245,1.6154,1.6154,15500
1999-03-26,1.6154,1.7245,1.6154,1.6590,12800
1999-03-29,1.6154,1.6372,1.6154,1.6372,18601
1999-03-30,1.6154,1.7245,1.6154,1.6154,20201
1999-03-31,1.6154,1.6590,1.5717,1.6154,147800
1999-04-01,1.6154,1.6154,1.5717,1.5827,50101
1999-04-05,1.6045,1.6426,1.5609,1.6372,40500
1999-04-06,1.6154,1.6372,1.5935,1.6126,28301
1999-04-07,1.6154,1.6372,1.4189,1.5062,130901
1999-04-08,1.5499,1.5499,1.4844,1.5499,10501
1999-04-09,1.5499,1.5717,1.4844,1.5172,21301
1999-04-12,1.4626,1.5280,1.4626,1.5008,26501
1999-04-13,1.4736,1.5280,1.4736,1.5062,27200
1999-04-14,1.5116,1.7463,1.5062,1.7245,158801
1999-04-15,1.7027,1.7027,1.6590,1.7027,46100
1999-04-16,1.6808,1.7900,1.6372,1.6808,41400
1999-04-19,1.6372,1.6372,1.5717,1.6154,20401
1999-04-20,1.5717,1.6590,1.5717,1.6154,20700
1999-04-21,1.6154,1.6264,1.6154,1.6264,13001
1999-04-22,1.6154,1.6372,1.5499,1.5499,25601
1999-04-23,1.5717,1.5717,1.5499,1.5717,9200
1999-04-26,1.5609,1.6372,1.5609,1.5717,39600
1999-04-27,1.5935,1.5935,1.5717,1.5827,9200
1999-04-28,1.5567,1.6663,1.5567,1.6005,27401
1999-04-29,1.5896,1.6116,1.5896,1.6116,50400
1999-04-30,1.6005,1.6335,1.5896,1.5896,13901
1999-05-03,1.5896,1.6663,1.5896,1.6224,17300
1999-05-04,1.6444,1.6444,1.5896,1.6005,52801
1999-05-05,1.5786,1.6663,1.5786,1.6663,9900
1999-05-06,1.5786,1.6882,1.5786,1.5786,30600
1999-05-07,1.7101,1.7101,1.5786,1.6335,42901
1999-05-10,1.5896,1.6224,1.5896,1.6224,35701
1999-05-11,1.6335,1.6335,1.5786,1.6335,13001
1999-05-12,1.6335,1.6335,1.6116,1.6335,6500
1999-05-13,1.6335,1.6554,1.6224,1.6335,18000
1999-05-14,1.6444,1.6663,1.6335,1.6444,86600
1999-05-17,1.6444,1.6663,1.6444,1.6663,21101
1999-05-18,1.6444,1.6663,1.6444,1.6663,104101
1999-05-19,1.6224,1.6663,1.6005,1.6444,10100
1999-05-20,1.6663,1.7101,1.6663,1.6773,445001
1999-05-21,1.6773,1.7321,1.6773,1.7321,1549100
1999-05-24,1.7768,1.8084,1.6882,1.6882,1741901
1999-05-25,1.6773,1.7212,1.6663,1.7101,51500
1999-05-26,1.6663,1.6663,1.6663,1.6663,10301
1999-05-27,1.6444,1.6663,1.6224,1.6444,17501
1999-05-28,1.6444,1.6663,1.6444,1.6554,19100
1999-06-01,1.6444,1.6663,1.6005,1.6335,119700
1999-06-02,1.6554,1.6554,1.6005,1.6005,35701
1999-06-03,1.6005,1.6663,1.6005,1.6224,26701
1999-06-04,1.6224,1.6444,1.6224,1.6444,35100
1999-06-07,1.6663,1.6882,1.6005,1.6882,20201
1999-06-08,1.6005,1.7212,1.6005,1.6005,25400
1999-06-09,1.6773,1.6773,1.6224,1.6773,5400
1999-06-10,1.6224,1.6554,1.6005,1.6224,20201
1999-06-11,1.6005,1.6444,1.6005,1.6116,8701
1999-06-14,1.6005,1.6224,1.6005,1.6116,25400
1999-06-15,1.6005,1.6224,1.6005,1.6005,14400
1999-06-16,1.6005,1.6224,1.6005,1.6116,9000
1999-06-17,1.6224,1.6882,1.6005,1.6882,24300
1999-06-18,1.7019,1.7019,1.6005,1.6444,51500
1999-06-21,1.6116,1.7101,1.6116,1.7101,15701
1999-06-22,1.6335,1.6717,1.6335,1.6717,1501
1999-06-23,1.6335,1.6335,1.6116,1.6335,1100
1999-06-24,1.6335,1.7540,1.6116,1.7431,65401
1999-06-25,1.6717,1.6717,1.6116,1.6663,38700
1999-06-28,1.6554,1.6554,1.6116,1.6444,5101
1999-06-29,1.6335,1.7540,1.6335,1.7321,38700
1999-06-30,1.6882,1.7978,1.6444,1.7540,109301
1999-07-01,1.6882,1.7321,1.6882,1.7321,20700
1999-07-02,1.7212,1.7540,1.7212,1.7540,13500
1999-07-06,1.7768,1.7768,1.6663,1.6882,26701
1999-07-07,1.6663,1.7101,1.6663,1.6882,9601
1999-07-08,1.7321,1.7321,1.7101,1.7321,4001
1999-07-09,1.7321,1.7321,1.6773,1.6773,10501
1999-07-12,1.6993,1.7101,1.6882,1.6882,27401
1999-07-13,1.6882,1.6882,1.6773,1.6773,9000
1999-07-14,1.6773,1.6882,1.6773,1.6773,44701
1999-07-15,1.6444,1.7321,1.6444,1.7321,11401
1999-07-16,1.6554,1.7431,1.6554,1.7431,7601
1999-07-19,1.6717,1.7321,1.6554,1.7321,18900
1999-07-20,1.7321,1.7321,1.6005,1.6444,32801
1999-07-21,1.6335,1.6444,1.6335,1.6444,26300
1999-07-22,1.6444,1.7101,1.6335,1.7101,14400
1999-07-23,1.6663,1.7101,1.6224,1.6335,3600
1999-07-26,1.6224,1.6335,1.5786,1.6224,35100
1999-07-27,1.6663,1.6663,1.6005,1.6444,33701
1999-07-28,1.6335,1.6335,1.5786,1.6224,22901
1999-07-29,1.6005,1.6005,1.5567,1.5567,35501
1999-07-30,1.5567,1.5786,1.5128,1.5567,51701
1999-08-02,1.6116,1.6663,1.5567,1.6663,69901
1999-08-03,1.6224,1.6224,1.5786,1.5786,42500
1999-08-04,1.5637,1.5637,1.5528,1.5582,16400
1999-08-05,1.5528,1.5528,1.4976,1.5197,42500
1999-08-06,1.5417,1.5857,1.4976,1.5857,15500
1999-08-09,1.4976,1.5748,1.4976,1.5748,12301
1999-08-10,1.5748,1.5748,1.4756,1.5748,29000
1999-08-11,1.4976,1.5197,1.4976,1.4976,2401
1999-08-12,1.5417,1.5748,1.5417,1.5637,33701
1999-08-13,1.5857,1.5857,1.4756,1.5857,49500
1999-08-16,1.5857,1.6629,1.4976,1.6298,33901
1999-08-17,1.6023,1.6077,1.5197,1.5417,28501
1999-08-18,1.5968,1.5968,1.5417,1.5417,9601
1999-08-19,1.5748,1.5857,1.5197,1.5692,28100
1999-08-20,1.5692,1.5857,1.5637,1.5637,8701
1999-08-23,1.5637,1.5857,1.5637,1.5637,10301
1999-08-24,1.5637,1.5637,1.5637,1.5637,36401
1999-08-25,1.5308,1.5417,1.4976,1.4976,49001
1999-08-26,1.5197,1.6077,1.5087,1.5528,17300
1999-08-27,1.5197,1.5308,1.4976,1.4976,5101
1999-08-30,1.4976,1.4976,1.4976,1.4976,3800
1999-08-31,1.5197,1.5197,1.4095,1.4647,65900
1999-09-01,1.4316,1.4976,1.4150,1.4976,32801
1999-09-02,1.5197,1.5197,1.4206,1.4922,24701
1999-09-03,1.4922,1.5087,1.4756,1.5087,2201
1999-09-07,1.5031,1.5197,1.4976,1.5197,16801
1999-09-08,1.5087,1.5087,1.4647,1.4756,12101
1999-09-09,1.4976,1.4976,1.4536,1.4976,16400
1999-09-10,1.4316,1.4756,1.4316,1.4756,19800
1999-09-13,1.4536,1.5197,1.4095,1.5197,27200
1999-09-14,1.4976,1.5197,1.4756,1.5197,21101
1999-09-15,1.4976,1.5197,1.4756,1.4976,38700
1999-09-16,1.4976,1.5087,1.4756,1.4756,16200
1999-09-17,1.4756,1.4811,1.4536,1.4756,17501
1999-09-20,1.4811,1.4811,1.4590,1.4590,7400
1999-09-21,1.4590,1.4756,1.4536,1.4536,13901
1999-09-22,1.4867,1.5087,1.4536,1.4536,64501
1999-09-23,1.4536,1.4756,1.3875,1.4095,132001
1999-09-24,1.4095,1.4095,1.3875,1.4095,50600
1999-09-27,1.4261,1.4536,1.4095,1.4536,11000
1999-09-28,1.3875,1.4922,1.3875,1.4756,11401
1999-09-29,1.3986,1.5087,1.3986,1.4536,24001
1999-09-30,1.4867,1.5197,1.4756,1.5197,43601
1999-10-01,1.5087,1.5417,1.4976,1.5417,17300
1999-10-04,1.5197,1.5197,1.4756,1.4976,42500
1999-10-05,1.4756,1.5197,1.4756,1.4756,10501
1999-10-06,1.4756,1.4976,1.4316,1.4756,19100
1999-10-07,1.4316,1.4427,1.4095,1.4427,14101
1999-10-08,1.4316,1.4536,1.4095,1.4316,22001
1999-10-11,1.3875,1.4536,1.3875,1.4536,11900
1999-10-12,1.4453,1.4453,1.4095,1.4095,7200
1999-10-13,1.4701,1.4701,1.4316,1.4316,14600
1999-10-14,1.4095,1.4095,1.3435,1.3435,24901
1999-10-15,1.3930,1.3930,1.3214,1.3655,15300
1999-10-18,1.4041,1.4150,1.4041,1.4150,19301
1999-10-19,1.3875,1.4206,1.3875,1.3875,13001
1999-10-20,1.4095,1.4206,1.3766,1.3766,13700
1999-10-21,1.3766,1.4316,1.3766,1.4206,67500
1999-10-22,1.4206,1.4206,1.4095,1.4095,900
1999-10-25,1.4206,1.4206,1.4095,1.4206,13201
1999-10-26,1.4095,1.4206,1.4095,1.4206,41600
1999-10-27,1.4606,1.4828,1.4164,1.4606,42701
1999-10-28,1.4606,1.4606,1.4385,1.4497,50101
1999-10-29,1.4385,1.4497,1.4385,1.4497,6300
1999-11-01,1.4497,1.4828,1.4385,1.4828,20900
1999-11-02,1.4718,1.4828,1.4385,1.4497,8701
1999-11-03,1.4497,1.4606,1.4275,1.4497,28800
1999-11-04,1.4275,1.4606,1.4275,1.4606,16200
1999-11-05,1.4275,1.4275,1.3278,1.3278,42901
1999-11-08,1.4164,1.4164,1.3721,1.4164,24001
1999-11-09,1.4385,1.4385,1.3942,1.4164,11700
1999-11-10,1.3721,1.4164,1.3721,1.4164,15901
1999-11-11,1.3721,1.4164,1.3721,1.3721,4700
1999-11-12,1.3721,1.4164,1.3278,1.3942,213901
1999-11-15,1.3942,1.4054,1.3942,1.3942,22201
1999-11-16,1.3555,1.3942,1.3278,1.3611,68101
1999-11-17,1.4054,1.4054,1.3833,1.3833,37100
1999-11-18,1.3942,1.4606,1.3942,1.4551,59400
1999-11-19,1.4606,1.4606,1.4385,1.4385,18401
1999-11-22,1.4606,1.4718,1.4385,1.4718,490001
1999-11-23,1.4275,1.4718,1.4275,1.4497,6701
1999-11-24,1.4275,1.4718,1.4275,1.4275,36601
1999-11-26,1.4385,1.4385,1.4385,1.4385,900
1999-11-29,1.4164,1.4440,1.4164,1.4385,42901
1999-11-30,1.4275,1.4497,1.4275,1.4497,45900
1999-12-01,1.4275,1.4497,1.4275,1.4497,60500
1999-12-02,1.4385,1.4497,1.4385,1.4385,31700
1999-12-03,1.4440,1.4497,1.4275,1.4275,12600
1999-12-06,1.4275,1.4497,1.4164,1.4385,22700
1999-12-07,1.4385,1.4551,1.4385,1.4551,32801
1999-12-08,1.4219,1.4385,1.3278,1.3278,79200
1999-12-09,1.3500,1.3942,1.3500,1.3942,64800
1999-12-10,1.3721,1.4385,1.3721,1.4385,75800
1999-12-13,1.4164,1.4606,1.4164,1.4275,1102201
1999-12-14,1.4330,1.4385,1.4275,1.4385,471101
1999-12-15,1.4164,1.4275,1.4164,1.4275,47401
1999-12-16,1.3997,1.4828,1.3942,1.4828,71701
1999-12-17,1.4606,1.4606,1.3509,1.3509,92700
1999-12-20,1.3833,1.3942,1.3278,1.3278,26701
1999-12-21,1.3278,1.4164,1.3278,1.3942,21301
1999-12-22,1.3942,1.3942,1.3721,1.3776,23101
1999-12-23,1.3997,1.4164,1.2836,1.3278,57101
1999-12-27,1.2836,1.3057,1.2726,1.2891,45401
1999-12-28,1.2726,1.2947,1.2062,1.2615,74201
1999-12-29,1.2393,1.2560,1.2172,1.2393,88801
1999-12-30,1.2338,1.2505,1.2172,1.2283,24500
1999-12-31,1.2172,1.2505,1.2172,1.2283,35100
2000-01-03,1.2505,1.2615,1.2172,1.2505,44701
2000-01-04,1.2172,1.2283,1.2117,1.2283,40901
2000-01-05,1.2283,1.2836,1.2172,1.2836,42001
2000-01-06,1.2781,1.2836,1.2172,1.2393,26300
2000-01-07,1.2836,1.4606,1.2172,1.4164,68101
2000-01-10,1.4164,1.4385,1.4164,1.4164,15701
2000-01-11,1.4385,1.4385,1.3833,1.3833,15300
2000-01-12,1.3833,1.3942,1.2836,1.3500,26100
2000-01-13,1.3721,1.3721,1.3666,1.3721,4500
2000-01-14,1.2947,1.3721,1.2947,1.2947,7400
2000-01-18,1.2947,1.3278,1.2947,1.3224,42701
2000-01-19,1.2947,1.3833,1.2947,1.3500,12600
2000-01-20,1.4164,1.4164,1.1951,1.3278,126601
2000-01-21,1.3002,1.3390,1.3002,1.3390,21800
2000-01-24,1.2947,1.3721,1.2947,1.3169,76001
2000-01-25,1.3057,1.4164,1.3057,1.3859,72401
2000-01-26,1.3792,1.4014,1.3569,1.3792,42701
2000-01-27,1.3904,1.4014,1.2902,1.2902,34801
2000-01-28,1.2569,1.3014,1.2012,1.2124,204300
2000-01-31,1.2347,1.2347,1.2012,1.2012,67201
2000-02-01,1.2124,1.2569,1.2012,1.2235,94901
2000-02-02,1.2347,1.2347,1.2124,1.2347,28301
2000-02-03,1.2680,1.2902,1.2347,1.2902,11401
2000-02-04,1.2902,1.3125,1.2902,1.3125,45000
2000-02-07,1.2902,1.4014,1.2902,1.4014,513000
2000-02-08,1.4237,1.4237,1.3569,1.3904,38201
2000-02-09,1.4014,1.4070,1.3792,1.3792,77600
2000-02-10,1.3792,1.4126,1.3347,1.4014,600701
2000-02-11,1.4126,1.4682,1.3792,1.4014,279401
2000-02-14,1.3569,1.4237,1.3569,1.3569,53701
2000-02-15,1.3347,1.3569,1.3347,1.3569,88200
2000-02-16,1.3347,1.3737,1.3125,1.3125,59101
2000-02-17,1.3014,1.3569,1.3014,1.3347,28501
2000-02-18,1.3402,1.3682,1.3347,1.3682,1100
2000-02-22,1.3125,1.3180,1.2457,1.2457,31201
2000-02-23,1.2457,1.2457,1.2457,1.2457,5400
2000-02-24,1.2457,1.2457,1.2012,1.2457,42300
2000-02-25,1.2235,1.2457,1.2235,1.2235,7200
2000-02-28,1.2235,1.2290,1.2012,1.2012,47900
2000-02-29,1.2235,1.2902,1.2012,1.2235,54900
2000-03-01,1.3347,1.4014,1.3125,1.3792,70400
2000-03-02,1.3792,1.4014,1.3792,1.3792,57800
2000-03-03,1.3792,1.4014,1.3792,1.3904,146201
2000-03-06,1.3792,1.4014,1.3792,1.3792,65000
2000-03-07,1.3347,1.3347,1.2235,1.2235,68801
2000-03-08,1.2792,1.3125,1.2680,1.2680,21800
2000-03-09,1.2792,1.3347,1.2792,1.2792,9601
2000-03-10,1.2457,1.2902,1.2457,1.2902,13901
2000-03-13,1.2235,1.2680,1.2235,1.2457,14101
2000-03-14,1.2680,1.3347,1.2457,1.3125,104400
2000-03-15,1.3014,1.3014,1.2541,1.2792,39301
2000-03-16,1.3125,1.3347,1.2792,1.3347,106601
2000-03-17,1.3125,1.3347,1.3125,1.3125,24500
2000-03-20,1.3237,1.3237,1.2457,1.2680,70601
2000-03-21,1.2680,1.2957,1.2402,1.2957,72401
2000-03-22,1.2569,1.3237,1.2569,1.3125,14600
2000-03-23,1.3014,1.3347,1.2012,1.2680,15500
2000-03-24,1.2742,1.3133,1.2244,1.2902,10501
2000-03-27,1.2235,1.2235,1.2235,1.2235,20000
2000-03-28,1.2347,1.2569,1.2235,1.2512,36401
2000-03-29,1.2486,1.2624,1.2457,1.2457,65900
2000-03-30,1.2569,1.2680,1.2457,1.2569,20900
2000-03-31,1.2457,1.2569,1.1902,1.1902,171601
2000-04-03,1.2347,1.2457,1.2124,1.2235,143501
2000-04-04,1.2347,1.2457,1.1567,1.2457,53501
2000-04-05,1.2012,1.2569,1.1790,1.2569,60001
2000-04-06,1.2235,1.2235,1.1790,1.2012,30600
2000-04-07,1.2012,1.2290,1.1790,1.1790,38201
2000-04-10,1.2235,1.2235,1.1790,1.1845,38900
2000-04-11,1.1845,1.2457,1.1567,1.2124,29000
2000-04-12,1.1790,1.2347,1.1790,1.1790,54601
2000-04-13,1.1790,1.2012,1.1790,1.1902,118501
2000-04-14,1.1902,1.2347,1.1790,1.1790,24901
2000-04-17,1.1845,1.1902,1.1567,1.1680,79400
2000-04-18,1.1567,1.2680,1.1122,1.1457,109100
2000-04-19,1.1457,1.1790,1.1345,1.1790,36200
2000-04-20,1.1790,1.2457,1.1122,1.2347,42001
2000-04-24,1.2347,1.2347,1.0900,1.0900,12101
2000-04-25,1.1567,1.1790,1.1567,1.1790,4700
2000-04-26,1.2079,1.2974,1.1632,1.2863,42300
2000-04-27,1.2863,1.2974,1.2750,1.2863,23801
2000-04-28,1.2416,1.2974,1.2416,1.2974,13901
2000-05-01,1.2527,1.3421,1.2527,1.3421,40500
2000-05-02,1.3534,1.3534,1.2974,1.2974,13500
2000-05-03,1.2527,1.2863,1.2303,1.2303,21800
2000-05-04,1.3198,1.3198,1.2303,1.2303,6001
2000-05-05,1.3087,1.3645,1.2527,1.2974,146700
2000-05-08,1.2974,1.2974,1.2863,1.2863,1800
2000-05-09,1.2834,1.2834,1.2695,1.2695,14801
2000-05-10,1.2416,1.2750,1.2416,1.2750,36401
2000-05-11,1.2303,1.2303,1.2303,1.2303,5101
2000-05-12,1.2974,1.3645,1.2974,1.3645,95801
2000-05-15,1.2750,1.3087,1.2750,1.3087,47201
2000-05-16,1.3589,1.3645,1.3198,1.3198,16400
2000-05-17,1.3534,1.3534,1.3087,1.3421,17701
2000-05-18,1.3142,1.3534,1.3113,1.3310,188501
2000-05-19,1.2974,1.3142,1.2750,1.2974,10301
2000-05-22,1.3198,1.3198,1.1855,1.2974,29000
2000-05-23,1.2247,1.3087,1.2247,1.2527,118100
2000-05-24,1.1995,1.2974,1.1995,1.2527,54401
2000-05-25,1.3421,1.3421,1.2416,1.3421,4700
2000-05-26,1.2527,1.3534,1.2416,1.3534,22901
2000-05-30,1.3310,1.3534,1.3198,1.3421,38000
2000-05-31,1.2974,1.3421,1.2974,1.3421,44501
2000-06-01,1.3534,1.4540,1.3534,1.4316,38700
2000-06-02,1.4316,1.4652,1.4092,1.4092,27000
2000-06-05,1.3869,1.3869,1.3869,1.3869,1100
2000-06-06,1.4037,1.4037,1.3421,1.3421,28800
2000-06-07,1.3366,1.3869,1.3366,1.3421,5801
2000-06-08,1.3421,1.4205,1.3421,1.4205,9000
2000-06-09,1.3198,1.4316,1.3198,1.4316,17300
2000-06-12,1.2974,1.4205,1.2974,1.3869,27900
2000-06-13,1.3981,1.4092,1.3869,1.3869,10501
2000-06-14,1.3869,1.3869,1.3869,1.3869,6300
2000-06-15,1.4092,1.4092,1.3421,1.3421,14101
2000-06-16,1.3981,1.4316,1.3981,1.4261,82301
2000-06-19,1.3534,1.4205,1.2416,1.3198,41101
2000-06-20,1.2750,1.2750,1.2416,1.2527,17501
2000-06-21,1.2416,1.2639,1.2303,1.2303,27200
2000-06-22,1.2303,1.2416,1.1855,1.2192,72000
2000-06-23,1.2135,1.2527,1.1968,1.2079,32801
2000-06-26,1.2192,1.2303,1.2192,1.2303,21101
2000-06-27,1.2416,1.3282,1.2192,1.3253,22901
2000-06-28,1.3198,1.3198,1.2303,1.2416,10301
2000-06-29,1.2303,1.3198,1.2079,1.2303,45000
2000-06-30,1.3029,1.3029,1.2303,1.2303,57600
2000-07-03,1.2750,1.2974,1.2303,1.2416,53300
2000-07-05,1.2639,1.3198,1.2303,1.2750,92401
2000-07-06,1.2527,1.3087,1.2527,1.2863,29900
2000-07-07,1.2863,1.2863,1.2303,1.2527,28100
2000-07-10,1.2527,1.2527,1.2303,1.2303,11900
2000-07-11,1.2303,1.2750,1.2303,1.2358,21600
2000-07-12,1.2358,1.2358,1.2358,1.2358,4901
2000-07-13,1.2863,1.2863,1.2303,1.2750,9401
2000-07-14,1.2416,1.2750,1.2416,1.2750,8501
2000-07-17,1.2527,1.2527,1.2079,1.2079,18601
2000-07-18,1.2527,1.2611,1.2192,1.2527,24001
2000-07-19,1.2527,1.2527,1.2079,1.2079,13700
2000-07-20,1.1855,1.1855,1.1632,1.1632,11201
2000-07-21,1.2471,1.2471,1.1855,1.1855,3600
2000-07-24,1.2416,1.2416,1.1855,1.2079,23101
2000-07-25,1.1855,1.1911,1.1855,1.1911,7601
2000-07-26,1.1815,1.2040,1.1815,1.2040,15500
2000-07-27,1.2265,1.2601,1.2265,1.2601,33001
2000-07-28,1.2207,1.3051,1.2207,1.2742,57301
2000-07-31,1.2742,1.3165,1.2715,1.2996,44100
2000-08-01,1.2826,1.2996,1.2715,1.2771,24901
2000-08-02,1.2940,1.2940,1.2490,1.2826,3301
2000-08-03,1.2715,1.3221,1.2715,1.3165,23101
2000-08-04,1.2601,1.3332,1.2490,1.3051,34400
2000-08-07,1.3305,1.4402,1.3277,1.4402,84101
2000-08-08,1.4346,1.4627,1.4290,1.4627,46301
2000-08-09,1.4007,1.4627,1.3840,1.4627,44300
2000-08-10,1.4627,1.5415,1.4627,1.5415,28100
2000-08-11,1.5527,1.6202,1.5077,1.5977,77400
2000-08-14,1.6173,1.6202,1.4852,1.5415,132500
2000-08-15,1.4796,1.5527,1.4796,1.5077,41400
2000-08-16,1.4740,1.4965,1.4740,1.4740,12101
2000-08-17,1.4740,1.4740,1.3165,1.3277,113801
2000-08-18,1.3390,1.3390,1.3051,1.3390,32801
2000-08-21,1.3051,1.3502,1.3051,1.3390,40001
2000-08-22,1.3952,1.3952,1.3390,1.3952,31901
2000-08-23,1.3896,1.3952,1.3840,1.3952,16200
2000-08-24,1.3727,1.3727,1.3277,1.3277,9601
2000-08-25,1.3390,1.3952,1.3390,1.3615,12301
2000-08-28,1.4177,1.4177,1.3165,1.3277,45900
2000-08-29,1.4402,1.4402,1.3840,1.3840,3800
2000-08-30,1.4402,1.4740,1.4402,1.4740,31500
2000-08-31,1.4740,1.5415,1.4515,1.5302,153000
2000-09-01,1.5302,1.5302,1.4402,1.4627,19501
2000-09-05,1.4627,1.4627,1.4402,1.4627,15901
2000-09-06,1.4627,1.5302,1.4627,1.5077,15300
2000-09-07,1.4515,1.4740,1.4402,1.4740,22201
2000-09-08,1.4627,1.5190,1.4402,1.4852,16601
2000-09-11,1.5133,1.5415,1.5133,1.5302,36401
2000-09-12,1.5302,1.5302,1.4740,1.4740,45000
2000-09-13,1.4740,1.4852,1.4740,1.4740,9900
2000-09-14,1.5190,1.5190,1.5077,1.5077,62300
2000-09-15,1.4402,1.5190,1.4065,1.4205,78300
2000-09-18,1.4065,1.4177,1.4065,1.4177,8100
2000-09-19,1.4402,1.4852,1.3840,1.4515,22700
2000-09-20,1.4402,1.4852,1.4402,1.4852,8100
2000-09-21,1.4682,1.5077,1.4682,1.5077,6701
2000-09-22,1.5077,1.5077,1.4402,1.4515,16400
2000-09-25,1.4965,1.5077,1.4402,1.4402,21600
2000-09-26,1.4065,1.4290,1.3952,1.4065,21301
2000-09-27,1.4065,1.4402,1.4065,1.4290,19501
2000-09-28,1.4402,1.4515,1.4402,1.4402,60300
2000-09-29,1.4515,1.5077,1.4290,1.5077,28501
2000-10-02,1.4740,1.5415,1.4402,1.5302,146401
2000-10-03,1.4852,1.5077,1.4402,1.4740,8501
2000-10-04,1.4627,1.5302,1.4627,1.5302,4201
2000-10-05,1.4852,1.5302,1.4852,1.5302,1100
2000-10-06,1.5190,1.5302,1.4402,1.4402,19100
2000-10-09,1.4402,1.5077,1.4177,1.5077,5801
2000-10-10,1.4852,1.4965,1.4290,1.4290,4700
2000-10-11,1.4065,1.4065,1.3952,1.3952,9401
2000-10-12,1.3952,1.4402,1.3727,1.3727,85500
2000-10-13,1.4121,1.4177,1.3502,1.4007,15500
2000-10-16,1.3502,1.4065,1.3502,1.3502,25801
2000-10-17,1.3502,1.3502,1.3277,1.3277,5801
2000-10-18,1.3305,1.3502,1.3165,1.3165,47700
2000-10-19,1.3502,1.3727,1.3051,1.3446,32101
2000-10-20,1.3502,1.3615,1.3390,1.3615,21600
2000-10-23,1.3277,1.3390,1.3051,1.3051,78701
2000-10-24,1.3107,1.3277,1.3051,1.3051,13700
2000-10-25,1.3125,1.3465,1.2898,1.2898,34601
2000-10-26,1.2898,1.2927,1.2786,1.2786,18200
2000-10-27,1.3577,1.3577,1.3013,1.3577,9601
2000-10-30,1.2898,1.3577,1.2898,1.3013,40500
2000-10-31,1.3013,1.3465,1.2898,1.3465,21301
2000-11-01,1.2927,1.3577,1.2898,1.3492,12600
2000-11-02,1.3492,1.3548,1.3013,1.3465,41400
2000-11-03,1.3040,1.3577,1.2786,1.2786,38000
2000-11-06,1.2786,1.3351,1.2672,1.2672,74900
2000-11-07,1.3351,1.3351,1.2560,1.3239,12101
2000-11-08,1.2786,1.3295,1.2786,1.3013,27200
2000-11-09,1.3016,1.3016,1.3016,1.3016,0
2000-11-10,1.3125,1.3548,1.2898,1.3239,123500
2000-11-13,1.3125,1.3747,1.2786,1.3577,20201
2000-11-14,1.3521,1.3804,1.2955,1.3577,41400
2000-11-15,1.3154,1.4030,1.2898,1.4030,213701
2000-11-16,1.4256,1.4370,1.3804,1.3804,66101
2000-11-17,1.4397,1.5388,1.3577,1.5388,90000
2000-11-20,1.4823,1.4935,1.4823,1.4935,24500
2000-11-21,1.4482,1.4709,1.4482,1.4482,42300
2000-11-22,1.4482,1.5614,1.4482,1.5614,24701
2000-11-24,1.5728,1.5840,1.5728,1.5840,8300
2000-11-27,1.4935,1.5388,1.4935,1.5388,32400
2000-11-28,1.5161,1.5388,1.2672,1.2672,248600
2000-11-29,1.3013,1.4482,1.3013,1.4454,36200
2000-11-30,1.4030,1.4482,1.4030,1.4482,15300
2000-12-01,1.4312,1.4709,1.3804,1.4482,30101
2000-12-04,1.4482,1.5473,1.4482,1.5388,162601
2000-12-05,1.4879,1.6293,1.4823,1.6293,46501
2000-12-06,1.5925,1.6293,1.5670,1.5728,8100
2000-12-07,1.5558,1.6859,1.5558,1.6859,64301
2000-12-08,1.7198,1.8791,1.7198,1.8103,123300
2000-12-11,1.8103,1.8212,1.7254,1.8212,110000
2000-12-12,1.7906,1.8103,1.7877,1.7877,48800
2000-12-13,1.7877,1.7877,1.7198,1.7312,13700
2000-12-14,1.7198,1.7877,1.7198,1.7877,9401
2000-12-15,1.7821,1.8047,1.7821,1.7877,42500
2000-12-18,1.7312,1.7312,1.6067,1.7198,21800
2000-12-19,1.6067,1.7254,1.6067,1.6293,28800
2000-12-20,1.6067,1.6067,1.4482,1.4482,17501
2000-12-21,1.4482,1.5161,1.4482,1.5161,25801
2000-12-22,1.5529,1.6067,1.5332,1.6067,14801
2000-12-26,1.6745,1.6981,1.6057,1.6057,13700
2000-12-27,1.6293,1.6293,1.5840,1.6293,7801
2000-12-28,1.6689,1.6745,1.6067,1.6745,28100
2000-12-29,1.6519,1.7198,1.5840,1.6407,40500
2001-01-02,1.5840,1.6716,1.5728,1.5728,15701
2001-01-03,1.6633,1.7198,1.6519,1.7198,52200
2001-01-04,1.6859,2.3534,1.6859,2.2737,228101
2001-01-05,2.0511,2.0601,1.8556,1.9008,60001
2001-01-08,1.9316,1.9316,1.8447,1.8900,17501
2001-01-09,1.7651,1.8103,1.7424,1.7424,33300
2001-01-10,1.7424,1.8103,1.7424,1.8103,8300
2001-01-11,1.7453,1.8972,1.7424,1.8338,16801
2001-01-12,1.8212,1.8556,1.8103,1.8556,16601
2001-01-16,1.7651,1.8338,1.7424,1.8103,17300
2001-01-17,1.8447,1.8791,1.7086,1.8791,17501
2001-01-18,1.8664,1.8664,1.7538,1.8103,23801
2001-01-19,1.7651,1.8047,1.6519,1.6859,6500
2001-01-22,1.6633,1.8103,1.6633,1.8103,14101
2001-01-23,1.8047,1.8103,1.7877,1.8103,18601
2001-01-24,1.7424,1.7991,1.7198,1.7651,4700
2001-01-25,1.7991,1.8047,1.7086,1.7086,3301
2001-01-26,1.7538,1.7538,1.7538,1.7538,601
2001-01-29,1.7610,1.8121,1.7610,1.7837,8300
2001-01-30,1.8177,1.8177,1.7268,1.7268,6300
2001-01-31,1.7950,1.8177,1.7041,1.7610,15300
2001-02-01,1.7041,1.7268,1.6870,1.6955,4901
2001-02-02,1.7041,1.7610,1.6814,1.6814,7200
2001-02-05,1.6870,1.7041,1.6132,1.6132,10501
2001-02-06,1.6161,1.6814,1.6132,1.6814,10800
2001-02-07,1.7041,1.7155,1.6870,1.6928,7400
2001-02-08,1.7268,1.7268,1.6247,1.6359,4201
2001-02-09,1.6359,1.6359,1.6247,1.6303,28301
2001-02-12,1.6359,1.6814,1.6359,1.6814,17300
2001-02-13,1.6814,1.7268,1.4542,1.4825,59400
2001-02-14,1.5905,1.7495,1.5450,1.7268,46100
2001-02-15,1.7495,1.7722,1.7155,1.7610,15701
2001-02-16,1.7581,1.7950,1.7581,1.7610,31500
2001-02-20,1.7950,1.8064,1.7722,1.7950,26701
2001-02-21,1.7722,1.7950,1.7722,1.7722,8501
2001-02-22,1.7610,1.7722,1.6928,1.7041,28501
2001-02-23,1.6814,1.7722,1.6586,1.7610,24701
2001-02-26,1.7722,1.7722,1.6928,1.6928,5101
2001-02-27,1.6701,1.6701,1.6701,1.6701,1100
2001-02-28,1.7097,1.7097,1.5961,1.6474,56900
2001-03-01,1.5961,1.6530,1.5961,1.6530,7200
2001-03-02,1.5905,1.6928,1.5905,1.6928,4901
2001-03-05,1.7041,1.7779,1.6928,1.6928,31500
2001-03-06,1.7893,1.7950,1.7041,1.7041,18200
2001-03-07,1.7041,1.7950,1.7041,1.7041,37501
2001-03-08,1.7495,1.7495,1.6870,1.7268,12800
2001-03-09,1.7268,1.7383,1.6701,1.6814,17501
2001-03-12,1.6814,1.7552,1.6474,1.6474,11401
2001-03-13,1.6359,1.7722,1.6359,1.7722,28100
2001-03-14,1.7722,1.7950,1.7268,1.7268,16400
2001-03-15,1.7041,1.7722,1.7041,1.7155,70601
2001-03-16,1.7268,1.7268,1.6586,1.6928,46301
2001-03-19,1.6586,1.7383,1.6586,1.7383,12101
2001-03-20,1.7610,1.7722,1.6586,1.6814,6901
2001-03-21,1.6814,1.6955,1.6247,1.6247,8701
2001-03-22,1.6247,1.6359,1.5905,1.6359,43400
2001-03-23,1.6247,1.7268,1.6247,1.7268,6701
2001-03-26,1.7268,1.7268,1.6984,1.7268,3101
2001-03-27,1.6928,1.7722,1.6928,1.7495,12101
2001-03-28,1.7495,1.7722,1.6814,1.6814,12301
2001-03-29,1.7722,1.7950,1.7722,1.7950,2900
2001-03-30,1.6814,1.7950,1.6359,1.7950,73501
2001-04-02,1.7495,1.8177,1.7495,1.8177,30800
2001-04-03,1.6586,1.7950,1.6586,1.7268,105001
2001-04-04,1.7268,1.7722,1.6359,1.7722,35300
2001-04-05,1.7722,1.8177,1.6247,1.8177,43801
2001-04-06,1.7610,1.7722,1.6359,1.6359,22901
2001-04-09,1.6814,1.6814,1.6359,1.6541,7200
2001-04-10,1.7141,1.7268,1.6123,1.7050,6701
2001-04-11,1.6123,1.6814,1.6123,1.6359,35501
2001-04-12,1.6141,1.6141,1.6032,1.6032,1100
2001-04-16,1.6359,1.6814,1.6359,1.6814,13901
2001-04-17,1.6814,1.6814,1.6396,1.6814,6500
2001-04-18,1.6541,1.7268,1.6505,1.7068,13901
2001-04-19,1.6977,1.7504,1.6396,1.7504,6001
2001-04-20,1.7486,1.7486,1.6396,1.7141,10501
2001-04-23,1.6396,1.6759,1.6396,1.6432,30301
2001-04-24,1.6450,1.7268,1.6450,1.7268,11000
2001-04-25,1.6541,1.7995,1.6541,1.7995,37800
2001-04-26,1.7814,1.8234,1.7613,1.7613,37800
2001-04-27,1.8161,1.8252,1.6464,1.7486,45200
2001-04-30,1.6664,1.6975,1.6664,1.6719,20201
2001-05-01,1.7102,1.7102,1.6445,1.6518,46800
2001-05-02,1.6518,1.6719,1.6518,1.6610,16601
2001-05-03,1.6610,1.7212,1.6610,1.7212,22500
2001-05-04,1.7321,1.7668,1.7321,1.7340,17701
2001-05-07,1.7340,1.7900,1.7248,1.7248,16200
2001-05-08,1.7340,1.7340,1.7340,1.7340,2401
2001-05-09,1.7778,1.7778,1.7778,1.7778,2401
2001-05-10,1.7340,1.7340,1.6902,1.7102,6500
2001-05-11,1.7084,1.7194,1.7084,1.7194,6701
2001-05-14,1.7321,1.7394,1.7321,1.7376,18200
2001-05-15,1.7778,1.8252,1.7778,1.8161,38700
2001-05-16,1.8161,1.8709,1.8070,1.8234,30301
2001-05-17,1.8161,1.8417,1.8161,1.8252,46800
2001-05-18,1.8070,1.9165,1.7632,1.8763,61801
2001-05-21,1.9128,1.9822,1.8380,1.9822,242701
2001-05-22,1.9347,2.0534,1.9347,2.0260,51001
2001-05-23,2.0187,2.0534,2.0023,2.0534,29000
2001-05-24,2.0534,2.0716,2.0479,2.0662,58500
2001-05-25,2.0662,2.0990,1.9621,1.9895,23600
2001-05-29,1.9603,2.0077,1.9110,1.9110,13901
2001-05-30,1.8982,1.9530,1.8453,1.8490,34200
2001-05-31,1.8380,1.9165,1.6883,1.7303,19800
2001-06-01,1.9037,1.9037,1.7449,1.8051,5801
2001-06-04,1.7887,1.8800,1.7887,1.7997,12600
2001-06-05,1.7066,1.8672,1.7066,1.7613,11201
2001-06-06,1.8982,1.9165,1.7723,1.7723,3800
2001-06-07,1.7814,1.9347,1.7814,1.9165,9401
2001-06-08,1.9347,1.9347,1.7978,1.7997,7200
2001-06-11,1.9147,1.9147,1.8453,1.9019,24500
2001-06-12,1.8617,1.9147,1.8380,1.8636,27601
2001-06-13,1.8344,1.9147,1.8344,1.8690,19301
2001-06-14,1.8636,1.9165,1.8636,1.8800,6300
2001-06-15,1.8270,1.9165,1.8270,1.8855,62100
2001-06-18,1.8344,1.8928,1.8344,1.8928,1800
2001-06-19,1.8800,1.8800,1.8344,1.8490,15001
2001-06-20,1.8617,1.8782,1.8344,1.8763,10501
2001-06-21,1.8891,1.8891,1.8435,1.8435,19301
2001-06-22,1.8435,1.8763,1.8270,1.8270,22901
2001-06-25,1.8307,1.8654,1.8234,1.8307,37501
2001-06-26,1.8289,1.8599,1.8252,1.8344,42701
2001-06-27,1.8325,1.8417,1.8307,1.8344,16400
2001-06-28,1.8344,1.8636,1.8270,1.8526,63000
2001-06-29,1.8526,1.9420,1.8252,1.9165,55301
2001-07-02,1.9147,2.0169,1.9147,2.0077,70400
2001-07-03,1.9183,1.9968,1.9165,1.9165,5600
2001-07-05,1.9895,1.9895,1.8252,1.8672,10501
2001-07-06,1.8982,1.8982,1.8124,1.8946,15001
2001-07-09,1.7887,1.8435,1.7887,1.8435,11000
2001-07-10,1.8070,1.8508,1.7978,1.7978,15500
2001-07-11,1.7978,1.8526,1.7978,1.8435,11700
2001-07-12,1.8435,1.8435,1.7942,1.8143,14600
2001-07-13,1.8143,1.8143,1.7978,1.7978,6901
2001-07-16,1.8143,1.8508,1.8088,1.8508,6701
2001-07-17,1.8490,1.8526,1.8088,1.8380,19501
2001-07-18,1.8088,1.8490,1.8088,1.8252,7801
2001-07-19,1.8252,1.8490,1.8252,1.8270,7200
2001-07-20,1.8197,1.8417,1.7978,1.8417,32600
2001-07-23,1.8417,1.8417,1.7887,1.7978,18900
2001-07-24,1.8252,1.8252,1.8070,1.8070,41600
2001-07-25,1.7814,1.8252,1.7705,1.8033,62100
2001-07-26,1.7796,1.8197,1.7796,1.7924,9200
2001-07-27,1.8354,1.9804,1.8354,1.9804,33901
2001-07-30,1.9547,1.9547,1.8170,1.8629,11700
2001-07-31,1.9583,1.9583,1.8354,1.8372,3800
2001-08-01,1.8354,1.9712,1.8354,1.9638,14101
2001-08-02,1.8501,1.8904,1.8482,1.8482,7400
2001-08-03,1.8354,1.8978,1.8097,1.8978,7601
2001-08-06,1.8078,1.8941,1.8005,1.8354,22001
2001-08-07,1.8262,1.8721,1.8262,1.8721,11700
2001-08-08,1.8721,1.8886,1.8354,1.8354,9000
2001-08-09,1.8354,1.9363,1.8042,1.9363,14600
2001-08-10,1.8262,1.9235,1.8042,1.8849,11900
2001-08-13,1.8849,1.9326,1.8023,1.9271,6001
2001-08-14,1.9363,1.9730,1.8666,1.8666,14801
2001-08-15,1.9510,1.9510,1.8446,1.9455,4001
2001-08-16,1.8446,1.9363,1.8446,1.9363,2201
2001-08-17,1.9363,2.0611,1.9363,2.0428,132901
2001-08-20,2.0189,2.2024,2.0189,2.1914,122600
2001-08-21,2.1859,2.2208,2.0795,2.0795,22001
2001-08-22,2.0740,2.1566,2.0740,2.1419,37100
2001-08-23,2.1419,2.1547,2.0905,2.1107,53300
2001-08-24,2.1107,2.1841,2.1107,2.1841,47000
2001-08-27,2.1933,2.1969,2.0942,2.1969,35501
2001-08-28,2.0978,2.1657,2.0978,2.1088,13500
2001-08-29,2.1657,2.1657,1.9822,1.9822,22700
2001-08-30,2.0189,2.0556,2.0134,2.0134,22700
2001-08-31,2.0648,2.0740,1.9492,2.0556,16601
2001-09-04,2.0556,2.0740,2.0097,2.0207,61601
2001-09-05,2.0116,2.0464,1.9932,2.0189,13500
2001-09-06,2.0097,2.0464,2.0097,2.0097,94901
2001-09-07,2.0116,2.0189,1.9492,2.0097,75800
2001-09-10,2.0024,2.0097,2.0006,2.0097,64800
2001-09-17,2.0006,2.1107,2.0006,2.0905,52200
2001-09-18,2.0648,2.1235,2.0263,2.0776,12101
2001-09-19,2.0831,2.0831,1.9914,2.0556,20700
2001-09-20,2.0795,2.0795,1.9822,2.0391,34200
2001-09-21,2.0097,2.0097,1.9143,1.9180,50101
2001-09-24,1.9914,2.0097,1.9180,1.9216,11900
2001-09-25,1.9657,2.0097,1.8537,1.8537,49500
2001-09-26,1.9657,1.9969,1.8537,1.8996,60901
2001-09-27,1.9271,1.9730,1.9235,1.9730,48600
2001-09-28,1.9730,2.0097,1.8372,1.8372,115400
2001-10-01,1.8758,1.8904,1.8264,1.8464,28501
2001-10-02,1.8556,1.8794,1.8354,1.8794,3600
2001-10-03,1.8813,1.8813,1.8464,1.8813,2900
2001-10-04,2.0042,2.0042,1.8574,2.0042,32101
2001-10-05,2.0097,2.0097,1.9400,2.0097,29201
2001-10-08,1.9785,1.9785,1.9088,1.9785,3101
2001-10-09,1.9620,1.9804,1.8354,1.8354,25601
2001-10-10,1.9088,1.9088,1.7803,1.7803,17501
2001-10-11,1.7922,1.8354,1.7895,1.8189,17100
2001-10-12,1.8097,1.8978,1.8097,1.8978,4500
2001-10-15,1.8354,1.8904,1.7803,1.7895,38700
2001-10-16,1.7895,1.8537,1.7895,1.8335,11900
2001-10-17,1.8354,1.8537,1.7950,1.7950,42001
2001-10-18,1.8060,1.8170,1.7803,1.7858,21101
2001-10-19,1.7803,1.8078,1.7803,1.7858,8300
2001-10-22,1.8262,1.8446,1.7900,1.8078,12301
2001-10-23,1.8115,1.8170,1.8005,1.8170,26100
2001-10-24,1.8170,1.8262,1.7877,1.7877,8701
2001-10-25,1.7877,1.8170,1.7840,1.8170,69001
2001-10-26,1.8170,1.8170,1.7913,1.8170,36900
2001-10-29,1.8189,1.8281,1.8189,1.8189,7801
2001-10-30,1.8281,1.8281,1.8004,1.8004,6500
2001-10-31,1.8281,1.8281,1.8041,1.8189,31901
2001-11-01,1.8281,1.8466,1.8207,1.8466,37100
2001-11-02,1.8464,1.8835,1.8464,1.8835,10100
2001-11-05,1.8484,2.0035,1.8466,2.0017,55100
2001-11-06,1.9463,2.0017,1.8946,1.9573,11000
2001-11-07,1.9758,1.9758,1.9315,1.9315,4201
2001-11-08,1.9204,1.9537,1.8650,1.9537,15300
2001-11-09,1.9740,1.9740,1.8946,1.9075,4901
2001-11-12,1.9850,2.0220,1.9758,1.9758,1800
2001-11-13,1.9850,1.9943,1.9296,1.9481,20401
2001-11-14,1.9943,1.9943,1.9943,1.9943,1100
2001-11-15,1.9241,2.0035,1.9204,1.9204,18601
2001-11-16,2.0035,2.0220,1.9758,1.9758,88200
2001-11-19,2.0220,2.0220,1.8502,2.0220,39301
2001-11-20,1.9426,1.9943,1.9204,1.9850,13500
2001-11-21,1.9943,1.9943,1.8521,1.9112,9000
2001-11-23,1.9943,1.9943,1.9315,1.9315,2000
2001-11-26,1.9943,2.1420,1.8650,2.0774,147101
2001-11-27,2.0035,2.0404,1.9481,2.0312,32101
2001-11-28,2.0294,2.0294,1.9481,1.9777,21101
2001-11-29,1.9943,2.0312,1.9814,2.0312,19501
2001-11-30,2.0220,2.0497,1.9943,1.9943,40901
2001-12-03,1.9943,1.9943,1.9481,1.9666,15001
2001-12-04,1.9666,1.9943,1.9666,1.9943,4201
2001-12-05,1.9943,2.0312,1.9740,1.9777,13901
2001-12-06,2.0054,2.0054,1.9666,2.0054,13201
2001-12-07,1.9573,2.0054,1.9573,2.0054,5400
2001-12-10,1.9573,1.9573,1.9389,1.9518,15701
2001-12-11,1.9758,2.0220,1.9573,2.0220,10100
2001-12-12,2.0220,2.0294,2.0220,2.0294,3301
2001-12-13,1.9703,2.0312,1.9703,2.0294,20000
2001-12-14,2.0035,2.0275,1.9850,2.0275,20401
2001-12-17,2.0275,2.0681,1.9998,2.0589,10100
2001-12-18,1.9758,2.0681,1.9758,2.0349,36401
2001-12-19,2.0589,2.0681,2.0035,2.0220,17300
2001-12-20,2.0035,2.0903,2.0035,2.0903,15500
2001-12-21,2.0035,2.0866,2.0035,2.0737,112901
2001-12-24,2.0737,2.0866,2.0589,2.0866,2900
2001-12-26,2.0866,2.1697,2.0423,2.1697,19501
2001-12-27,2.1752,2.2048,2.1180,2.1900,13700
2001-12-28,2.1235,2.1974,2.1235,2.1974,15701
2001-12-31,2.1531,2.1956,2.1125,2.1125,12600
2002-01-02,2.1789,2.1789,2.0663,2.1106,17300
2002-01-03,2.1697,2.1697,2.1051,2.1605,19301
2002-01-04,2.1605,2.2251,2.1605,2.2066,62100
2002-01-07,2.2048,2.2048,2.0958,2.0958,11000
2002-01-08,2.1069,2.1420,2.0958,2.1420,13201
2002-01-09,2.0866,2.1937,2.0755,2.0755,9601
2002-01-10,2.0681,2.0792,2.0681,2.0792,30800
2002-01-11,2.0497,2.0866,2.0497,2.0589,9200
2002-01-14,2.0829,2.0829,2.0275,2.0404,40201
2002-01-15,2.0497,2.0774,2.0478,2.0497,31001
2002-01-16,2.0589,2.0995,2.0312,2.0681,12301
2002-01-17,2.0958,2.1235,2.0958,2.1235,7200
2002-01-18,2.1143,2.1235,2.0312,2.0312,21301
2002-01-22,2.0681,2.0940,2.0404,2.0404,6901
2002-01-23,2.0571,2.0571,2.0312,2.0534,19800
2002-01-24,2.0386,2.0737,2.0386,2.0737,13500
2002-01-25,2.0534,2.0663,2.0478,2.0534,39800
2002-01-28,2.0644,2.0903,2.0534,2.0903,13500
2002-01-29,2.1015,2.1108,2.0700,2.0700,33701
2002-01-30,2.0718,2.1387,2.0681,2.1331,50400
2002-01-31,2.0718,2.1535,2.0718,2.1331,24901
2002-02-01,2.1814,2.1814,2.1183,2.1628,41801
2002-02-04,2.1628,2.2037,2.1628,2.1739,23101
2002-02-05,2.2037,2.2037,2.1702,2.1888,24701
2002-02-06,2.1795,2.1795,2.1628,2.1628,34801
2002-02-07,2.1721,2.2185,2.1535,2.1999,38900
2002-02-08,2.2018,2.2315,2.1777,2.2222,39301
2002-02-11,2.1777,2.2278,2.1777,2.2278,39301
2002-02-12,2.2222,2.2649,2.2166,2.2631,34601
2002-02-13,2.1925,2.2612,2.1925,2.2612,44701
2002-02-14,2.2055,2.2575,2.1814,2.1851,10800
2002-02-15,2.1869,2.2055,2.1628,2.2055,29700
2002-02-19,2.1739,2.2278,2.1628,2.2055,17501
2002-02-20,2.2389,2.2389,2.1795,2.2389,31001
2002-02-21,2.1721,2.2278,2.1721,2.2092,23400
2002-02-22,2.1999,2.2278,2.1925,2.2278,16801
2002-02-25,2.2259,2.2259,2.1739,2.1814,9200
2002-02-26,2.2018,2.2426,2.2018,2.2352,16200
2002-02-27,2.2296,2.2426,2.2278,2.2278,13001
2002-02-28,2.2426,2.2445,2.1907,2.1907,11700
2002-03-01,2.1907,2.2426,2.1721,2.2389,16801
2002-03-04,2.1814,2.2074,2.1814,2.1962,88801
2002-03-05,2.2278,2.2723,2.2018,2.2389,35100
2002-03-06,2.2092,2.2723,2.1814,2.2092,30600
2002-03-07,2.2278,2.2278,2.1907,2.2241,7801
2002-03-08,2.2148,2.2166,2.1814,2.2055,9000
2002-03-11,2.1591,2.1999,2.1572,2.1721,21101
2002-03-12,2.1777,2.1832,2.1665,2.1665,11900
2002-03-13,2.1721,2.1981,2.1721,2.1721,5600
2002-03-14,2.2278,2.2278,2.1684,2.2185,8300
2002-03-15,2.1925,2.2686,2.1907,2.2315,71300
2002-03-18,2.2556,2.2686,2.2315,2.2686,15701
2002-03-19,2.2352,2.3058,2.2352,2.2686,20000
2002-03-20,2.2779,2.3615,2.2408,2.3615,20700
2002-03-21,2.3485,2.3763,2.2965,2.3485,56900
2002-03-22,2.3522,2.3522,2.3020,2.3020,32600
2002-03-25,2.3503,2.3503,2.2352,2.2556,37301
2002-03-26,2.1999,2.2649,2.1814,2.2649,36601
2002-03-27,2.2909,2.2909,2.2556,2.2556,3101
2002-03-28,2.2742,2.2742,2.1907,2.1999,32400
2002-04-01,2.2092,2.2389,2.1907,2.2371,24901
2002-04-02,2.2241,2.2742,2.2222,2.2556,9401
2002-04-03,2.2742,2.2742,2.2185,2.2185,27401
2002-04-04,2.2352,2.2352,2.1962,2.2278,14400
2002-04-05,2.2501,2.4654,2.2185,2.4320,99401
2002-04-08,2.4134,2.4821,2.4134,2.4766,45401
2002-04-09,2.4877,2.5248,2.4598,2.5230,12600
2002-04-10,2.5081,2.5137,2.3392,2.3392,60500
2002-04-11,2.4264,2.4264,2.3670,2.3670,24901
2002-04-12,2.3540,2.4691,2.2445,2.4691,97400
2002-04-15,2.4506,2.4598,2.3707,2.3763,24701
2002-04-16,2.3837,2.4691,2.3670,2.4598,42701
2002-04-17,2.4506,2.4728,2.3949,2.4673,10501
2002-04-18,2.4673,2.4673,2.3949,2.3949,11201
2002-04-19,2.4673,2.4673,2.3763,2.3763,6901
2002-04-22,2.3856,2.4320,2.3819,2.4320,17701
2002-04-23,2.4042,2.4728,2.4042,2.4728,57800
2002-04-24,2.4431,2.4951,2.4431,2.4598,12600
2002-04-25,2.4487,2.4896,2.4264,2.4821,13500
2002-04-26,2.4432,2.4525,2.4394,2.4394,11401
2002-04-29,2.4450,2.4618,2.4432,2.4618,12600
2002-04-30,2.4581,2.5010,2.4525,2.4805,38201
2002-05-01,2.4879,2.5980,2.4432,2.5980,67901
2002-05-02,2.5980,2.6091,2.5607,2.5774,23400
2002-05-03,2.5588,2.6446,2.5588,2.6446,33001
2002-05-06,2.6129,2.6297,2.5924,2.6185,28100
2002-05-07,2.5905,2.6558,2.5905,2.6446,78901
2002-05-08,2.6166,2.7043,2.6091,2.7043,61400
2002-05-09,2.6726,2.7043,2.6558,2.6595,28800
2002-05-10,2.6520,2.7043,2.6483,2.6483,31201
2002-05-13,2.6520,2.6968,2.6520,2.6651,33701
2002-05-14,2.6576,2.7080,2.6520,2.6893,30101
2002-05-15,2.7099,2.7099,2.6875,2.6893,23801
2002-05-16,2.7043,2.7043,2.6875,2.7043,21800
2002-05-17,2.7043,2.7043,2.6763,2.7043,38700
2002-05-20,2.6763,2.7416,2.6763,2.7173,66101
2002-05-21,2.7621,2.7863,2.7080,2.7080,42901
2002-05-22,2.6987,2.7043,2.6893,2.7024,33001
2002-05-23,2.6987,2.7509,2.6912,2.7322,24701
2002-05-24,2.6893,2.7285,2.6837,2.6875,14801
2002-05-28,2.7397,2.7397,2.6781,2.7154,29201
2002-05-29,2.6819,2.7416,2.6800,2.7061,33901
2002-05-30,2.6949,2.7546,2.6949,2.7472,57600
2002-05-31,2.7043,2.7416,2.6875,2.7210,40901
2002-06-03,2.7210,2.7509,2.6781,2.6781,35100
2002-06-04,2.6987,2.7043,2.6502,2.7043,11201
2002-06-05,2.6614,2.7322,2.6502,2.6502,25200
2002-06-06,2.6763,2.6763,2.6166,2.6166,30600
2002-06-07,2.6185,2.6670,2.5961,2.6670,36000
2002-06-10,2.6539,2.6856,2.5849,2.6688,26701
2002-06-11,2.7099,2.7322,2.6819,2.7322,12800
2002-06-12,2.7043,2.7509,2.6334,2.6781,27601
2002-06-13,2.6763,2.6931,2.4376,2.4469,30301
2002-06-14,2.4432,2.7416,2.4432,2.7322,74000
2002-06-17,2.7789,2.7882,2.7173,2.7509,29900
2002-06-18,2.7770,2.7770,2.7154,2.7154,8501
2002-06-19,2.6576,2.7677,2.4749,2.5103,56000
2002-06-20,2.6185,2.6875,2.5625,2.5774,31500
2002-06-21,2.6297,2.6520,2.5849,2.6520,64501
2002-06-24,2.5644,2.6781,2.5178,2.5178,23400
2002-06-25,2.6073,2.6707,2.5178,2.5961,24701
2002-06-26,2.5924,2.7565,2.5532,2.6837,38900
2002-06-27,2.7136,2.7136,2.4916,2.6390,34400
2002-06-28,2.5215,2.6520,2.4525,2.4637,365600
2002-07-01,2.5178,2.5252,2.4245,2.4264,74201
2002-07-02,2.4394,2.4450,2.3872,2.4059,38900
2002-07-03,2.4245,2.4432,2.3201,2.4170,53501
2002-07-05,2.4301,2.4842,2.3872,2.4711,3800
2002-07-08,2.4543,2.5924,2.3984,2.4618,31001
2002-07-09,2.4618,2.5476,2.4059,2.5476,35100
2002-07-10,2.4525,2.4618,2.3201,2.4152,47900
2002-07-11,2.3723,2.4133,2.3294,2.3704,14801
2002-07-12,2.4152,2.4282,2.3518,2.3555,21101
2002-07-15,2.3145,2.3891,2.2940,2.2940,56000
2002-07-16,2.3630,2.3797,2.2940,2.3313,40500
2002-07-17,2.4096,2.4096,2.3257,2.3555,24001
2002-07-18,2.3630,2.3630,2.2231,2.2231,31700
2002-07-19,2.2007,2.2175,2.0702,2.0702,36601
2002-07-22,2.1615,2.1914,2.0832,2.1914,19501
2002-07-23,2.1429,2.1429,1.8743,1.9396,55800
2002-07-24,1.9247,2.0067,1.8613,2.0067,76001
2002-07-25,2.0012,2.2940,2.0012,2.2380,46800
2002-07-26,2.0888,2.4264,2.0888,2.4264,28301
2002-07-29,2.4390,2.6247,2.3940,2.5140,26701
2002-07-30,2.5159,2.5422,2.4202,2.4709,15300
2002-07-31,2.5140,2.5309,2.2851,2.2851,48301
2002-08-01,2.3058,2.3452,2.2026,2.2514,23801
2002-08-02,2.2514,2.2514,2.1426,2.1426,38700
2002-08-05,2.2495,2.4840,2.1426,2.3208,33500
2002-08-06,2.4371,2.4390,2.3527,2.4371,22001
2002-08-07,2.3639,2.5215,2.3639,2.5159,23600
2002-08-08,2.4990,2.5328,2.4690,2.5328,21101
2002-08-09,2.5422,2.6960,2.5328,2.6923,58500
2002-08-12,2.6266,2.6266,2.4784,2.4784,10800
2002-08-13,2.5272,2.5272,2.2795,2.3639,56401
2002-08-14,2.3639,2.6078,2.2983,2.6060,24001
2002-08-15,2.5778,2.5778,2.3752,2.4108,7601
2002-08-16,2.4559,2.6454,2.4465,2.5328,44701
2002-08-19,2.5328,2.5328,2.4953,2.5028,44300
2002-08-20,2.4484,2.5459,2.4465,2.4953,36900
2002-08-21,2.5328,2.5516,2.4953,2.5328,11000
2002-08-22,2.5328,2.5891,2.5140,2.5891,4700
2002-08-23,2.4990,2.5910,2.4953,2.4971,37100
2002-08-26,2.5872,2.7035,2.4971,2.6716,31201
2002-08-27,2.5347,2.5347,2.4390,2.4390,13201
2002-08-28,2.5309,2.6041,2.3921,2.3921,27000
2002-08-29,2.3977,2.4465,2.3733,2.4352,25200
2002-08-30,2.4202,2.5478,2.3452,2.3452,19100
2002-09-03,2.3471,2.3639,2.2514,2.2514,21301
2002-09-04,2.2514,2.4465,2.2514,2.4409,11401
2002-09-05,2.3471,2.5328,2.3452,2.5328,63401
2002-09-06,2.5309,2.5797,2.4390,2.5497,28301
2002-09-09,2.4577,2.5872,2.4577,2.5872,8100
2002-09-10,2.5872,2.5872,2.3733,2.5328,29700
2002-09-11,2.4202,2.4878,2.3827,2.4728,24500
2002-09-12,2.4671,2.4671,2.4052,2.4108,11900
2002-09-13,2.4052,2.5703,2.3921,2.5703,12600
2002-09-16,2.5703,2.5891,2.5422,2.5497,14101
2002-09-17,2.5966,2.5966,2.5009,2.5140,14101
2002-09-18,2.4765,2.4859,2.4202,2.4296,23400
2002-09-19,2.4221,2.5028,2.3452,2.3452,18900
2002-09-20,2.2514,2.4108,2.2345,2.3771,89501
2002-09-23,2.2983,2.3358,2.2983,2.3077,31201
2002-09-24,2.2983,2.3339,2.2983,2.3039,12800
2002-09-25,2.3208,2.4240,2.3077,2.4240,22001
2002-09-26,2.3208,2.5797,2.3077,2.4953,33001
2002-09-27,2.4765,2.5722,2.4090,2.4090,32101
2002-09-30,2.4090,2.4108,2.3208,2.3883,20000
2002-10-01,2.4371,2.6266,2.3564,2.6266,57800
2002-10-02,2.5328,2.5516,2.4183,2.4427,23101
2002-10-03,2.5328,2.5384,2.4577,2.4840,13500
2002-10-04,2.5966,2.5985,2.4371,2.5253,14600
2002-10-07,2.5234,2.5234,2.4183,2.4240,8501
2002-10-08,2.4240,2.5816,2.3958,2.4465,39600
2002-10-09,2.4052,2.4127,2.2870,2.3320,27200
2002-10-10,2.3039,2.5272,2.2833,2.4221,23400
2002-10-11,2.4221,2.5328,2.4015,2.4202,41600
2002-10-14,2.4577,2.5084,2.4371,2.4953,5600
2002-10-15,2.4803,2.6266,2.4296,2.6078,36200
2002-10-16,2.4878,2.6041,2.4878,2.5891,58500
2002-10-17,2.4896,2.6454,2.4709,2.6454,44100
2002-10-18,2.6491,2.6735,2.5609,2.5703,20201
2002-10-21,2.4484,2.5966,2.4427,2.5891,16200
2002-10-22,2.4577,2.5722,2.4390,2.4709,9200
2002-10-23,2.5272,2.6641,2.4765,2.6641,13500
2002-10-24,2.6547,2.6660,2.5215,2.5215,13901
2002-10-25,2.6003,2.7091,2.6003,2.7016,20401
2002-10-28,2.6641,2.6866,2.5122,2.5309,41101
2002-10-29,2.6207,2.6641,2.5698,2.6641,11900
2002-10-30,2.6773,2.6868,2.6019,2.6792,17701
2002-10-31,2.6471,2.6868,2.5849,2.5849,18401
2002-11-01,2.6320,2.7358,2.6056,2.7358,34801
2002-11-04,2.7169,2.7849,2.6981,2.7849,39101
2002-11-05,2.7830,2.7849,2.6905,2.7849,10100
2002-11-06,2.7736,2.7868,2.5943,2.7358,65900
2002-11-07,2.7377,2.7377,2.6283,2.6641,22201
2002-11-08,2.6773,2.6886,2.6471,2.6603,9900
2002-11-11,2.6886,2.6886,2.5943,2.5943,15300
2002-11-12,2.6396,2.7113,2.6207,2.6679,30800
2002-11-13,2.6151,2.7924,2.6151,2.7811,28501
2002-11-14,2.7585,2.8019,2.6113,2.7868,29401
2002-11-15,2.8113,2.8302,2.6151,2.7641,57800
2002-11-18,2.8113,2.8113,2.6792,2.7094,41101
2002-11-19,2.7717,2.7830,2.7207,2.7453,49001
2002-11-20,2.7641,2.8056,2.7169,2.8056,31001
2002-11-21,2.7905,2.8302,2.7736,2.8302,24500
2002-11-22,2.7358,2.8188,2.7358,2.8075,33701
2002-11-25,2.8094,2.8302,2.7830,2.8264,33300
2002-11-26,2.8302,2.8302,2.7000,2.8188,74201
2002-11-27,2.6981,2.9811,2.6981,2.9396,85901
2002-11-29,2.9245,2.9452,2.8415,2.8754,14600
2002-12-02,2.9396,2.9396,2.6019,2.6754,100301
2002-12-03,2.7264,2.7264,2.6396,2.6547,32400
2002-12-04,2.6717,2.7264,2.6000,2.6603,58201
2002-12-05,2.7358,2.7453,2.6094,2.6943,8100
2002-12-06,2.6283,2.7566,2.6245,2.6622,24001
2002-12-09,2.6585,2.6830,2.6037,2.6830,17100
2002-12-10,2.7717,2.7717,2.6037,2.6339,112001
2002-12-11,2.7188,2.7226,2.6283,2.6490,19301
2002-12-12,2.6509,2.7320,2.6434,2.7302,76001
2002-12-13,2.6415,2.7056,2.6037,2.6339,9000
2002-12-16,2.6320,2.6868,2.6037,2.6320,62100
2002-12-17,2.6320,2.6320,2.6019,2.6019,6300
2002-12-18,2.6056,2.6509,2.6037,2.6113,26701
2002-12-19,2.6905,2.6905,2.6151,2.6415,28301
2002-12-20,2.6415,2.7453,2.5849,2.5943,91800
2002-12-23,2.6415,2.6792,2.5283,2.6792,52400
2002-12-24,2.6245,2.6792,2.6245,2.6603,10800
2002-12-26,2.6151,2.6566,2.6151,2.6566,7400
2002-12-27,2.7358,2.7358,2.5056,2.5245,18900
2002-12-30,2.5075,2.8302,2.5000,2.7981,89100
2002-12-31,2.8037,2.8151,2.7528,2.7905,60500
2003-01-02,2.7207,2.7754,2.6566,2.7603,20900
2003-01-03,2.7188,2.7302,2.6754,2.6962,16601
2003-01-06,2.7169,2.7358,2.6717,2.7358,27601
2003-01-07,2.7339,2.7339,2.5566,2.6962,33500
2003-01-08,2.7000,2.7000,2.5943,2.6339,26100
2003-01-09,2.6981,2.7283,2.6113,2.7264,26701
2003-01-10,2.6943,2.8019,2.6226,2.7754,49901
2003-01-13,2.7320,2.7792,2.6509,2.7603,31001
2003-01-14,2.7396,2.7886,2.7396,2.7849,20201
2003-01-15,2.8113,2.8113,2.7679,2.8113,41600
2003-01-16,2.8188,2.8490,2.7736,2.7736,23400
2003-01-17,2.7792,2.8283,2.7169,2.7830,29201
2003-01-21,2.8320,2.8754,2.7717,2.8698,33001
2003-01-22,2.8547,2.8603,2.7453,2.7849,31700
2003-01-23,2.8075,2.8773,2.7358,2.8641,35100
2003-01-24,2.8075,2.8490,2.7509,2.8302,38000
2003-01-27,2.8396,3.0151,2.8358,2.9547,120800
2003-01-28,2.9302,2.9471,2.8736,2.9113,46301
2003-01-29,2.9208,2.9379,2.8639,2.9019,40001
2003-01-30,2.8658,2.8753,2.8639,2.8639,25200
2003-01-31,2.8450,2.9322,2.8450,2.8791,51901
2003-02-03,2.8810,2.8829,2.8450,2.8639,119000
2003-02-04,2.8469,2.8829,2.8469,2.8829,19100
2003-02-05,2.8677,2.8829,2.8525,2.8544,16200
2003-02-06,2.8544,2.8829,2.8450,2.8450,41101
2003-02-07,2.8582,2.8582,2.8184,2.8450,37800
2003-02-10,2.8450,2.8658,2.8450,2.8544,25801
2003-02-11,2.8677,2.8924,2.8450,2.8924,54000
2003-02-12,2.8469,2.8620,2.8450,2.8450,28100
2003-02-13,2.8469,2.8905,2.8450,2.8886,27900
2003-02-14,2.8924,2.9398,2.8582,2.9379,32801
2003-02-18,2.9019,2.9398,2.9019,2.9398,15901
2003-02-19,2.9189,2.9265,2.8450,2.8450,104101
2003-02-20,2.8582,2.8715,2.8469,2.8544,4901
2003-02-21,2.8829,2.9170,2.8525,2.9170,11000
2003-02-24,2.8943,2.8943,2.8544,2.8677,20700
2003-02-25,2.8829,2.9569,2.8696,2.9550,85001
2003-02-26,2.8829,2.9550,2.8829,2.9531,26100
2003-02-27,2.9000,2.9512,2.8677,2.9512,23101
2003-02-28,2.9227,2.9379,2.8715,2.8715,18900
2003-03-03,2.8677,2.9588,2.8677,2.9000,74900
2003-03-04,2.8772,2.8848,2.8639,2.8639,18601
2003-03-05,2.9588,2.9588,2.8715,2.9341,58201
2003-03-06,2.8772,2.9322,2.8772,2.9151,6001
2003-03-07,2.8810,2.9588,2.8810,2.9474,12800
2003-03-10,2.9000,2.9569,2.8829,2.9303,27900
2003-03-11,2.9151,2.9284,2.8924,2.9265,6500
2003-03-12,2.8848,2.9588,2.8829,2.9493,47401
2003-03-13,2.9588,3.0403,2.9493,3.0403,57101
2003-03-14,3.0707,3.0877,2.9967,2.9967,58901
2003-03-17,3.0536,3.0820,2.9569,2.9758,101900
2003-03-18,2.9493,2.9569,2.9398,2.9569,81401
2003-03-19,2.9569,3.0062,2.9398,3.0043,91100
2003-03-20,2.9588,3.0858,2.9569,3.0858,26100
2003-03-21,3.0991,3.1048,3.0327,3.0555,43601
2003-03-24,3.0327,3.0498,3.0100,3.0384,26100
2003-03-25,3.0517,3.1313,3.0517,3.1294,14600
2003-03-26,3.0612,3.1276,3.0574,3.0650,28501
2003-03-27,3.0593,3.1124,3.0593,3.1124,12301
2003-03-28,3.1257,3.1294,3.0650,3.0725,23101
2003-03-31,3.1276,3.1276,3.0650,3.0650,32400
2003-04-01,3.0650,3.1465,3.0650,3.1465,35300
2003-04-02,3.1257,3.2224,3.1257,3.1769,112901
2003-04-03,3.1863,3.2034,3.1351,3.1484,26100
2003-04-04,3.1579,3.1617,3.1332,3.1332,31500
2003-04-07,3.1579,3.1845,3.1200,3.1313,57101
2003-04-08,3.1313,3.1313,3.1086,3.1294,31901
2003-04-09,3.1389,3.1389,3.0877,3.0934,29900
2003-04-10,3.1086,3.1086,3.0346,3.0517,29401
2003-04-11,3.0536,3.0744,3.0346,3.0422,24300
2003-04-14,3.0346,3.2015,3.0346,3.1977,51701
2003-04-15,3.1219,3.1712,3.0631,3.1560,23101
2003-04-16,3.1863,3.1863,3.0669,3.1236,24300
2003-04-17,3.1484,3.1882,3.1124,3.1636,16601
2003-04-21,3.1086,3.1124,3.0707,3.1105,21600
2003-04-22,3.1086,3.1541,3.0688,3.1484,22500
2003-04-23,3.1105,3.1257,3.0725,3.1257,7200
2003-04-24,3.1105,3.1389,3.1105,3.1181,2900
2003-04-25,3.1219,3.1219,3.1086,3.1143,7200
2003-04-28,3.1543,3.1543,3.0686,3.1067,28301
2003-04-29,3.1238,3.1238,3.0724,3.0724,16801
2003-04-30,3.0590,3.1334,3.0495,3.1069,32101
2003-05-01,3.0953,3.1620,3.0686,3.1620,31201
2003-05-02,3.1448,3.2020,3.1429,3.1963,20201
2003-05-05,3.2001,3.2001,3.0800,3.1105,22201
2003-05-06,3.1162,3.1334,3.0933,3.1238,31001
2003-05-07,3.1334,3.1334,3.0762,3.0762,40700
2003-05-08,3.1334,3.1334,3.0514,3.0571,34200
2003-05-09,3.0876,3.1238,3.0495,3.0686,28800
2003-05-12,3.0514,3.0648,3.0019,3.0114,15001
2003-05-13,3.0476,3.0476,2.9923,3.0057,21600
2003-05-14,3.0114,3.1067,2.9942,3.0914,27900
2003-05-15,3.1067,3.1257,3.0724,3.1124,20401
2003-05-16,3.0972,3.1257,2.9733,2.9733,104600
2003-05-19,3.0495,3.0629,2.8875,2.9161,96701
2003-05-20,2.9371,3.0247,2.9350,2.9771,57301
2003-05-21,2.9542,3.0495,2.9542,3.0209,32600
2003-05-22,3.0297,3.0457,2.9409,3.0207,38700
2003-05-23,2.9466,2.9981,2.9256,2.9981,13700
2003-05-27,2.9313,3.0057,2.9256,2.9733,74201
2003-05-28,3.0000,3.0362,2.9676,3.0285,34400
2003-05-29,3.0362,3.0552,2.9599,2.9656,25400
2003-05-30,3.0476,3.0800,3.0438,3.0533,32600
2003-06-02,3.0457,3.0781,3.0114,3.0381,19100
2003-06-03,3.0305,3.0876,3.0305,3.0781,30301
2003-06-04,3.0876,3.1200,3.0762,3.0972,39800
2003-06-05,3.1257,3.1257,3.0686,3.0724,53100
2003-06-06,3.1048,3.1257,3.0438,3.0438,28501
2003-06-09,3.0343,3.0705,3.0343,3.0343,62701
2003-06-10,3.0876,3.0876,3.0516,3.0781,9401
2003-06-11,3.0609,3.0953,3.0609,3.0953,10100
2003-06-12,3.1162,3.1257,3.0838,3.1219,18000
2003-06-13,3.1238,3.1257,3.0705,3.0953,31700
2003-06-16,3.0495,3.1257,3.0495,3.1048,40500
2003-06-17,3.0495,3.1048,3.0495,3.0705,10800
2003-06-18,3.0705,3.1048,3.0590,3.0933,19301
2003-06-19,3.0457,3.0972,3.0457,3.0590,21600
2003-06-20,3.1010,3.1029,2.9639,3.0533,55301
2003-06-23,2.9904,3.0760,2.9847,3.0209,24300
2003-06-24,2.9904,3.0705,2.9904,3.0190,27200
2003-06-25,3.0724,3.0724,3.0114,3.0228,13201
2003-06-26,3.0457,3.0800,3.0133,3.0800,26501
2003-06-27,3.0762,3.0781,3.0019,3.0495,36000
2003-06-30,3.0495,3.0838,3.0343,3.0552,58901
2003-07-01,3.0457,3.0972,3.0019,3.0951,27200
2003-07-02,3.0305,3.1620,3.0305,3.1486,57600
2003-07-03,3.1467,3.1620,3.1467,3.1467,5600
2003-07-07,3.1677,3.1906,3.1315,3.1715,26501
2003-07-08,3.1925,3.2420,3.1581,3.2401,34601
2003-07-09,3.1886,3.3316,3.1886,3.2515,62100
2003-07-10,3.2268,3.2515,3.1581,3.1581,16601
2003-07-11,3.1885,3.2592,3.1885,3.2592,6500
2003-07-14,3.2592,3.2944,3.1829,3.2935,27000
2003-07-15,3.2630,3.3163,3.1410,3.2782,70801
2003-07-16,3.2525,3.2973,3.1658,3.2668,48800
2003-07-17,3.2601,3.2668,3.2172,3.2172,13700
2003-07-18,3.2344,3.2344,3.1658,3.1696,2201
2003-07-21,3.1639,3.1639,3.0514,3.0590,24300
2003-07-22,3.0991,3.1734,3.0972,3.1637,24901
2003-07-23,3.1486,3.2306,3.0991,3.2306,10800
2003-07-24,3.2382,3.2401,3.1946,3.1963,27200
2003-07-25,3.2344,3.2363,3.1906,3.2210,6701
2003-07-28,3.1543,3.2153,3.1448,3.1448,19100
2003-07-29,3.2118,3.2118,3.1639,3.1658,69500
2003-07-30,3.2003,3.2003,3.1639,3.1658,31201
2003-07-31,3.1389,3.1658,3.1389,3.1658,78300
2003-08-01,3.1658,3.2597,3.1639,3.1734,110401
2003-08-04,3.1734,3.2310,3.1543,3.1734,104101
2003-08-05,3.1639,3.1792,3.0718,3.1485,187200
2003-08-06,3.1408,3.1485,3.1389,3.1389,15500
2003-08-07,3.1428,3.1619,3.1428,3.1619,249901
2003-08-08,3.1581,3.1600,3.1504,3.1524,133200
2003-08-11,3.1504,3.1562,3.1504,3.1562,158600
2003-08-12,3.1504,3.1504,3.1082,3.1236,319500
2003-08-13,3.1178,3.1178,3.0948,3.1121,313400
2003-08-14,3.1140,3.1140,3.0967,3.1121,203101
2003-08-15,3.1082,3.1715,3.1006,3.1543,108200
2003-08-18,3.1293,3.2195,3.1293,3.1734,108200
2003-08-19,3.1734,3.1811,3.1545,3.1811,85700
2003-08-20,3.1830,3.1830,3.1581,3.1792,139700
2003-08-21,3.1696,3.1811,3.1562,3.1639,135000
2003-08-22,3.1485,3.1696,3.0967,3.1447,1553101
2003-08-25,3.1504,3.1543,3.1178,3.1447,1476601
2003-08-26,3.1351,3.1466,3.0795,3.1447,2970200
2003-08-27,3.1447,3.1830,3.1178,3.1773,1472101
2003-08-28,3.1888,3.2003,3.1658,3.1734,369401
2003-08-29,3.1869,3.1869,3.1600,3.1715,114001
2003-09-02,3.1658,3.1734,3.1543,3.1734,529400
2003-09-03,3.1734,3.2041,3.1658,3.1965,662801
2003-09-04,3.1965,3.2559,3.1945,3.2386,470201
2003-09-05,3.2214,3.2406,3.2195,3.2271,189900
2003-09-08,3.2406,3.2751,3.2214,3.2521,411701
2003-09-09,3.2597,3.2827,3.2425,3.2789,298100
2003-09-10,3.2597,3.2751,3.2310,3.2578,126000
2003-09-11,3.2540,3.2559,3.2080,3.2501,115200
2003-09-12,3.2310,3.2501,3.1754,3.2118,284101
2003-09-15,3.2118,3.2444,3.2041,3.2291,181301
2003-09-16,3.2156,3.2674,3.2156,3.2501,263700
2003-09-17,3.2578,3.2693,3.2156,3.2501,153000
2003-09-18,3.2521,3.3134,3.2521,3.3096,240500
2003-09-19,3.2827,3.3326,3.2789,3.3326,132901
2003-09-22,3.2751,3.3268,3.2655,3.3268,88801
2003-09-23,3.3019,3.3709,3.3019,3.3709,217100
2003-09-24,3.3748,3.4898,3.3709,3.4879,299700
2003-09-25,3.4687,3.5167,3.4572,3.4649,339300
2003-09-26,3.4822,3.5148,3.4515,3.4956,171900
2003-09-29,3.5013,3.5416,3.4707,3.5416,180900
2003-09-30,3.5358,3.5608,3.4802,3.5013,200401
2003-10-01,3.4937,3.5646,3.4937,3.5627,215501
2003-10-02,3.5531,3.5742,3.5263,3.5723,73301
2003-10-03,3.5397,3.5934,3.5090,3.5704,171200
2003-10-06,3.5071,3.5800,3.5071,3.5569,61400
2003-10-07,3.5857,3.5857,3.4783,3.5742,76700
2003-10-08,3.5742,3.5742,3.5205,3.5454,75800
2003-10-09,3.5416,3.6241,3.5378,3.5435,111301
2003-10-10,3.5378,3.6106,3.5378,3.5780,62100
2003-10-13,3.6049,3.7103,3.5991,3.7008,301700
2003-10-14,3.6451,3.7564,3.6451,3.7564,311600
2003-10-15,3.7583,3.8139,3.7468,3.7928,127100
2003-10-16,3.7717,3.8139,3.7391,3.7391,157001
2003-10-17,3.7583,3.7736,3.6528,3.6624,213001
2003-10-20,3.6451,3.7391,3.6432,3.6797,163800
2003-10-21,3.6854,3.7794,3.6854,3.7506,254900
2003-10-22,3.7583,3.7583,3.7389,3.7487,94700
2003-10-23,3.7103,3.8273,3.7103,3.8062,122101
2003-10-24,3.7487,3.8081,3.7487,3.7966,139700
2003-10-27,3.8081,3.8810,3.7966,3.8446,292500
2003-10-28,3.8369,3.9654,3.8369,3.9539,211700
2003-10-29,3.9785,4.0459,3.9708,4.0363,137900
2003-10-30,4.2367,4.2367,4.0132,4.0325,137700
2003-10-31,4.0132,4.0594,4.0132,4.0170,143701
2003-11-03,4.0036,4.1615,4.0036,4.1577,114300
2003-11-04,4.1615,4.2309,4.1211,4.2290,147101
2003-11-05,4.2271,4.2540,4.1770,4.2405,107300
2003-11-06,4.2482,4.2848,4.2425,4.2771,132901
2003-11-07,4.2771,4.2771,4.2482,4.2617,93101
2003-11-10,4.2579,4.2675,4.1596,4.1731,169200
2003-11-11,4.1519,4.2001,4.0941,4.1423,153601
2003-11-12,4.1808,4.2386,4.1461,4.2386,86801
2003-11-13,4.2367,4.2694,4.1868,4.2482,31201
2003-11-14,4.2598,4.2771,4.1943,4.2656,119401
2003-11-17,4.2155,4.2290,4.1269,4.1326,99200
2003-11-18,4.1461,4.1770,4.0016,4.0903,118100
2003-11-19,4.0960,4.1404,4.0344,4.0344,166201
2003-11-20,3.9978,4.1519,3.9014,4.1037,162200
2003-11-21,4.1037,4.1577,4.0845,4.1115,86600
2003-11-24,4.1134,4.1750,4.0903,4.1307,140600
2003-11-25,4.1326,4.1346,4.0999,4.1230,63000
2003-11-26,4.0922,4.2193,4.0922,4.1615,133601
2003-11-28,4.1789,4.2771,4.1770,4.2232,94201
2003-12-01,4.1827,4.2560,4.1577,4.2290,109800
2003-12-02,4.2733,4.2733,4.2039,4.2174,71501
2003-12-03,4.1712,4.2386,4.1269,4.1288,74900
2003-12-04,4.1057,4.2039,4.0729,4.1808,46501
2003-12-05,4.1461,4.1673,4.1230,4.1481,57600
2003-12-08,4.1095,4.2059,4.1076,4.1808,57101
2003-12-09,4.2097,4.2097,4.0248,4.0691,67201
2003-12-10,4.0170,4.0883,3.9785,4.0344,48600
2003-12-11,3.9804,4.0633,3.8937,4.0248,70801
2003-12-12,4.0845,4.1211,3.9843,4.1134,39600
2003-12-15,4.1423,4.1808,3.9959,4.0537,77600
2003-12-16,3.9747,4.0558,3.9130,4.0556,70801
2003-12-17,3.9149,4.0498,3.8167,4.0209,72200
2003-12-18,4.0151,4.0537,3.9458,4.0479,37100
2003-12-19,4.1037,4.1057,3.9265,4.0864,65700
2003-12-22,4.0132,4.0864,3.9881,4.0864,60500
2003-12-23,3.9901,4.1134,3.9901,4.0691,106200
2003-12-24,4.1153,4.1654,4.0980,4.1461,60901
2003-12-26,4.1635,4.1654,4.1230,4.1346,34200
2003-12-29,4.1943,4.1991,4.1057,4.1750,49901
2003-12-30,4.0980,4.1962,4.0960,4.1885,82800
2003-12-31,4.1538,4.1770,4.0748,4.1115,47700
2004-01-02,4.0864,4.1076,4.0093,4.0459,137900
2004-01-05,4.1230,4.1230,4.0036,4.0344,117601
2004-01-06,3.9901,4.0459,3.9419,3.9496,123701
2004-01-07,3.9496,4.0440,3.9303,3.9303,92700
2004-01-08,3.9226,3.9862,3.9226,3.9689,56401
2004-01-09,3.9014,4.0459,3.9014,3.9342,56401
2004-01-12,3.8899,3.9841,3.8841,3.9381,116701
2004-01-13,3.9612,3.9670,3.8918,3.9400,47700
2004-01-14,4.0440,4.0440,3.9226,3.9573,49001
2004-01-15,4.0440,4.0440,3.8880,4.0132,48101
2004-01-16,4.0614,4.0845,3.9381,3.9400,109100
2004-01-20,3.9978,4.0363,3.9400,4.0363,181800
2004-01-21,3.9554,4.0459,3.9554,4.0459,189401
2004-01-22,4.0344,4.0537,4.0113,4.0325,48101
2004-01-23,3.9573,4.2116,3.9573,4.2116,113400
2004-01-26,4.1290,4.3080,4.1115,4.2964,125501
2004-01-27,4.3927,4.4582,4.3060,4.4313,395300
2004-01-28,4.4415,4.4995,4.3060,4.3118,135000
2004-01-29,4.3718,4.4125,4.2886,4.3409,51901
2004-01-30,4.3815,4.4318,4.3060,4.3505,66600
2004-02-02,4.4415,4.4512,4.3621,4.3834,99401
2004-02-03,4.4067,4.4531,4.3776,4.3950,79601
2004-02-04,4.3912,4.4899,4.3912,4.4318,204001
2004-02-05,4.4512,4.5593,4.4260,4.5479,119900
2004-02-06,4.5576,4.6718,4.5131,4.6714,189900
2004-02-09,4.6737,4.7686,4.6544,4.7666,166201
2004-02-10,4.7724,4.8827,4.6853,4.8498,174800
2004-02-11,4.8866,5.1266,4.8053,5.1092,341701
2004-02-12,5.1092,5.1092,4.9834,5.0414,226301
2004-02-13,5.1092,5.1614,5.0898,5.0898,214601
2004-02-17,5.0221,5.0916,4.7028,5.0743,378601
2004-02-18,5.0511,5.0705,4.9930,5.0511,124200
2004-02-19,4.9989,5.0937,4.9756,5.0027,66101
2004-02-20,4.9640,5.0608,4.9640,4.9853,106601
2004-02-23,5.0859,5.0859,4.7995,4.8382,182201
2004-02-24,4.7937,4.9292,4.7821,4.8556,111301
2004-02-25,4.8402,4.8885,4.7937,4.8885,63900
2004-02-26,4.7937,4.8866,4.7937,4.8537,102800
2004-02-27,4.8169,4.9176,4.8034,4.9040,100800
2004-03-01,4.8558,4.9427,4.8558,4.8866,98300
2004-03-02,4.9137,4.9272,4.8769,4.8769,52400
2004-03-03,4.8731,4.9814,4.8382,4.9427,77600
2004-03-04,4.9969,4.9969,4.8479,4.9601,38900
2004-03-05,4.9505,5.0279,4.9002,4.9176,85201
2004-03-08,5.0201,5.0201,4.8963,4.9292,60001
2004-03-09,4.9379,4.9524,4.9021,4.9350,131600
2004-03-10,4.9118,5.0105,4.9040,4.9060,58500
2004-03-11,4.9640,5.0298,4.9060,4.9118,141300
2004-03-12,4.9118,5.0511,4.9118,5.0163,68600
2004-03-15,5.0105,5.0201,4.8769,4.8905,57800
2004-03-16,4.8789,4.9989,4.7608,4.9640,112901
2004-03-17,4.9543,4.9543,4.8518,4.9543,50101
2004-03-18,4.9021,4.9156,4.7995,4.8731,57800
2004-03-19,4.9350,4.9369,4.8382,4.8460,42300
2004-03-22,4.8924,4.8924,4.6931,4.7453,72401
2004-03-23,4.6060,4.8073,4.5944,4.7898,165101
2004-03-24,4.7898,4.7937,4.6466,4.7163,85001
2004-03-25,4.7415,4.8402,4.7163,4.8382,51901
2004-03-26,4.7221,4.8866,4.7221,4.8092,108200
2004-03-29,4.7415,4.8576,4.7415,4.8208,47201
2004-03-30,4.8150,4.8208,4.7415,4.8073,45401
2004-03-31,4.7589,4.9485,4.7415,4.9253,61601
2004-04-01,4.8750,4.9834,4.8053,4.8924,76700
2004-04-02,4.9176,4.9737,4.8885,4.9156,64100
2004-04-05,4.9214,4.9292,4.8189,4.8885,186701
2004-04-06,4.8537,4.8827,4.8092,4.8518,56401
2004-04-07,4.8324,4.8324,4.6950,4.7434,199100
2004-04-08,4.7163,4.7860,4.7163,4.7417,137000
2004-04-12,4.7415,4.7666,4.6911,4.6969,36900
2004-04-13,4.6950,4.7163,4.4899,4.6060,167101
2004-04-14,4.5073,4.5073,4.2905,4.3157,203101
2004-04-15,4.2867,4.3234,4.1609,4.2886,213901
2004-04-16,4.3021,4.4512,4.2809,4.3931,121201
2004-04-19,4.4512,4.4512,4.3118,4.3912,45900
2004-04-20,4.3544,4.4550,4.2770,4.3505,73501
2004-04-21,4.2673,4.3544,4.2576,4.3331,32400
2004-04-22,4.3892,4.4260,4.3099,4.3447,63601
2004-04-23,4.3350,4.3486,4.1957,4.2499,110700
2004-04-26,4.1996,4.2015,4.0041,4.0602,342900
2004-04-27,3.9925,4.0448,3.8803,4.0177,184201
2004-04-28,3.9477,4.0800,3.9283,4.0022,106601
2004-04-29,3.9088,4.1422,3.9088,4.1130,188701
2004-04-30,4.0450,4.1772,3.9905,4.0138,60001
2004-05-03,3.9944,4.1811,3.9886,4.1655,220001
2004-05-04,4.0975,4.2667,4.0722,4.2141,163301
2004-05-05,4.1966,4.2375,4.1422,4.1869,49201
2004-05-06,4.1422,4.1908,4.0547,4.0683,133200
2004-05-07,4.0294,4.0664,3.9750,4.0061,68801
2004-05-10,4.0683,4.0858,3.8991,4.0741,143501
2004-05-11,4.0041,4.0936,3.9555,4.0100,94500
2004-05-12,3.9399,4.1111,3.9030,4.0819,135200
2004-05-13,3.9672,4.0936,3.9672,4.0625,47000
2004-05-14,4.1383,4.1694,3.9652,4.0702,123701
2004-05-17,4.0333,4.1811,3.9011,3.9419,127100
2004-05-18,3.9380,3.9963,3.9127,3.9827,49901
2004-05-19,3.9905,3.9905,3.9127,3.9244,50600
2004-05-20,3.9633,3.9633,3.8991,3.9341,37501
2004-05-21,3.9409,4.0527,3.9108,3.9886,89501
2004-05-24,3.9866,4.0333,3.9555,4.0158,51901
2004-05-25,4.0158,4.1227,3.9963,4.1014,92000
2004-05-26,4.0702,4.1850,4.0119,4.1655,85001
2004-05-27,4.0488,4.1733,4.0488,4.1461,77801
2004-05-28,4.0839,4.4728,4.0839,4.3250,303001
2004-06-01,4.3231,4.3756,4.2803,4.3561,98100
2004-06-02,4.3736,4.3756,4.3367,4.3736,18601
2004-06-03,4.3717,4.3717,4.3075,4.3133,66101
2004-06-04,4.2783,4.3736,4.2783,4.3172,48800
2004-06-07,4.2803,4.3756,4.2803,4.3561,111800
2004-06-08,4.3483,4.3756,4.3172,4.3756,33001
2004-06-09,4.3600,4.3619,4.3036,4.3094,30301
2004-06-10,4.2783,4.3542,4.2783,4.3094,75800
2004-06-14,4.3561,4.3561,4.2880,4.3192,117200
2004-06-15,4.2861,4.3814,4.2861,4.3367,182000
2004-06-16,4.3386,4.3522,4.2647,4.3211,119401
2004-06-17,4.3347,4.3347,4.2453,4.3094,85001
2004-06-18,4.3036,4.3425,4.2492,4.2939,141901
2004-06-21,4.2589,4.4417,4.2569,4.3406,181301
2004-06-22,4.3153,4.4397,4.2569,4.3969,92401
2004-06-23,4.3561,4.4145,4.3308,4.3736,98701
2004-06-24,4.3756,4.3969,4.3561,4.3969,82301
2004-06-25,4.3561,4.4922,3.8602,4.4728,907400
2004-06-28,4.4961,4.5195,4.3756,4.5000,193901
2004-06-29,4.5020,4.5506,4.4261,4.4864,109301
2004-06-30,4.5428,4.5661,4.4358,4.4533,55800
2004-07-01,4.4806,4.5020,4.3464,4.3950,91800
2004-07-02,4.3794,4.4533,4.3036,4.4533,65900
2004-07-06,4.4533,4.4533,4.3561,4.3833,109100
2004-07-07,4.4028,4.4300,4.3658,4.3989,46100
2004-07-08,4.3017,4.4242,4.2880,4.2880,111101
2004-07-09,4.2608,4.3717,4.2103,4.3114,46301
2004-07-12,4.3444,4.4145,4.2336,4.3269,80501
2004-07-13,4.2725,4.4261,4.2725,4.3814,52601
2004-07-14,4.3211,4.4242,4.3172,4.3522,45601
2004-07-15,4.4242,4.4242,4.2725,4.3678,64301
2004-07-16,4.3892,4.4242,4.2861,4.3075,95400
2004-07-19,4.3192,4.4553,4.3192,4.4261,110000
2004-07-20,4.4436,4.4825,4.3775,4.4631,78901
2004-07-21,4.4728,4.4728,4.3017,4.3017,77400
2004-07-22,4.2958,4.3561,4.1461,4.1616,110900
2004-07-23,4.2297,4.2297,3.9847,3.9963,149600
2004-07-26,4.0664,4.0683,3.9866,4.0158,124200
2004-07-27,4.0644,4.2375,4.0080,4.0800,163301
2004-07-28,4.1189,4.1227,3.9963,4.0391,359300
2004-07-29,4.1068,4.1987,4.0403,4.1791,77801
2004-07-30,4.1791,4.2007,4.0696,4.0951,111101
2004-08-02,4.0892,4.1811,4.0677,4.1635,104801
2004-08-03,4.0970,4.2241,4.0677,4.1752,104801
2004-08-04,4.1166,4.2163,4.0657,4.1381,78701
2004-08-05,4.1655,4.1655,4.0383,4.0696,58500
2004-08-06,4.0383,4.1263,4.0188,4.0286,95600
2004-08-09,4.0188,4.0716,3.9934,4.0149,57301
2004-08-10,4.0090,4.1185,4.0090,4.1048,56201
2004-08-11,4.1342,4.1342,4.0149,4.0814,60500
2004-08-12,4.0344,4.1185,4.0129,4.0286,73800
2004-08-13,4.0286,4.0872,4.0090,4.0501,77801
2004-08-16,4.0970,4.2398,4.0931,4.1831,61601
2004-08-17,4.2026,4.2026,4.1381,4.1576,39800
2004-08-18,4.1068,4.2730,4.1068,4.2730,112001
2004-08-19,4.2359,4.3023,4.2163,4.2535,85901
2004-08-20,4.2808,4.3023,4.2300,4.2808,46301
2004-08-23,4.2319,4.2926,4.1831,4.2300,42500
2004-08-24,4.2535,4.2906,4.2300,4.2535,46501
2004-08-25,4.1244,4.2926,4.1166,4.2828,70601
2004-08-26,4.2222,4.2652,4.1459,4.2456,61601
2004-08-27,4.2046,4.2398,4.1694,4.2398,76500
2004-08-30,4.1870,4.2026,4.1439,4.1713,32101
2004-08-31,4.1400,4.1967,4.1068,4.1967,55800
2004-09-01,4.1146,4.3415,4.1146,4.1850,156101
2004-09-02,4.1361,4.2652,4.1283,4.2632,60001
2004-09-03,4.2026,4.2906,4.1752,4.2847,36401
2004-09-07,4.2300,4.3493,4.2300,4.3219,41600
2004-09-08,4.2515,4.3219,4.2339,4.2574,61801
2004-09-09,4.3121,4.3493,4.2026,4.3473,75800
2004-09-10,4.2984,4.3375,4.1263,4.1674,179100
2004-09-13,4.2085,4.3121,4.1831,4.2887,49201
2004-09-14,4.2711,4.3004,4.1909,4.3004,76500
2004-09-15,4.3023,4.3415,4.2847,4.3199,96001
2004-09-16,4.3512,4.4001,4.2887,4.4001,48301
2004-09-17,4.3825,4.4823,4.3317,4.3317,152701
2004-09-20,4.2984,4.3571,4.2769,4.3102,40901
2004-09-21,4.2730,4.3903,4.2730,4.3903,78300
2004-09-22,4.3473,4.3493,4.2632,4.3102,72900
2004-09-23,4.2691,4.3512,4.2691,4.2945,38700
2004-09-24,4.3141,4.4647,4.3023,4.4080,95400
2004-09-27,4.3610,4.3903,4.2906,4.3023,104101
2004-09-28,4.3415,4.4432,4.3336,4.4314,84800
2004-09-29,4.4080,4.4412,4.3434,4.4080,61400
2004-09-30,4.3297,4.4725,4.3297,4.4334,94201
2004-10-01,4.3884,4.5272,4.3884,4.5233,57600
2004-10-04,4.5409,4.5800,4.4666,4.4862,107701
2004-10-05,4.4216,4.5253,4.4216,4.4764,45401
2004-10-06,4.4295,4.5742,4.4295,4.5370,28800
2004-10-07,4.4608,4.4999,4.4471,4.4490,46501
2004-10-08,4.4256,4.5448,4.4177,4.4177,55501
2004-10-11,4.5038,4.5038,4.3415,4.4256,45200
2004-10-12,4.4275,4.4510,4.3375,4.4060,42001
2004-10-13,4.4588,4.4803,4.3180,4.3317,48600
2004-10-14,4.3503,4.4353,4.2926,4.3023,57301
2004-10-15,4.3141,4.4334,4.3141,4.3855,56401
2004-10-18,4.3649,4.4432,4.3512,4.4432,45601
2004-10-19,4.3395,4.4979,4.2926,4.3180,76700
2004-10-20,4.3786,4.4334,4.3023,4.4334,64501
2004-10-21,4.3845,4.3845,4.3063,4.3708,30301
2004-10-22,4.3121,4.5057,4.3023,4.3982,155201
2004-10-25,4.3297,4.5136,4.3297,4.5077,78901
2004-10-26,4.5018,4.5175,4.4177,4.5175,82301
2004-10-27,4.4275,4.6544,4.4275,4.6544,79601
2004-10-28,4.5992,4.6876,4.5225,4.6876,54000
2004-10-29,4.6581,4.7269,4.5933,4.6778,89300
2004-11-01,4.6699,4.7466,4.6227,4.7092,133801
2004-11-02,4.6581,4.7603,4.6463,4.6974,100501
2004-11-03,4.6385,4.7643,4.6385,4.7544,71100
2004-11-04,4.6738,4.8252,4.6719,4.8213,57800
2004-11-05,4.8311,4.8783,4.7741,4.7957,88200
2004-11-08,4.7662,4.8232,4.7525,4.7564,74000
2004-11-09,4.7760,4.7996,4.7171,4.7721,29201
2004-11-10,4.7702,4.9235,4.7662,4.8409,70200
2004-11-11,4.8370,4.9136,4.8272,4.9136,37501
2004-11-12,4.8448,4.9058,4.8448,4.8940,96001
2004-11-15,4.9136,4.9254,4.8665,4.9136,102301
2004-11-16,4.9352,4.9726,4.8566,4.9549,89501
2004-11-17,4.9824,5.0414,4.9156,4.9667,91501
2004-11-18,4.9667,4.9667,4.9077,4.9352,66600
2004-11-19,4.8783,4.9628,4.8468,4.8763,53100
2004-11-22,4.8448,4.9903,4.8448,4.9903,48301
2004-11-23,5.0099,5.0650,4.9431,5.0650,50101
2004-11-24,5.0610,5.0610,4.9628,4.9746,47201
2004-11-26,5.0060,5.0099,4.9785,4.9903,9200
2004-11-29,5.0119,5.0905,4.9490,5.0512,126000
2004-11-30,5.0158,5.0905,5.0158,5.0846,44501
2004-12-01,5.0984,5.1554,5.0316,5.1397,78300
2004-12-02,5.1102,5.1731,5.1102,5.1691,46501
2004-12-03,5.1200,5.1475,5.0945,5.0945,63900
2004-12-06,5.0728,5.0846,5.0021,5.0119,80100
2004-12-07,5.0060,5.0139,4.8724,4.9726,90601
2004-12-08,5.0040,5.0139,4.9470,5.0139,68600
2004-12-09,4.9451,5.0375,4.7780,4.9411,123300
2004-12-10,4.8861,4.9805,4.8291,4.9805,43400
2004-12-13,4.9726,4.9864,4.8881,4.9805,73301
2004-12-14,4.9903,5.0099,4.9380,5.0099,39800
2004-12-15,4.9787,5.0080,4.9176,4.9451,51500
2004-12-16,4.9156,5.0296,4.8861,4.9883,110201
2004-12-17,4.9136,4.9667,4.8154,4.8389,75101
2004-12-20,4.8350,4.9588,4.8350,4.8625,42300
2004-12-21,4.8920,4.9156,4.8409,4.9156,35300
2004-12-22,4.9156,4.9765,4.9156,4.9254,42901
2004-12-23,4.9588,4.9588,4.8999,4.9156,34400
2004-12-27,4.9588,4.9588,4.8272,4.8272,56401
2004-12-28,4.8311,4.9588,4.7996,4.9588,31700
2004-12-29,4.9588,4.9588,4.8311,4.9038,13500
2004-12-30,4.9103,4.9284,4.8684,4.9136,18900
2004-12-31,4.7918,4.9588,4.7603,4.9313,77400
2005-01-03,4.8547,4.9549,4.7387,4.8232,86801
2005-01-04,4.8645,4.8959,4.6621,4.7171,167400
2005-01-05,4.6837,4.6935,4.5638,4.5638,94901
2005-01-06,4.5716,4.6168,4.5618,4.5795,59801
2005-01-07,4.6168,4.6188,4.4616,4.4616,259601
2005-01-10,4.4655,4.6149,4.4655,4.5441,81401
2005-01-11,4.5795,4.5795,4.4321,4.4694,637801
2005-01-12,4.4832,4.4832,4.4124,4.4419,119700
2005-01-13,4.4419,4.4675,4.4242,4.4301,98701
2005-01-14,4.4773,4.4911,4.4301,4.4301,28800
2005-01-18,4.5029,4.5343,4.4223,4.5068,50400
2005-01-19,4.4596,4.5461,4.4085,4.4242,119900
2005-01-20,4.4085,4.4812,4.3731,4.3731,147800
2005-01-21,4.4301,4.4301,4.3456,4.4026,144601
2005-01-24,4.4085,4.4380,4.3731,4.3731,264101
2005-01-25,4.4203,4.4537,4.3594,4.4164,220001
2005-01-26,4.4655,4.4871,4.3731,4.4115,110401
2005-01-27,4.4716,4.4716,4.4064,4.4282,65000
2005-01-28,4.3965,4.4598,4.3946,4.3946,106400
2005-01-31,4.4618,4.5072,4.4248,4.4420,74401
2005-02-01,4.4104,4.4716,4.4025,4.4637,150701
2005-02-02,4.4124,4.5013,4.4124,4.4894,69500
2005-02-03,4.4242,4.4756,4.3965,4.4756,80100
2005-02-04,4.4025,4.5033,4.4025,4.4835,61601
2005-02-07,4.4400,4.4519,4.4084,4.4499,99601
2005-02-08,4.4459,4.5052,4.4459,4.4736,49901
2005-02-09,4.4855,4.5408,4.4005,4.4084,45000
2005-02-10,4.4163,4.4657,4.3946,4.4163,37100
2005-02-11,4.3965,4.4855,4.3965,4.4677,49500
2005-02-14,4.4222,4.4855,4.3965,4.4124,228600
2005-02-15,4.4539,4.4539,4.3570,4.3570,276701
2005-02-16,4.3471,4.3965,4.3471,4.3788,246101
2005-02-17,4.3471,4.3965,4.3471,4.3471,67001
2005-02-18,4.3669,4.3669,4.2800,4.3116,76700
2005-02-22,4.2800,4.2800,4.1693,4.1891,268801
2005-02-23,4.2148,4.2602,4.1891,4.2483,126900
2005-02-24,4.1990,4.2681,4.1891,4.2345,60001
2005-02-25,4.2879,4.3234,4.2325,4.2483,101000
2005-02-28,4.2622,4.2622,4.1891,4.2385,159901
2005-03-01,4.2404,4.3116,4.1990,4.2760,92201
2005-03-02,4.2385,4.2701,4.1910,4.1970,65700
2005-03-03,4.2177,4.2483,4.1713,4.2049,61801
2005-03-04,4.2721,4.2898,4.1990,4.2582,77600
2005-03-07,4.2167,4.2938,4.2088,4.2602,58500
2005-03-08,4.2108,4.2523,4.2088,4.2286,57101
2005-03-09,4.2602,4.2602,4.1851,4.2009,68600
2005-03-10,4.1792,4.2661,4.1772,4.2069,106400
2005-03-11,4.2365,4.2365,4.1851,4.2108,70400
2005-03-14,4.2464,4.2661,4.1871,4.2404,69500
2005-03-15,4.2681,4.3709,4.2325,4.2325,94700
2005-03-16,4.2286,4.2938,4.1950,4.2029,51901
2005-03-17,4.2464,4.2681,4.1910,4.2543,47401
2005-03-18,4.2681,4.2681,4.1693,4.1990,250601
2005-03-21,4.2464,4.2600,4.1634,4.2167,81000
2005-03-22,4.2503,4.3432,4.1594,4.1990,72601
2005-03-23,4.2148,4.2148,4.1515,4.1555,60901
2005-03-24,4.2088,4.2128,4.1535,4.1634,139500
2005-03-28,4.1693,4.2049,4.1575,4.1851,96001
2005-03-29,4.1496,4.1950,4.1496,4.1594,61200
2005-03-30,4.1970,4.2642,4.1673,4.2543,48301
2005-03-31,4.1970,4.2444,4.1575,4.2306,123001
2005-04-01,4.2622,4.2622,4.1476,4.1663,131801
2005-04-04,4.1812,4.1812,4.1496,4.1496,133601
2005-04-05,4.1496,4.2128,4.1496,4.1871,32400
2005-04-06,4.2266,4.2819,4.2049,4.2128,29000
2005-04-07,4.2069,4.2701,4.1594,4.2454,16200
2005-04-08,4.2286,4.2385,4.1891,4.1891,57301
2005-04-11,4.1812,4.2325,4.1496,4.1871,51701
2005-04-12,4.1792,4.3926,4.1733,4.3491,105901
2005-04-13,4.3886,4.3886,4.1990,4.2800,52601
2005-04-14,4.2800,4.2800,4.1654,4.1752,113101
2005-04-15,4.1752,4.2049,4.1436,4.1496,66301
2005-04-18,4.1930,4.2404,4.1397,4.1515,92201
2005-04-19,4.1555,4.2069,4.1002,4.1970,41801
2005-04-20,4.1614,4.1970,4.1357,4.1496,89300
2005-04-21,4.1970,4.2661,4.1219,4.2503,52601
2005-04-22,4.2839,4.2839,4.0508,4.0547,85001
2005-04-25,4.0982,4.0982,4.0251,4.0725,62501
2005-04-26,4.0428,4.0982,4.0409,4.0527,63401
2005-04-27,4.0330,4.0903,4.0330,4.0428,56201
2005-04-28,4.0348,4.1322,4.0348,4.0626,61200
2005-04-29,4.0646,4.0984,4.0646,4.0884,107100
2005-05-02,4.1083,4.1679,4.0984,4.1679,72601
2005-05-03,4.1103,4.2375,4.0944,4.1699,54601
2005-05-04,4.1898,4.3190,4.1640,4.2832,105300
2005-05-05,4.2733,4.2832,4.2236,4.2355,52400
2005-05-06,4.2832,4.2832,4.1640,4.1819,111600
2005-05-09,4.1600,4.2793,4.1441,4.2753,59101
2005-05-10,4.1978,4.2514,4.1202,4.1699,48301
2005-05-11,4.1958,4.2554,4.0666,4.1699,62300
2005-05-12,4.2316,4.2335,4.0725,4.0725,69001
2005-05-13,4.0785,4.1600,4.0725,4.0725,63900
2005-05-16,4.2077,4.2196,4.1441,4.2166,96500
2005-05-17,4.1640,4.2355,4.1560,4.2077,124801
2005-05-18,4.2435,4.3965,4.2137,4.3329,137201
2005-05-19,4.2912,4.3886,4.2494,4.2793,87300
2005-05-20,4.3210,4.3210,4.1560,4.1978,87901
2005-05-23,4.2653,4.2733,4.1620,4.2047,63601
2005-05-24,4.2494,4.2494,4.1242,4.1600,84600
2005-05-25,4.1421,4.1441,4.0745,4.0745,148001
2005-05-26,4.0745,4.0964,4.0745,4.0884,211901
2005-05-27,4.0944,4.0944,4.0288,4.0646,193901
2005-05-31,4.0646,4.0646,3.9394,3.9553,188100
2005-06-01,3.9553,4.0964,3.9553,4.0924,277200
2005-06-02,4.0467,4.0825,4.0248,4.0308,98701
2005-06-03,4.0248,4.0606,3.9752,3.9950,125501
2005-06-06,3.9811,4.0686,3.9811,3.9990,86101
2005-06-07,3.9831,4.1222,3.9831,4.0865,95801
2005-06-08,4.0904,4.1143,3.9891,3.9930,47201
2005-06-09,3.9871,4.0308,3.9334,4.0189,30600
2005-06-10,4.0348,4.0606,3.9990,4.0527,43400
2005-06-13,4.0527,4.0606,4.0050,4.0368,105300
2005-06-14,4.0248,4.1302,4.0129,4.1143,73800
2005-06-15,4.0666,4.1441,4.0328,4.0785,108200
2005-06-16,4.1043,4.1083,4.0547,4.0825,80701
2005-06-17,4.1143,4.1183,4.0805,4.0805,194101
2005-06-20,4.0288,4.1043,3.9891,4.0805,69001
2005-06-21,4.0865,4.1063,4.0527,4.0944,61801
2005-06-22,4.1043,4.2037,4.1043,4.1958,72401
2005-06-23,4.1640,4.1878,4.0388,4.0785,72000
2005-06-24,4.0586,4.1242,4.0348,4.1242,126200
2005-06-27,4.1083,4.1222,4.0547,4.0606,52400
2005-06-28,4.0984,4.2435,4.0904,4.2375,127501
2005-06-29,4.2435,4.3091,4.2296,4.2733,39800
2005-06-30,4.2634,4.3508,4.1461,4.2256,198601
2005-07-01,4.2196,4.2316,4.1739,4.2157,30301
2005-07-05,4.2276,4.2753,4.1958,4.2733,56401
2005-07-06,4.2832,4.2832,4.2037,4.2176,45000
2005-07-07,4.1759,4.2256,4.0765,4.1660,38201
2005-07-08,4.2037,4.2832,4.2017,4.2832,73501
2005-07-11,4.2723,4.2832,4.2653,4.2753,76201
2005-07-12,4.2713,4.2832,4.2355,4.2693,58500
2005-07-13,4.2832,4.2832,4.2296,4.2812,14801
2005-07-14,4.2932,4.2932,4.1918,4.1938,24701
2005-07-15,4.1540,4.1898,4.0944,4.1898,54401
2005-07-18,4.1461,4.1799,4.0745,4.0745,60701
2005-07-19,4.1262,4.3011,4.1004,4.2912,51901
2005-07-20,4.2435,4.4045,4.2276,4.3906,92000
2005-07-21,4.3528,4.3965,4.2057,4.2137,55800
2005-07-22,4.2355,4.4124,4.2236,4.4005,69701
2005-07-25,4.3965,4.3985,4.2634,4.2723,37800
2005-07-26,4.2971,4.2971,4.1958,4.2157,24001
2005-07-27,4.2534,4.2614,4.1739,4.2296,69901
2005-07-28,4.2534,4.2852,4.2137,4.2812,31901
2005-07-29,4.2912,4.3429,4.2435,4.2524,36000
2005-08-01,4.2753,4.3150,4.2176,4.2176,49700
2005-08-02,4.2448,4.3688,4.2248,4.3528,92000
2005-08-03,4.3308,4.3728,4.2728,4.3048,26100
2005-08-04,4.2648,4.3508,4.2648,4.3008,37800
2005-08-05,4.3568,4.3568,4.1848,4.1928,56201
2005-08-08,4.2128,4.2588,4.0767,4.1268,52400
2005-08-09,4.1528,4.1868,4.1148,4.1248,52801
2005-08-10,4.1548,4.2328,4.0707,4.1148,42300
2005-08-11,4.0787,4.1988,4.0607,4.1668,56401
2005-08-12,4.1328,4.1468,4.0847,4.0927,76700
2005-08-15,4.1128,4.1988,4.0787,4.1988,56000
2005-08-16,4.1508,4.1668,4.0527,4.0627,70200
2005-08-17,4.0607,4.0987,4.0587,4.0967,26701
2005-08-18,4.1208,4.1368,4.0647,4.1107,46100
2005-08-19,4.0887,4.1868,4.0847,4.1628,77400
2005-08-22,4.1107,4.2448,4.1007,4.2428,54601
2005-08-23,4.2528,4.4368,4.2228,4.4068,93600
2005-08-24,4.4008,4.5788,4.4008,4.4548,198000
2005-08-25,4.4628,4.5188,4.4088,4.4368,110000
2005-08-26,4.4408,4.4588,4.3808,4.3928,90000
2005-08-29,4.3808,4.4148,4.3648,4.4088,60001
2005-08-30,4.3788,4.4108,4.3608,4.3988,28100
2005-08-31,4.3808,4.5708,4.3608,4.5408,126200
2005-09-01,4.5388,4.5688,4.5028,4.5428,35501
2005-09-02,4.4868,4.5368,4.4068,4.4188,53300
2005-09-06,4.4488,4.5368,4.4408,4.5368,55100
2005-09-07,4.5028,4.5648,4.3808,4.5468,75800
2005-09-08,4.5228,4.5728,4.4328,4.4688,55501
2005-09-09,4.4888,4.5428,4.4808,4.5128,47900
2005-09-12,4.4808,4.5708,4.4388,4.5408,59801
2005-09-13,4.5048,4.5508,4.4808,4.4908,49500
2005-09-14,4.4808,4.5508,4.3708,4.3748,110401
2005-09-15,4.3508,4.3968,4.3008,4.3408,55100
2005-09-16,4.3828,4.3848,4.2848,4.3408,247001
2005-09-19,4.3308,4.3348,4.1608,4.1628,58901
2005-09-20,4.1668,4.2128,4.0527,4.0927,83900
2005-09-21,4.0667,4.1067,4.0167,4.0667,81900
2005-09-22,4.0527,4.1208,4.0527,4.0967,48301
2005-09-23,4.0807,4.1368,4.0767,4.1368,17100
2005-09-26,4.1848,4.2508,4.0967,4.2508,60300
2005-09-27,4.2208,4.2448,4.1348,4.2288,36401
2005-09-28,4.2068,4.2068,4.0707,4.0987,41801
2005-09-29,4.1168,4.2208,4.0907,4.2148,62501
2005-09-30,4.1848,4.3268,4.1208,4.2508,103901
2005-10-03,4.2808,4.3308,4.1988,4.2868,52400
2005-10-04,4.3008,4.3308,4.1628,4.1748,72900
2005-10-05,4.1588,4.1728,4.0687,4.0807,105001
2005-10-06,4.0787,4.1528,4.0687,4.1248,58901
2005-10-07,4.1608,4.1608,4.0849,4.1148,32400
2005-10-10,4.1468,4.1608,4.1047,4.1508,35300
2005-10-11,4.1608,4.1608,4.0707,4.0827,44501
2005-10-12,4.1047,4.1047,3.9627,3.9807,87500
2005-10-13,3.9547,4.1528,3.9547,4.1448,55301
2005-10-14,4.1748,4.2908,4.0787,4.2528,91800
2005-10-17,4.2388,4.2808,4.1548,4.2188,58001
2005-10-18,4.2408,4.2788,4.0807,4.1007,43801
2005-10-19,4.0587,4.1748,4.0087,4.1588,39800
2005-10-20,4.1268,4.3288,4.1268,4.2648,132901
2005-10-21,4.2348,4.3068,4.2348,4.2948,46800
2005-10-24,4.2948,4.3908,4.2008,4.3908,76001
2005-10-25,4.3748,4.4008,4.2028,4.3868,195001
2005-10-26,4.3508,4.3988,4.2808,4.3068,35100
2005-10-27,4.2998,4.3408,4.2428,4.2548,32600
2005-10-28,4.2848,4.4388,4.2368,4.4068,87500
2005-10-31,4.4088,4.5488,4.4068,4.5268,74201
2005-11-01,4.4806,4.5914,4.4806,4.5128,55301
2005-11-02,4.5128,4.6015,4.4826,4.6015,55100
2005-11-03,4.5833,4.6458,4.4886,4.4987,67201
2005-11-04,4.4987,4.5068,4.3537,4.4403,108401
2005-11-07,4.3617,4.5108,4.3617,4.4745,132001
2005-11-08,4.4383,4.4927,4.3335,4.4725,85201
2005-11-09,4.4826,4.5390,4.4766,4.5169,24500
2005-11-10,4.5451,4.5934,4.4544,4.5934,38401
2005-11-11,4.5451,4.5934,4.4665,4.5209,39301
2005-11-14,4.5551,4.5551,4.4322,4.4786,46301
2005-11-15,4.4725,4.4725,4.4040,4.4242,56900
2005-11-16,4.4222,4.4222,4.3315,4.3799,50600
2005-11-17,4.3617,4.4967,4.3617,4.4886,35501
2005-11-18,4.5128,4.5451,4.4484,4.4947,150701
2005-11-21,4.5088,4.5531,4.4745,4.5289,83000
2005-11-22,4.5169,4.5813,4.5088,4.5692,28301
2005-11-23,4.5430,4.5813,4.5330,4.5712,116100
2005-11-25,4.5330,4.5451,4.5007,4.5310,13500
2005-11-28,4.5531,4.5531,4.4322,4.4423,41600
2005-11-29,4.4967,4.5269,4.4040,4.4463,42300
2005-11-30,4.4806,4.4907,4.3658,4.4584,320101
2005-12-01,4.4685,4.5995,4.4604,4.5451,129101
2005-12-02,4.5289,4.5430,4.4564,4.5189,62701
2005-12-05,4.4987,4.5410,4.4725,4.5370,498800
2005-12-06,4.5592,4.5995,4.4967,4.5128,49001
2005-12-07,4.4907,4.5169,4.4725,4.4766,40500
2005-12-08,4.4705,4.5330,4.4222,4.4766,37301
2005-12-09,4.4927,4.5551,4.4665,4.5471,27900
2005-12-12,4.5350,4.5592,4.5169,4.5531,36900
2005-12-13,4.5531,4.5672,4.4383,4.4725,48101
2005-12-14,4.4463,4.5350,4.4443,4.4745,49500
2005-12-15,4.4564,4.4564,4.4000,4.4141,55800
2005-12-16,4.4403,4.5451,4.4081,4.5410,1217900
2005-12-19,4.5310,4.5310,4.4443,4.4645,58700
2005-12-20,4.4484,4.5209,4.4363,4.4544,158400
2005-12-21,4.4826,4.5068,4.4423,4.4584,23600
2005-12-22,4.4544,4.4786,4.4443,4.4705,10501
2005-12-23,4.4725,4.4804,4.4423,4.4423,12301
2005-12-27,4.4383,4.4423,4.2811,4.2811,46301
2005-12-28,4.3315,4.3597,4.2811,4.3033,21101
2005-12-29,4.3154,4.3315,4.2570,4.2630,36000
2005-12-30,4.2368,4.3053,4.2308,4.2832,66101
2006-01-03,4.3114,4.4201,4.2549,4.4081,94700
2006-01-04,4.4020,4.4119,4.3315,4.3839,41801
2006-01-05,4.3617,4.4121,4.3436,4.3899,36401
2006-01-06,4.4121,4.4201,4.3617,4.4121,29201
2006-01-09,4.4181,4.4584,4.3698,4.4222,56000
2006-01-10,4.4020,4.5027,4.3517,4.5027,34601
2006-01-11,4.4645,4.5088,4.3859,4.4343,80300
2006-01-12,4.4040,4.4242,4.3496,4.3577,21301
2006-01-13,4.3879,4.4806,4.3436,4.4806,17701
2006-01-17,4.4745,4.5108,4.4020,4.4685,37800
2006-01-18,4.4222,4.5330,4.4222,4.4705,47900
2006-01-19,4.4987,4.5430,4.4705,4.5430,20201
2006-01-20,4.5914,4.5914,4.4121,4.4484,55800
2006-01-23,4.4685,4.5330,4.4141,4.5068,33500
2006-01-24,4.5289,4.6136,4.5169,4.6115,36401
2006-01-25,4.6035,4.6438,4.5592,4.5773,52200
2006-01-26,4.6397,4.6740,4.5874,4.6277,70801
2006-01-27,4.6136,4.6821,4.5511,4.6821,60901
2006-01-30,4.6821,4.6841,4.4826,4.4967,65000
2006-01-31,4.5251,4.5536,4.4846,4.4927,87500
2006-02-01,4.4643,4.5941,4.4643,4.5759,30301
2006-02-02,4.5434,4.5576,4.5434,4.5495,69300
2006-02-03,4.5434,4.5880,4.5353,4.5576,243900
2006-02-06,4.5536,4.6002,4.5170,4.5657,452700
2006-02-07,4.5536,4.5738,4.4135,4.4318,36601
2006-02-08,4.4521,4.4785,4.3730,4.4562,109100
2006-02-09,4.4521,4.4622,4.4338,4.4460,40001
2006-02-10,4.4460,4.5049,4.4440,4.4805,30600
2006-02-13,4.4825,4.5130,4.4683,4.4846,47700
2006-02-14,4.5008,4.5536,4.4846,4.5393,38000
2006-02-15,4.5556,4.5718,4.5211,4.5657,45601
2006-02-16,4.6144,4.6652,4.5941,4.6652,44501
2006-02-17,4.6936,4.6936,4.6469,4.6530,84101
2006-02-21,4.6672,4.6895,4.5880,4.6205,118301
2006-02-22,4.6347,4.7199,4.6185,4.6652,47700
2006-02-23,4.6347,4.6855,4.6104,4.6327,34601
2006-02-24,4.6104,4.7159,4.6104,4.7017,46501
2006-02-27,4.6895,4.7281,4.6794,4.7281,46501
2006-02-28,4.7078,4.7301,4.5698,4.6104,60001
2006-03-01,4.6327,4.6976,4.5678,4.6976,69901
2006-03-02,4.6611,4.6976,4.6510,4.6976,103901
2006-03-03,4.7057,4.7199,4.6307,4.6672,35300
2006-03-06,4.6347,4.6712,4.5657,4.6449,314501
2006-03-07,4.6225,4.6530,4.5718,4.6510,44100
2006-03-08,4.6063,4.6672,4.6063,4.6672,99900
2006-03-09,4.6510,4.6672,4.6165,4.6449,116300
2006-03-10,4.6327,4.6692,4.5901,4.6692,31901
2006-03-13,4.7829,4.8295,4.6570,4.7849,154301
2006-03-14,4.7859,4.8498,4.7362,4.8113,124400
2006-03-15,4.8437,4.9330,4.7747,4.9127,82100
2006-03-16,4.9472,4.9492,4.7707,4.7829,61601
2006-03-17,4.8153,4.8600,4.7463,4.8275,366901
2006-03-20,4.8011,4.8904,4.7220,4.8863,98100
2006-03-21,4.8640,4.9107,4.7849,4.7930,126000
2006-03-22,4.8072,4.8945,4.7747,4.8640,124200
2006-03-23,4.8295,4.9269,4.8295,4.9208,45601
2006-03-24,4.8884,4.9432,4.8823,4.9432,47700
2006-03-27,4.9208,4.9472,4.9066,4.9350,26701
2006-03-28,4.8985,4.9492,4.8985,4.9310,35501
2006-03-29,4.9249,5.0142,4.9168,5.0101,31001
2006-03-30,4.9817,4.9837,4.8924,4.9716,25400
2006-03-31,4.9959,5.0446,4.9208,5.0243,91800
2006-04-03,5.0264,5.0264,4.8965,4.9655,54401
2006-04-04,4.9411,4.9553,4.8559,4.8742,37100
2006-04-05,4.8579,4.8701,4.8052,4.8092,72000
2006-04-06,4.7869,4.8194,4.7626,4.7971,49201
2006-04-07,4.8437,4.8681,4.6530,4.6895,67500
2006-04-10,4.6591,4.7211,4.6286,4.7037,62100
2006-04-11,4.6814,4.6814,4.5698,4.6307,89300
2006-04-12,4.6083,4.6530,4.5698,4.6144,31001
2006-04-13,4.6023,4.6794,4.5820,4.6773,24701
2006-04-17,4.6469,4.6712,4.6266,4.6591,29401
2006-04-18,4.6773,4.8904,4.6408,4.8762,96500
2006-04-19,4.8823,4.9777,4.8823,4.9777,125300
2006-04-20,4.9756,4.9919,4.8600,4.8904,67201
2006-04-21,4.9330,4.9919,4.8884,4.9756,105001
2006-04-24,4.9716,4.9939,4.8904,4.9817,71300
2006-04-25,4.9574,5.0182,4.9330,4.9959,91301
2006-04-26,5.0101,5.0710,4.9756,5.0304,64501
2006-04-27,4.9919,5.1035,4.9858,5.0609,72200
2006-04-28,5.0162,5.0710,4.9736,5.0568,62300
2006-05-01,5.0284,5.0771,4.9716,4.9716,51001
2006-05-02,5.0036,5.0852,5.0036,5.0791,77400
2006-05-03,5.0505,5.1057,5.0505,5.1057,58901
2006-05-04,5.0750,5.1567,5.0689,5.0955,63601
2006-05-05,5.0587,5.1138,5.0567,5.0975,101401
2006-05-08,5.0791,5.1363,5.0648,5.0955,64501
2006-05-09,5.0812,5.1363,5.0812,5.0975,82301
2006-05-10,5.0546,5.1098,5.0240,5.0648,66600
2006-05-11,5.0342,5.0648,4.9198,4.9259,84301
2006-05-12,4.9014,4.9239,4.8177,4.8688,75101
2006-05-15,4.8524,4.9586,4.8177,4.9259,63401
2006-05-16,4.8953,5.0546,4.8953,5.0076,27200
2006-05-17,4.9525,4.9995,4.9035,4.9443,73301
2006-05-18,5.0036,5.0546,4.9607,5.0056,65900
2006-05-19,4.9525,5.1179,4.9525,5.1077,126401
2006-05-22,5.0362,5.1445,4.9811,5.0546,104400
2006-05-23,5.0893,5.1363,5.0362,5.0546,86101
2006-05-24,5.0342,5.1363,5.0076,5.0955,54200
2006-05-25,5.1588,5.1976,5.1363,5.1853,90601
2006-05-26,5.1853,5.2364,5.1261,5.1588,30600
2006-05-30,5.1853,5.1853,5.0464,5.0464,78500
2006-05-31,5.0771,5.1138,5.0342,5.1138,118100
2006-06-01,5.1404,5.2895,5.0893,5.2793,85500
2006-06-02,5.2997,5.3058,5.1588,5.1792,60300
2006-06-05,5.1526,5.1710,5.0158,5.0301,104801
2006-06-06,5.0036,5.0567,4.9198,4.9852,43801
2006-06-07,5.0036,5.1098,4.9933,4.9974,27401
2006-06-08,4.9423,5.1302,4.8810,5.1138,164201
2006-06-09,5.1526,5.4038,5.1404,5.2160,249300
2006-06-12,5.0709,5.2078,5.0546,5.0669,78701
2006-06-13,5.0199,5.1608,4.9995,5.0771,83401
2006-06-14,5.0546,5.1526,5.0546,5.1343,65201
2006-06-15,5.1629,5.2629,5.0771,5.2486,89701
2006-06-16,5.2241,5.2384,5.1914,5.2302,702000
2006-06-19,5.1996,5.2037,5.0832,5.1281,114701
2006-06-20,5.0934,5.1588,5.0648,5.0893,60001
2006-06-21,5.0812,5.2078,5.0812,5.1220,39800
2006-06-22,5.0914,5.1016,5.0179,5.0689,59101
2006-06-23,5.0260,5.0709,5.0158,5.0362,55501
2006-06-26,5.0812,5.2017,5.0383,5.1914,53300
2006-06-27,5.2200,5.2425,5.0750,5.1302,53501
2006-06-28,5.1649,5.1894,5.0852,5.1077,45401
2006-06-29,5.1649,5.3467,5.0730,5.3446,130201
2006-06-30,5.3630,5.4161,5.2527,5.4120,273800
2006-07-03,5.2915,5.3099,5.2588,5.2936,43601
2006-07-05,5.2343,5.3099,5.1996,5.1996,137201
2006-07-06,5.1874,5.2629,5.1812,5.2037,33701
2006-07-07,5.1649,5.2323,5.0689,5.0750,66101
2006-07-10,5.0587,5.1812,5.0587,5.1363,51300
2006-07-11,5.1159,5.2364,5.0587,5.2241,60001
2006-07-12,5.2037,5.2200,5.0076,5.0076,57101
2006-07-13,5.0158,5.0179,4.8606,4.8606,58700
2006-07-14,4.8688,4.9219,4.7483,4.8749,66301
2006-07-17,4.8933,4.9198,4.7891,4.8463,38900
2006-07-18,4.8463,4.9382,4.8014,4.9362,75600
2006-07-19,4.9484,5.1567,4.9484,5.1383,96500
2006-07-20,5.1506,5.2221,5.0607,5.0852,94201
2006-07-21,5.0464,5.0852,4.9300,4.9688,96300
2006-07-24,4.9627,5.1567,4.9239,5.1567,63000
2006-07-25,5.1731,5.2629,5.0607,5.1445,71300
2006-07-26,5.1016,5.1955,5.0281,5.1281,73501
2006-07-27,5.1771,5.1771,5.0546,5.0669,89501
2006-07-28,5.0321,5.2976,5.0321,5.2936,77101
2006-07-31,5.1792,5.2078,5.0730,5.1567,59101
2006-08-01,5.1361,5.1937,5.0929,5.1649,48101
2006-08-02,5.1937,5.2389,5.0991,5.1875,122101
2006-08-03,5.1238,5.3480,5.1238,5.3480,53100
2006-08-04,5.2821,5.3480,5.1402,5.2245,75800
2006-08-07,5.1793,5.2287,5.1402,5.1896,58901
2006-08-08,5.2287,5.2780,5.0826,5.0970,69901
2006-08-09,5.1608,5.2307,5.1011,5.1546,67700
2006-08-10,5.1032,5.1628,5.0867,5.1628,60500
2006-08-11,5.1299,5.2245,5.1258,5.2245,297900
2006-08-14,5.2410,5.3480,5.2245,5.2636,60701
2006-08-15,5.3418,5.4385,5.2965,5.4261,55501
2006-08-16,5.4467,5.4817,5.3870,5.4487,48600
2006-08-17,5.4138,5.5948,5.4138,5.5372,105701
2006-08-18,5.6051,5.6051,5.5269,5.5434,192101
2006-08-21,5.5002,5.5454,5.4755,5.4837,111600
2006-08-22,5.4385,5.5228,5.4385,5.5084,29900
2006-08-23,5.5228,5.5228,5.2492,5.2595,41600
2006-08-24,5.2904,5.3315,5.2307,5.3315,50600
2006-08-25,5.2821,5.3356,5.2739,5.3089,32801
2006-08-28,5.2677,5.3377,5.2677,5.3274,31500
2006-08-29,5.3480,5.5249,5.3007,5.5249,93800
2006-08-30,5.5228,5.5536,5.4405,5.4961,72601
2006-08-31,5.5393,5.5536,5.4570,5.4714,91100
2006-09-01,5.4981,5.5475,5.4714,5.4714,43801
2006-09-05,5.4981,5.5536,5.4714,5.5536,58001
2006-09-06,5.5002,5.5002,5.4179,5.4179,27900
2006-09-07,5.3706,5.4919,5.3500,5.3500,53300
2006-09-08,5.3624,5.4056,5.3500,5.3973,21800
2006-09-11,5.3788,5.4097,5.3109,5.3521,51500
2006-09-12,5.3829,5.5557,5.3788,5.5475,57600
2006-09-13,5.5536,5.5557,5.4940,5.5536,34801
2006-09-14,5.5105,5.5557,5.5105,5.5536,40201
2006-09-15,5.5536,5.5557,5.5166,5.5290,258701
2006-09-18,5.4858,5.5393,5.4631,5.5372,26100
2006-09-19,5.4940,5.4961,5.2760,5.3973,93101
2006-09-20,5.3891,5.5372,5.3562,5.4837,87001
2006-09-21,5.5187,5.5372,5.3603,5.3768,43200
2006-09-22,5.3356,5.3541,5.2287,5.2451,71501
2006-09-25,5.2965,5.4076,5.2040,5.3768,40201
2006-09-26,5.3953,5.4076,5.3233,5.3541,40500
2006-09-27,5.3150,5.4323,5.3150,5.3870,65900
2006-09-28,5.4241,5.4364,5.3007,5.4014,64501
2006-09-29,5.4076,5.4302,5.2431,5.2451,62100
2006-10-02,5.2287,5.2698,5.1238,5.1690,63601
2006-10-03,5.1752,5.2842,5.1114,5.2616,108200
2006-10-04,5.2245,5.4158,5.2143,5.4158,82301
2006-10-05,5.4200,5.5413,5.3582,5.5269,110401
2006-10-06,5.4878,5.5536,5.4775,5.4775,66101
2006-10-09,5.4446,5.5434,5.4056,5.5434,19100
2006-10-10,5.5187,5.5331,5.4508,5.5105,35100
2006-10-11,5.4673,5.4734,5.3500,5.3706,65401
2006-10-12,5.4076,5.5351,5.4076,5.5331,72900
2006-10-13,5.5331,5.5536,5.5105,5.5536,65000
2006-10-16,5.5393,5.5536,5.5290,5.5516,66101
2006-10-17,5.4961,5.5187,5.4035,5.4899,64100
2006-10-18,5.4755,5.5331,5.4549,5.4981,57101
2006-10-19,5.4549,5.5331,5.4549,5.5310,64800
2006-10-20,5.5454,5.5516,5.4693,5.4693,84800
2006-10-23,5.4549,5.5536,5.4117,5.5372,56401
2006-10-24,5.4631,5.5228,5.4508,5.4837,26300
2006-10-25,5.4529,5.5310,5.4529,5.5269,26100
2006-10-26,5.5331,5.6293,5.5002,5.6277,109501
2006-10-27,5.5886,5.6133,5.3685,5.3726,78300
2006-10-30,5.4158,5.5475,5.3706,5.5434,80100
2006-10-31,5.5703,5.5807,5.5102,5.5434,87300
2006-11-01,5.5309,5.5952,5.4895,5.4957,137201
2006-11-02,5.4895,5.5558,5.4667,5.5164,68101
2006-11-03,5.5392,5.5869,5.5330,5.5744,382001
2006-11-06,5.5952,5.6118,5.5512,5.5972,86801
2006-11-07,5.5869,5.6967,5.5579,5.6449,80501
2006-11-08,5.6304,5.7858,5.5890,5.7589,64301
2006-11-09,5.7838,5.8107,5.5931,5.6449,63900
2006-11-10,5.6864,5.7941,5.6864,5.7879,51001
2006-11-13,5.7983,5.8190,5.6864,5.7920,69701
2006-11-14,5.8148,5.8542,5.7610,5.8459,98300
2006-11-15,5.7983,5.9454,5.7755,5.9164,150901
2006-11-16,5.9371,5.9682,5.8770,5.9558,76001
2006-11-17,5.9599,6.0221,5.9060,6.0158,194400
2006-11-20,5.8293,5.9703,5.8148,5.8459,137000
2006-11-21,5.8397,5.8480,5.7402,5.7568,43801
2006-11-22,5.7796,5.7796,5.6801,5.7444,73501
2006-11-24,5.7091,5.7962,5.7029,5.7672,10301
2006-11-27,5.7216,5.7319,5.4874,5.4998,119201
2006-11-28,5.4957,5.5931,5.4107,5.4149,155000
2006-11-29,5.4688,5.5931,5.4356,5.5724,94700
2006-11-30,5.5413,5.6967,5.5040,5.6656,104400
2006-12-01,5.6801,5.7299,5.5206,5.6677,105001
2006-12-04,5.7009,5.8604,5.7009,5.8584,83000
2006-12-05,5.8107,5.9060,5.8086,5.8501,71701
2006-12-06,5.8252,5.8977,5.7983,5.8687,41101
2006-12-07,5.8977,5.9019,5.8293,5.8521,38401
2006-12-08,5.8231,5.9226,5.8190,5.8273,37301
2006-12-11,5.8708,5.9558,5.8542,5.9122,39301
2006-12-12,5.9267,6.0096,5.9267,5.9972,37501
2006-12-13,6.0531,6.0904,6.0096,6.0904,81900
2006-12-14,6.0925,6.1609,6.0697,6.0718,93800
2006-12-15,6.1050,6.1174,5.9558,5.9661,199301
2006-12-18,5.9910,6.0904,5.8273,5.8708,57800
2006-12-19,5.8542,5.8749,5.8045,5.8045,78001
2006-12-20,5.8438,5.8957,5.8190,5.8190,43200
2006-12-21,5.8480,5.8625,5.7091,5.7174,124801
2006-12-22,5.7382,5.7464,5.6967,5.7050,55800
2006-12-26,5.6864,5.8065,5.6864,5.7610,56900
2006-12-27,5.8024,5.9184,5.8024,5.8687,84101
2006-12-28,5.8501,5.8853,5.8045,5.8190,53701
2006-12-29,5.8293,5.8418,5.6656,5.6905,76500
2007-01-03,5.7423,5.8666,5.7133,5.7216,93800
2007-01-04,5.7009,5.7920,5.6159,5.7423,106601
2007-01-05,5.7050,5.7050,5.4584,5.4646,93301
2007-01-08,5.4771,5.4791,5.3838,5.4356,50400
2007-01-09,5.4480,5.4646,5.2532,5.3589,66600
2007-01-10,5.3071,5.4398,5.2760,5.4356,67700
2007-01-11,5.4356,5.4812,5.3548,5.3776,45401
2007-01-12,5.3651,5.4501,5.2926,5.3258,70601
2007-01-16,5.3175,5.4460,5.3071,5.3651,126601
2007-01-17,5.3258,5.4252,5.3258,5.3942,128401
2007-01-18,5.3693,5.3983,5.3444,5.3465,86600
2007-01-19,5.3258,5.3879,5.2823,5.3610,71701
2007-01-22,5.2843,5.3071,5.2450,5.2843,70400
2007-01-23,5.2387,5.4833,5.2346,5.4087,84101
2007-01-24,5.4273,5.5330,5.3382,5.4563,50101
2007-01-25,5.4895,5.4895,5.3672,5.4211,72200
2007-01-26,5.4294,5.4771,5.3879,5.4605,163800
2007-01-29,5.4004,5.4874,5.3693,5.4149,99401
2007-01-30,5.4555,5.5641,5.4534,5.5641,61200
2007-01-31,5.5453,5.5453,5.4284,5.5098,142400
2007-02-01,5.5369,5.5641,5.4618,5.5369,52200
2007-02-02,5.5620,5.6225,5.4305,5.4722,74700
2007-02-05,5.5015,5.5641,5.4284,5.4472,97601
2007-02-06,5.4639,5.5432,5.4576,5.5223,44300
2007-02-07,5.5223,5.6205,5.4785,5.4994,68101
2007-02-08,5.4743,5.4827,5.4284,5.4430,74000
2007-02-09,5.4388,5.4764,5.4388,5.4639,123500
2007-02-12,5.5035,5.5035,5.4451,5.4555,47700
2007-02-13,5.4785,5.5161,5.4555,5.5161,28100
2007-02-14,5.5307,5.5307,5.4451,5.4576,45200
2007-02-15,5.4952,5.4952,5.4451,5.4597,110401
2007-02-16,5.4513,5.6393,5.4513,5.6372,163501
2007-02-20,5.6121,5.6789,5.5912,5.6685,108900
2007-02-21,5.6664,5.7624,5.6622,5.6852,118100
2007-02-22,5.7061,5.7687,5.6685,5.7666,78300
2007-02-23,5.7457,5.7729,5.7040,5.7416,72000
2007-02-26,5.7791,5.8146,5.7207,5.8125,115801
2007-02-27,5.7416,5.7436,5.5536,5.5536,255301
2007-02-28,5.5328,5.6330,5.4472,5.4827,144000
2007-03-01,5.4388,5.5065,5.4263,5.4513,92700
2007-03-02,5.4409,5.4743,5.4388,5.4430,98701
2007-03-05,5.4409,5.5369,5.4409,5.5140,144200
2007-03-06,5.5704,5.6309,5.5286,5.5641,67500
2007-03-07,5.5516,5.5850,5.4973,5.4973,379501
2007-03-08,5.5495,5.6017,5.5119,5.5307,188100
2007-03-09,5.5620,5.6267,5.5119,5.5724,107701
2007-03-12,5.6142,5.6142,5.4806,5.5808,121500
2007-03-13,5.5432,5.5432,5.3344,5.3428,147800
2007-03-14,5.3261,5.5474,5.2927,5.5432,172301
2007-03-15,5.5516,5.6330,5.5516,5.6330,140801
2007-03-16,5.6184,5.6351,5.5411,5.5954,406301
2007-03-19,5.6246,5.7750,5.5871,5.6852,127800
2007-03-20,5.6706,5.6706,5.6058,5.6455,81200
2007-03-21,5.6413,5.8689,5.6079,5.8668,117900
2007-03-22,5.8961,5.8961,5.7395,5.8752,139500
2007-03-23,5.8459,5.8794,5.8042,5.8626,153900
2007-03-26,5.8522,5.8835,5.7416,5.7770,54900
2007-03-27,5.7478,5.7812,5.5620,5.6330,140101
2007-03-28,5.5933,5.6894,5.5933,5.6560,309301
2007-03-29,5.7165,5.7290,5.6058,5.6831,78300
2007-03-30,5.6351,5.6998,5.6142,5.6560,130500
2007-04-02,5.6330,5.7061,5.6058,5.6956,72000
2007-04-03,5.6977,5.8313,5.6518,5.7729,96901
2007-04-04,5.7729,5.8188,5.7520,5.8167,69901
2007-04-05,5.7917,5.7938,5.7624,5.7770,207401
2007-04-09,5.7603,5.7603,5.6894,5.7332,85901
2007-04-10,5.7207,5.8167,5.6685,5.8000,70601
2007-04-11,5.8146,5.8146,5.6058,5.6455,169400
2007-04-12,5.6205,5.7249,5.6058,5.7207,213901
2007-04-13,5.6998,5.7520,5.6560,5.7520,78300
2007-04-16,5.7624,5.8459,5.7123,5.8459,132300
2007-04-17,5.8397,5.8773,5.7938,5.8543,154501
2007-04-18,5.8209,5.8752,5.7938,5.8480,114001
2007-04-19,5.8459,5.8877,5.7938,5.8459,108601
2007-04-20,5.9169,5.9336,5.8209,5.9128,119700
2007-04-23,5.8668,5.9107,5.8585,5.8668,83700
2007-04-24,5.8251,5.8898,5.7395,5.7750,248600
2007-04-25,5.8209,5.8981,5.7854,5.8397,124400
2007-04-26,5.7854,5.8585,5.7311,5.8042,1090301
2007-04-27,5.7708,5.7812,5.6935,5.7603,177701
2007-04-30,5.7562,5.7750,5.6121,5.6914,260100
2007-05-01,5.7265,5.8085,5.6970,5.7896,216601
2007-05-02,5.7980,5.8842,5.7664,5.8379,113600
2007-05-03,5.8358,5.8695,5.8358,5.8379,159300
2007-05-04,5.8632,5.9031,5.8316,5.8485,159901
2007-05-07,5.8464,5.9052,5.8358,5.8821,101900
2007-05-08,5.8464,5.8758,5.7896,5.8716,126000
2007-05-09,5.8316,5.8926,5.8064,5.8674,78300
2007-05-10,5.8358,5.8905,5.7517,5.7559,152701
2007-05-11,5.7980,5.9010,5.7833,5.9010,103001
2007-05-14,5.8989,5.9578,5.8379,5.8400,149600
2007-05-15,5.8400,5.8737,5.7833,5.7833,111600
2007-05-16,5.8127,5.8611,5.7517,5.8611,114500
2007-05-17,5.8863,5.9031,5.7833,5.8569,189900
2007-05-18,5.8842,5.8842,5.8186,5.8464,83900
2007-05-21,5.8274,5.9031,5.8127,5.8632,85201
2007-05-22,5.8506,6.0419,5.8337,6.0104,109800
2007-05-23,6.0272,6.0398,5.9200,5.9599,134100
2007-05-24,5.9431,5.9557,5.8211,5.8379,320101
2007-05-25,5.8506,5.8989,5.8253,5.8779,211700
2007-05-29,5.9115,5.9242,5.8358,5.9200,158101
2007-05-30,5.8590,5.9725,5.8337,5.9662,207601
2007-05-31,5.9831,6.0020,5.8821,5.9263,164201
2007-06-01,5.9662,6.0440,5.8884,5.9137,80100
2007-06-04,5.8947,5.9368,5.8863,5.9179,188501
2007-06-05,5.9158,5.9263,5.9052,5.9179,186701
2007-06-06,5.9158,5.9326,5.9052,5.9179,141901
2007-06-07,5.9158,5.9284,5.8989,5.9010,690001
2007-06-08,5.8884,5.9831,5.8884,5.9599,83900
2007-06-11,5.9305,5.9620,5.8926,5.9094,157700
2007-06-12,5.8905,5.9620,5.8632,5.9179,265201
2007-06-13,5.9200,5.9788,5.8968,5.9473,104600
2007-06-14,5.9389,5.9831,5.9389,5.9578,191201
2007-06-15,5.9831,6.0966,5.9746,6.0272,417101
2007-06-18,6.0314,6.0609,6.0083,6.0272,119700
2007-06-19,5.9873,6.0083,5.8968,5.9073,353201
2007-06-20,5.9179,5.9200,5.7160,5.7328,714800
2007-06-21,5.7307,5.8064,5.7244,5.7475,271100
2007-06-22,5.7475,5.7770,5.6697,5.7328,497201
2007-06-25,5.7160,5.7812,5.6234,5.6508,206300
2007-06-26,5.6844,5.7244,5.5982,5.6676,163301
2007-06-27,5.6297,5.6571,5.4931,5.6487,330300
2007-06-28,5.6613,5.6613,5.5667,5.5919,77400
2007-06-29,5.6234,5.6508,5.4846,5.4973,116100
2007-07-02,5.5414,5.6760,5.5351,5.6529,120301
2007-07-03,5.6466,5.6760,5.5940,5.6655,93101
2007-07-05,5.6592,5.6655,5.6150,5.6424,121500
2007-07-06,5.6297,5.6739,5.6297,5.6592,84600
2007-07-09,5.6571,5.6739,5.5961,5.6171,165301
2007-07-10,5.6045,5.6213,5.4741,5.4804,187601
2007-07-11,5.4720,5.5330,5.4447,5.4804,188100
2007-07-12,5.5120,5.6571,5.5036,5.6571,117200
2007-07-13,5.6424,5.6508,5.5982,5.6466,63601
2007-07-16,5.6255,5.7223,5.6255,5.6382,250200
2007-07-17,5.6424,5.6781,5.6361,5.6382,112700
2007-07-18,5.6003,5.6508,5.5204,5.5856,177901
2007-07-19,5.6676,5.6928,5.6150,5.6361,291800
2007-07-20,5.6234,5.6550,5.3984,5.4783,313801
2007-07-23,5.5141,5.6045,5.4973,5.5624,339300
2007-07-24,5.5225,5.6129,5.5204,5.5540,412200
2007-07-25,5.5940,5.6213,5.4678,5.5667,309800
2007-07-26,5.5015,5.5498,5.4152,5.4741,290900
2007-07-27,5.4489,5.5242,5.3690,5.3690,190501
2007-07-30,5.4573,5.6066,5.3648,5.5561,488401
2007-07-31,5.6069,5.6684,5.5497,5.5688,369401
2007-08-01,5.5476,5.7108,5.5263,5.6812,296100
2007-08-02,5.6896,5.7766,5.6451,5.7172,192301
2007-08-03,5.7024,5.7575,5.4903,5.5009,246800
2007-08-06,5.5369,5.7766,5.4352,5.7024,816500
2007-08-07,5.6621,5.7715,5.5412,5.6896,401101
2007-08-08,5.7427,6.0819,5.7193,5.9653,741600
2007-08-09,5.8402,5.9314,5.8211,5.8656,670901
2007-08-10,5.7872,5.8656,5.6154,5.7533,346901
2007-08-13,5.8381,5.9399,5.6006,5.6705,182700
2007-08-14,5.6812,5.7342,5.5369,5.5772,154100
2007-08-15,5.5921,5.7999,5.5454,5.5497,200700
2007-08-16,5.5582,5.8423,5.5582,5.7978,779400
2007-08-17,6.0289,6.1074,5.8996,6.0395,717300
2007-08-20,6.0544,6.1180,5.9780,6.0968,175001
2007-08-21,6.1159,6.1837,6.1010,6.1625,161300
2007-08-22,6.1901,6.3089,6.1328,6.1710,316100
2007-08-23,6.1816,6.1816,6.0226,6.1010,220201
2007-08-24,6.0607,6.1498,6.0480,6.1413,125300
2007-08-27,6.1350,6.1350,5.9696,6.0014,153200
2007-08-28,5.9526,5.9738,5.8847,5.9038,231901
2007-08-29,5.9250,6.1371,5.8932,6.1244,209700
2007-08-30,6.0565,6.1689,6.0098,6.0586,57101
2007-08-31,6.1477,6.1880,6.0544,6.1837,125501
2007-09-04,6.1519,6.1837,6.1116,6.1689,105701
2007-09-05,6.1180,6.1180,5.9738,5.9738,282800
2007-09-06,6.0035,6.0438,5.8784,6.0438,112901
2007-09-07,5.9462,5.9590,5.8529,5.8953,105701
2007-09-10,5.9229,5.9229,5.7193,5.8063,112201
2007-09-11,5.7978,5.9059,5.7554,5.8975,76700
2007-09-12,5.8869,5.8890,5.8020,5.8593,85700
2007-09-13,5.8762,5.9526,5.7914,5.8614,91301
2007-09-14,5.7999,5.9696,5.7999,5.9696,138101
2007-09-17,5.9653,5.9653,5.8317,5.8656,347400
2007-09-18,5.9102,6.0650,5.7999,6.0501,220201
2007-09-19,6.0862,6.1774,6.0862,6.1074,247201
2007-09-20,6.0968,6.1604,6.0544,6.0904,124801
2007-09-21,6.1477,6.1583,6.0417,6.1286,239600
2007-09-24,6.1159,6.1731,6.0289,6.0650,109501
2007-09-25,6.0141,6.0438,5.9420,5.9844,78001
2007-09-26,5.9971,6.1265,5.9526,6.0798,70200
2007-09-27,6.0883,6.1201,6.0480,6.0756,281201
2007-09-28,6.0586,6.0862,5.9929,6.0353,159901
2007-10-01,6.0311,6.1753,5.9759,6.0459,247201
2007-10-02,6.0374,6.1837,6.0268,6.1244,75101
2007-10-03,6.0777,6.1392,6.0650,6.0968,138301
2007-10-04,6.1010,6.1456,6.0544,6.1350,56000
2007-10-05,6.1689,6.1986,6.0947,6.1159,191700
2007-10-08,6.0904,6.1138,6.0756,6.1053,63000
2007-10-09,6.1138,6.1138,6.0671,6.1032,51901
2007-10-10,6.0926,6.0926,6.0226,6.0862,49901
2007-10-11,6.1074,6.1074,5.9144,5.9908,112201
2007-10-12,5.9865,6.0650,5.9250,5.9335,40201
2007-10-15,5.9250,5.9696,5.7787,5.8572,107501
2007-10-16,5.8508,5.8720,5.7787,5.7872,162601
2007-10-17,5.8529,5.8699,5.6260,5.7427,169801
2007-10-18,5.7151,5.7511,5.6578,5.7511,169801
2007-10-19,5.7660,5.7660,5.4733,5.5030,137201
2007-10-22,5.4670,6.0226,5.4627,5.9823,272201
2007-10-23,6.0904,6.2007,6.0438,6.1816,370800
2007-10-24,6.1434,6.2071,5.9929,6.1753,205601
2007-10-25,6.1795,6.2028,6.0926,6.1328,204901
2007-10-26,6.1816,6.2558,6.1392,6.2262,337700
2007-10-29,6.2219,6.2452,6.1413,6.1710,202500
2007-10-30,6.1638,6.3005,6.1318,6.2770,322801
2007-10-31,6.3005,6.4159,6.2386,6.2920,202201
2007-11-01,6.2300,6.3155,5.8156,5.8305,316100
2007-11-02,5.9138,6.0143,5.7963,5.9331,157901
2007-11-05,5.8412,5.9288,5.7686,5.8006,240500
2007-11-06,5.8113,6.1296,5.8027,6.1211,158101
2007-11-07,6.0335,6.0335,5.7792,5.7792,209700
2007-11-08,5.8305,6.0399,5.7835,6.0249,123001
2007-11-09,5.9523,6.1125,5.8348,6.0207,173700
2007-11-12,5.9822,6.1318,5.9032,5.9737,522200
2007-11-13,6.0719,6.1360,6.0100,6.1360,322601
2007-11-14,6.1745,6.1788,6.0506,6.0912,163800
2007-11-15,6.0912,6.1083,5.9758,6.0677,179100
2007-11-16,6.0826,6.0826,5.8262,5.9138,200401
2007-11-19,5.8412,5.9074,5.7686,5.7728,209401
2007-11-20,5.7835,5.8690,5.6617,5.8369,321901
2007-11-21,5.8241,5.9053,5.7151,5.7472,108000
2007-11-23,5.8027,5.9587,5.7579,5.8861,104400
2007-11-26,5.8946,5.9438,5.6083,5.6169,166201
2007-11-27,5.6318,5.7942,5.6126,5.6938,253301
2007-11-28,5.7557,5.9779,5.6724,5.9074,217800
2007-11-29,5.9032,5.9117,5.7408,5.8348,291101
2007-11-30,5.9096,5.9523,5.8156,5.9267,286601
2007-12-03,5.9160,5.9480,5.8113,5.8433,285901
2007-12-04,5.7792,5.8797,5.6831,5.7408,255301
2007-12-05,5.8519,5.9138,5.7173,5.9032,188100
2007-12-06,5.9010,6.1403,5.8455,6.1360,185400
2007-12-07,6.1659,6.1659,5.9993,6.0634,178400
2007-12-10,6.0869,6.1275,6.0207,6.0784,234200
2007-12-11,6.1211,6.1382,5.7557,5.7557,205200
2007-12-12,5.9331,5.9822,5.6617,5.8006,238700
2007-12-13,5.7557,5.8305,5.6211,5.8305,172100
2007-12-14,5.7408,5.8626,5.6318,5.7151,259601
2007-12-17,5.6681,5.7792,5.6233,5.6254,133200
2007-12-18,5.7066,5.8156,5.5955,5.8092,152100
2007-12-19,5.8049,5.8626,5.7130,5.8092,123001
2007-12-20,5.8711,5.9309,5.7216,5.9309,134100
2007-12-21,5.9950,6.0805,5.9288,6.0784,495200
2007-12-24,6.1147,6.1275,5.9309,6.1147,56201
2007-12-26,6.0570,6.1125,5.9758,6.0869,192101
2007-12-27,6.0591,6.0762,5.8262,5.8369,132901
2007-12-28,5.8925,5.9416,5.7686,5.7857,98701
2007-12-31,5.7686,5.7878,5.6746,5.6767,128000
2008-01-02,5.6660,5.7472,5.5827,5.6318,142200
2008-01-03,5.6318,5.6681,5.5827,5.6190,201800
2008-01-04,5.6083,5.7023,5.4737,5.5293,225200
2008-01-07,5.5549,5.6254,5.5143,5.6019,401400
2008-01-08,5.6126,5.7557,5.3541,5.3584,201600
2008-01-09,5.3562,5.5357,5.2878,5.4951,219101
2008-01-10,5.4203,5.6831,5.3840,5.5400,217301
2008-01-11,5.4844,5.6511,5.4331,5.4395,260100
2008-01-14,5.4908,5.5165,5.3434,5.4203,161100
2008-01-15,5.3413,5.4267,5.2772,5.3477,157901
2008-01-16,5.3220,5.4374,5.3220,5.3712,326000
2008-01-17,5.3605,5.4246,5.2280,5.2430,135200
2008-01-18,5.2344,5.3797,5.1169,5.2665,217100
2008-01-22,5.2195,5.5528,5.0208,5.2985,264600
2008-01-23,5.1832,5.6959,5.1340,5.6404,337001
2008-01-24,5.6511,5.6511,5.5079,5.6147,304601
2008-01-25,5.7002,5.7045,5.5955,5.6425,398401
2008-01-28,5.6190,5.7878,5.5763,5.7344,178200
2008-01-29,5.7814,5.8540,5.7280,5.8540,256700
2008-01-30,5.8473,6.1381,5.7676,5.8818,264301
2008-01-31,5.7741,6.3061,5.7633,6.2565,433501
2008-02-01,6.3147,6.4956,6.1101,6.2070,301901
2008-02-04,6.1855,6.1855,5.9163,5.9766,564300
2008-02-05,5.8646,6.0089,5.8172,5.8538,247500
2008-02-06,5.9141,6.0175,5.8258,5.8495,338101
2008-02-07,5.8280,6.0390,5.8150,5.9701,294001
2008-02-08,5.9658,6.1273,5.8603,5.9959,236000
2008-02-11,6.0218,6.0821,5.9098,6.0218,352100
2008-02-12,6.0541,6.0972,5.9367,5.9787,387401
2008-02-13,6.0541,6.0756,5.8990,6.0304,349601
2008-02-14,6.0756,6.1015,5.9206,5.9873,261200
2008-02-15,5.9464,6.0089,5.8796,5.9615,447500
2008-02-19,6.0304,6.0670,5.8796,5.8969,226501
2008-02-20,5.8559,6.0562,5.8559,5.9852,314701
2008-02-21,6.0390,6.1144,5.8581,5.8753,218700
2008-02-22,5.8732,5.9292,5.7375,5.9119,230600
2008-02-25,5.9012,5.9852,5.7504,5.9766,176400
2008-02-26,5.9249,6.0390,5.8258,5.9356,190301
2008-02-27,5.8667,6.0347,5.8559,5.9486,253800
2008-02-28,5.8990,5.9249,5.7806,5.7956,164000
2008-02-29,5.7246,5.8086,5.6083,5.6880,253100
2008-03-03,5.7030,5.9098,5.6320,5.8366,592601
2008-03-04,5.7849,5.9766,5.7267,5.9292,888300
2008-03-05,5.9636,5.9679,5.7052,5.7375,378200
2008-03-06,5.6944,5.7267,5.5480,5.5587,293801
2008-03-07,5.4920,5.7935,5.4726,5.6600,155401
2008-03-10,5.6923,5.8129,5.6643,5.6729,127501
2008-03-11,5.8344,6.0842,5.7849,6.0842,197701
2008-03-12,6.0972,6.1876,5.9163,5.9443,168701
2008-03-13,5.8689,6.1919,5.8301,6.1575,276500
2008-03-14,6.1489,6.1489,5.7956,5.8624,299000
2008-03-17,5.8452,5.9335,5.7095,5.8086,189401
2008-03-18,5.9141,6.0519,5.8775,6.0196,425401
2008-03-19,6.0519,6.0541,5.8559,5.8559,365101
2008-03-20,5.9399,6.1338,5.8624,6.0735,821000
2008-03-24,6.1058,6.1790,6.0498,6.0606,334301
2008-03-25,6.0627,6.1833,6.0153,6.0993,196801
2008-03-26,6.0584,6.1165,5.9701,6.1079,141901
2008-03-27,6.0369,6.1381,5.9679,5.9873,126900
2008-03-28,5.9529,5.9572,5.8538,5.8904,164000
2008-03-31,5.8796,5.9744,5.8150,5.8861,231300
2008-04-01,5.9550,6.0326,5.8603,6.0110,185101
2008-04-02,5.9981,6.0519,5.9464,5.9873,153401
2008-04-03,5.9249,5.9529,5.8753,5.9098,77600
2008-04-04,5.9270,5.9378,5.8064,5.8301,191201
2008-04-07,5.8818,5.9163,5.7784,5.7978,115400
2008-04-08,5.7676,5.8430,5.7224,5.7763,94901
2008-04-09,5.7956,5.8215,5.6686,5.6793,223601
2008-04-10,5.6901,5.7720,5.6384,5.7396,150300
2008-04-11,5.6621,5.7246,5.5674,5.5932,238700
2008-04-14,5.5803,5.6643,5.5329,5.5394,215100
2008-04-15,5.5652,5.6169,5.5372,5.5760,132901
2008-04-16,5.6427,5.8926,5.6427,5.8732,548300
2008-04-17,5.8732,5.8732,5.6987,5.7956,287701
2008-04-18,5.8947,5.9055,5.7956,5.8904,235800
2008-04-21,5.8301,5.8775,5.7633,5.7655,167101
2008-04-22,5.7117,5.7289,5.5458,5.6772,355901
2008-04-23,5.6901,5.6901,5.5135,5.5480,371900
2008-04-24,5.5674,5.7332,5.4489,5.5652,322200
2008-04-25,5.5997,5.6255,5.5006,5.5501,390800
2008-04-28,5.5350,5.6040,5.4790,5.4984,314501
2008-04-29,5.5252,5.5252,5.3883,5.4252,215701
2008-04-30,5.4469,5.8250,5.4143,5.6055,520601
2008-05-01,5.5968,5.7033,5.5860,5.6816,255301
2008-05-02,5.7489,5.7489,5.4578,5.4643,329101
2008-05-05,5.4621,5.4708,5.3448,5.4339,275801
2008-05-06,5.4143,5.4556,5.3340,5.4296,272700
2008-05-07,5.4469,5.4469,5.3122,5.3209,264101
2008-05-08,5.3448,5.4078,5.3122,5.3448,226301
2008-05-09,5.2992,5.4382,5.2992,5.3492,99900
2008-05-12,5.3926,5.4730,5.3122,5.4621,130901
2008-05-13,5.4643,5.4991,5.3991,5.4708,167400
2008-05-14,5.4774,5.4926,5.4339,5.4491,151200
2008-05-15,5.4665,5.5165,5.3622,5.4817,200900
2008-05-16,5.5165,5.5165,5.3122,5.3774,271501
2008-05-19,5.3644,5.4078,5.3122,5.3296,310500
2008-05-20,5.3166,5.3535,5.2796,5.2948,407401
2008-05-21,5.3079,5.3426,5.2579,5.2840,324401
2008-05-22,5.2883,5.4209,5.2753,5.3187,335201
2008-05-23,5.2818,5.3600,5.2666,5.3231,187200
2008-05-27,5.3383,5.4513,5.3209,5.4274,240300
2008-05-28,5.4643,5.4643,5.2557,5.3101,229201
2008-05-29,5.3035,5.4361,5.2948,5.3861,166001
2008-05-30,5.4013,5.4187,5.2579,5.3296,294300
2008-06-02,5.3166,5.3361,5.2145,5.2470,287100
2008-06-03,5.2775,5.2775,5.1297,5.1558,619400
2008-06-04,5.1471,5.2123,5.1102,5.1623,153601
2008-06-05,5.1667,5.2688,5.1449,5.2557,269100
2008-06-06,5.2123,5.2623,5.0624,5.0689,306000
2008-06-09,5.0971,5.1102,4.9950,5.0537,381800
2008-06-10,5.1514,5.3513,5.0580,5.2058,603900
2008-06-11,5.1819,5.1819,5.0276,5.0406,393701
2008-06-12,5.0884,5.1949,5.0493,5.0808,227401
2008-06-13,5.1145,5.1145,4.9994,5.0645,360401
2008-06-16,5.0558,5.1840,5.0537,5.1623,175201
2008-06-17,5.1667,5.1797,5.0037,5.0059,132001
2008-06-18,5.0015,5.0428,4.9429,4.9559,304801
2008-06-19,4.9537,4.9928,4.8451,4.9494,217800
2008-06-20,4.8907,4.9885,4.8777,4.9125,523800
2008-06-23,4.9255,4.9950,4.8234,4.8234,183600
2008-06-24,4.7973,4.9146,4.7756,4.8473,238700
2008-06-25,4.8690,5.0493,4.8625,4.9320,166700
2008-06-26,4.8625,4.8625,4.7821,4.8016,268801
2008-06-27,4.7799,4.8386,4.7321,4.7951,389401
2008-06-30,4.7799,4.9038,4.7408,4.7408,295200
2008-07-01,4.6735,4.8473,4.6735,4.7821,276001
2008-07-02,4.7712,4.8255,4.6191,4.6213,208100
2008-07-03,4.6235,4.7147,4.5974,4.6170,119900
2008-07-07,4.6604,4.6604,4.4584,4.5062,445901
2008-07-08,4.5235,4.7691,4.4888,4.7669,558000
2008-07-09,4.7582,4.8299,4.5822,4.6061,164000
2008-07-10,4.5909,4.7169,4.5214,4.6409,193201
2008-07-11,4.5583,4.7256,4.4518,4.7039,422100
2008-07-14,4.5583,4.7604,4.3801,4.5062,888901
2008-07-15,4.4736,4.6104,4.3562,4.4410,300101
2008-07-16,4.4671,4.7930,4.4671,4.7930,256201
2008-07-17,4.8451,4.9928,4.6974,4.9603,312001
2008-07-18,4.9407,4.9494,4.7691,4.9233,228600
2008-07-21,4.9277,5.0624,4.6778,5.0298,287300
2008-07-22,5.0863,5.4143,4.7604,5.3991,541501
2008-07-23,5.4252,5.4795,5.3187,5.4100,481700
2008-07-24,5.4839,5.4839,5.2796,5.3014,409001
2008-07-25,5.4469,5.5404,5.4143,5.5056,325301
2008-07-28,5.4839,5.5404,5.3861,5.4382,236700
2008-07-29,5.4891,5.6447,5.3949,5.6425,194600
2008-07-30,5.6644,5.7082,5.5702,5.6753,203600
2008-07-31,5.5789,5.7411,5.5789,5.6863,93600
2008-08-01,5.6885,5.8594,5.6469,5.8353,298100
2008-08-04,5.8287,5.8506,5.6885,5.7477,180900
2008-08-05,5.8375,5.9580,5.6973,5.9558,364500
2008-08-06,5.7016,5.9317,5.6271,5.9186,420701
2008-08-07,5.8353,5.9273,5.7696,5.8353,257600
2008-08-08,5.8178,5.9186,5.8156,5.9120,352100
2008-08-11,5.9405,6.0917,5.8594,6.0610,296100
2008-08-12,5.9602,6.0588,5.9208,5.9931,321001
2008-08-13,5.9996,6.0698,5.9098,6.0369,406301
2008-08-14,6.0566,6.0849,5.9273,6.0676,340400
2008-08-15,6.1224,6.1355,6.0106,6.1004,270601
2008-08-18,6.0325,6.1355,5.9887,6.0500,217301
2008-08-19,6.0018,6.0347,5.9098,5.9602,355901
2008-08-20,5.9755,6.0895,5.7893,5.8835,163501
2008-08-21,5.8002,5.9295,5.8002,5.8747,132500
2008-08-22,5.9427,6.0194,5.8090,5.9843,162000
2008-08-25,5.9427,5.9471,5.8002,5.8594,171401
2008-08-26,5.8506,5.9164,5.7959,5.8835,164900
2008-08-27,5.8901,6.0479,5.8901,6.0391,282800
2008-08-28,6.1114,6.1136,5.9558,6.1092,348300
2008-08-29,6.0522,6.1311,5.9624,6.0785,246600
2008-09-02,6.1355,6.1355,5.9876,6.0829,402701
2008-09-03,6.0632,6.1991,6.0500,6.1684,401801
2008-09-04,6.0829,6.1574,6.0216,6.0720,170100
2008-09-05,6.0172,6.1684,5.9010,6.1443,180900
2008-09-08,6.2078,6.3240,6.1158,6.2495,372800
2008-09-09,6.2473,6.2473,6.1311,6.1355,398401
2008-09-10,6.1969,6.2144,6.0084,6.1026,266400
2008-09-11,5.9690,6.1289,5.9690,6.0983,192600
2008-09-12,5.9931,6.1903,5.9449,6.1596,193201
2008-09-15,6.1114,6.1114,5.9690,5.9909,352501
2008-09-16,5.9624,6.2889,5.9405,6.2889,471800
2008-09-17,6.0939,6.1289,6.0062,6.0062,346201
2008-09-18,6.1465,6.5014,5.9295,6.3765,705101
2008-09-19,7.5248,7.5248,6.2429,6.3546,1259501
2008-09-22,6.3546,6.3985,6.2692,6.3371,130201
2008-09-23,6.2757,6.3546,6.0369,6.2166,179300
2008-09-24,6.1925,6.2867,6.0939,6.1903,164900
2008-09-25,6.1925,6.2955,6.1826,6.1903,124400
2008-09-26,5.9931,6.1903,5.9251,6.1246,156101
2008-09-29,6.0106,6.2604,5.1210,5.8375,192301
2008-09-30,5.9164,6.0917,5.8835,6.0347,136301
2008-10-01,6.0566,6.1333,5.8265,6.0259,58201
2008-10-02,6.2451,6.2451,5.9273,6.0259,86101
2008-10-03,6.0917,6.3437,5.9218,6.0259,132300
2008-10-06,5.8791,6.1333,5.8791,6.0172,238201
2008-10-07,5.9953,6.2341,5.7126,5.8572,207000
2008-10-08,5.7060,6.0216,5.5943,5.7170,294500
2008-10-09,5.8485,5.9142,5.5658,5.5789,597301
2008-10-10,5.4781,5.6841,5.3708,5.6315,695900
2008-10-13,5.6337,6.1355,5.5811,6.1114,372101
2008-10-14,6.2451,6.5431,6.0479,6.3875,624101
2008-10-15,6.2933,6.3546,5.9186,5.9734,202001
2008-10-16,6.0544,6.2999,5.8594,6.2779,372600
2008-10-17,6.1004,6.3546,5.9164,6.0259,219800
2008-10-20,6.1530,6.2407,5.7915,6.1530,180401
2008-10-21,6.0259,6.1333,5.5241,5.6819,249901
2008-10-22,5.5241,5.7520,5.4562,5.4847,174101
2008-10-23,5.5154,5.7674,5.2590,5.5263,127100
2008-10-24,5.2590,5.5461,5.2590,5.3686,147600
2008-10-27,5.3138,5.5587,5.2064,5.2459,121201
2008-10-28,5.4771,5.6186,5.1699,5.5943,276500
2008-10-29,5.5655,5.6031,5.3091,5.3511,233501
2008-10-30,5.5346,5.8794,5.4683,5.7468,361301
2008-10-31,5.6982,5.9126,5.5744,5.8573,326900
2008-11-03,5.8087,5.9081,5.7114,5.8418,168300
2008-11-04,5.9126,5.9126,5.7512,5.7888,243200
2008-11-05,5.7114,5.9103,5.5014,5.5434,289100
2008-11-06,5.4727,5.6783,5.4528,5.4815,255800
2008-11-07,5.5633,5.5633,5.4039,5.5302,179501
2008-11-10,5.6341,5.6341,5.3069,5.3445,271501
2008-11-11,5.2716,5.6186,5.2716,5.3312,295400
2008-11-12,5.3312,5.4307,5.2274,5.2274,205601
2008-11-13,5.2981,5.4683,5.1389,5.4395,434900
2008-11-14,5.3224,5.4528,5.0793,5.0793,229001
2008-11-17,5.0837,5.1588,4.8781,4.8803,357701
2008-11-18,4.8936,5.0815,4.7521,4.8693,431300
2008-11-19,4.8140,4.9268,4.6018,4.6063,368701
2008-11-20,4.5532,4.6892,4.4736,4.4803,241801
2008-11-21,4.6328,4.8251,4.2548,4.6063,362201
2008-11-24,4.6195,4.9533,4.2217,4.2217,1484100
2008-11-25,4.4692,4.9444,4.3123,4.6416,707801
2008-11-26,4.5444,4.6814,4.4328,4.6549,530701
2008-11-28,4.6438,4.7544,4.5775,4.7367,110900
2008-12-01,4.6350,4.6350,4.1554,4.1730,535901
2008-12-02,4.2548,4.4272,4.2084,4.4095,366701
2008-12-03,4.3101,4.6041,4.3101,4.5753,241400
2008-12-04,4.4891,4.6438,4.4140,4.4847,222701
2008-12-05,4.4095,4.7035,4.3233,4.7035,176400
2008-12-08,4.7809,4.8052,4.5488,4.7544,153601
2008-12-09,4.7035,4.8383,4.5002,4.5024,98501
2008-12-10,4.5643,4.6527,4.4073,4.5112,104600
2008-12-11,4.4582,4.6173,4.2880,4.3123,144000
2008-12-12,4.2548,4.5333,4.2548,4.4957,175001
2008-12-15,4.5112,4.5112,4.3543,4.3963,157001
2008-12-16,4.5090,4.6460,4.4935,4.6350,234900
2008-12-17,4.5709,4.6814,4.5621,4.6505,110401
2008-12-18,4.6770,4.7521,4.5510,4.6416,181301
2008-12-19,4.7300,4.8185,4.5289,4.5289,401600
2008-12-22,4.5444,4.6107,4.4339,4.6063,121201
2008-12-23,4.6416,4.6416,4.5665,4.6394,141300
2008-12-24,4.6416,4.6438,4.5466,4.6217,40500
2008-12-26,4.6416,4.6704,4.4891,4.6505,112500
2008-12-29,4.6483,4.6483,4.4847,4.5643,75600
2008-12-30,4.6173,4.7323,4.5024,4.7323,121201
2008-12-31,4.6969,4.7787,4.5797,4.7256,307501
2009-01-02,4.7389,4.7610,4.6682,4.7433,109501
2009-01-05,4.7720,4.7720,4.6063,4.6284,143100
2009-01-06,4.6571,4.7300,4.5886,4.6549,94001
2009-01-07,4.5842,4.6903,4.4781,4.5245,72601
2009-01-08,4.4935,4.6107,4.4935,4.5974,81401
2009-01-09,4.5687,4.6372,4.4361,4.4471,245900
2009-01-12,4.4405,4.4692,4.3676,4.3808,113101
2009-01-13,4.3477,4.4405,4.3477,4.4383,162000
2009-01-14,4.3432,4.5201,4.3344,4.3653,153000
2009-01-15,4.3653,4.4957,4.3454,4.4781,276701
2009-01-16,4.5090,4.5322,4.3344,4.4206,189000
2009-01-20,4.3742,4.4538,4.2792,4.2990,241400
2009-01-21,4.3454,4.4913,4.1863,4.4670,135200
2009-01-22,4.3808,4.3852,4.1841,4.2637,86600
2009-01-23,4.1686,4.3167,4.1686,4.3101,102800
2009-01-26,4.3035,4.3919,4.1664,4.2725,205400
2009-01-27,4.2747,4.4029,4.1443,4.3830,93301
2009-01-28,4.4405,4.5267,4.3543,4.5068,133601
2009-01-29,4.4449,4.4869,4.2349,4.2349,174800
2009-01-30,4.2836,4.3145,4.0736,4.1023,133200
2009-02-02,4.0802,4.2880,4.0338,4.2438,413701
2009-02-03,4.3158,4.3359,4.1145,4.2040,87001
2009-02-04,4.1928,4.2711,4.0788,4.1302,108000
2009-02-05,4.1145,4.2823,4.0698,4.1928,128201
2009-02-06,4.1772,4.3382,4.1503,4.3180,130700
2009-02-09,4.2890,4.3717,4.2331,4.2711,123701
2009-02-10,4.2733,4.3046,3.9916,4.0005,157500
2009-02-11,3.9916,4.1310,3.9781,4.0743,131101
2009-02-12,4.0005,4.1168,3.8775,4.0407,91100
2009-02-13,4.0810,4.0810,3.9312,3.9692,157201
2009-02-17,3.9289,3.9289,3.7612,3.7657,180900
2009-02-18,3.7322,3.8082,3.6740,3.6897,177901
2009-02-19,3.7456,3.7456,3.5823,3.5823,144000
2009-02-20,3.5533,3.5779,3.3565,3.4772,299700
2009-02-23,3.4392,3.4772,3.3274,3.3475,153601
2009-02-24,3.3967,3.4951,3.2983,3.4862,271301
2009-02-25,3.4705,3.4750,3.2983,3.3766,130500
2009-02-26,3.4124,3.5577,3.3900,3.4146,94500
2009-02-27,3.3721,3.5063,3.2894,3.3945,204500
2009-03-02,3.3587,3.4929,3.2872,3.3386,211901
2009-03-03,3.3967,3.3967,3.2290,3.2335,276500
2009-03-04,3.2805,3.3677,3.1619,3.2603,175001
2009-03-05,3.2000,3.2424,3.0300,3.0300,334501
2009-03-06,3.0501,3.1060,2.9495,3.0367,206300
2009-03-09,2.9998,3.0881,2.9227,2.9719,216401
2009-03-10,3.0345,3.1619,3.0144,3.1552,181301
2009-03-11,3.1731,3.2111,3.0904,3.1597,186901
2009-03-12,3.1351,3.4683,3.0792,3.4482,218900
2009-03-13,3.4839,3.6874,3.4839,3.5398,184700
2009-03-16,3.5622,3.6583,3.4638,3.4817,154501
2009-03-17,3.4907,3.5980,3.4549,3.5980,199301
2009-03-18,3.5779,3.7814,3.5443,3.7814,182201
2009-03-19,3.8440,3.8842,3.6494,3.7009,128201
2009-03-20,3.7389,3.7389,3.6114,3.6226,168701
2009-03-23,3.7210,3.9781,3.6897,3.9759,159901
2009-03-24,3.9312,3.9804,3.6517,3.6852,115601
2009-03-25,3.7031,3.8127,3.5756,3.7746,116300
2009-03-26,3.8171,3.9424,3.7500,3.9401,103001
2009-03-27,3.8551,3.9602,3.7679,3.7702,102600
2009-03-30,3.6830,3.7031,3.5991,3.6204,97400
2009-03-31,3.6763,3.8551,3.6338,3.7791,187400
2009-04-01,3.7232,3.8216,3.6874,3.7657,209201
2009-04-02,3.8619,4.1056,3.8619,4.0609,363101
2009-04-03,4.0631,4.0631,3.9737,4.0363,127800
2009-04-06,3.9960,3.9960,3.8507,3.9379,159300
2009-04-07,3.8909,4.0586,3.8865,3.9670,159500
2009-04-08,3.9848,4.0340,3.9133,4.0162,78701
2009-04-09,4.0967,4.3203,4.0967,4.3203,161300
2009-04-13,4.2554,4.3717,4.1660,4.3628,119401
2009-04-14,4.2867,4.2867,4.0631,4.0653,187601
2009-04-15,4.0273,4.1660,4.0273,4.1593,61801
2009-04-16,4.2331,4.2577,4.0676,4.2219,80701
2009-04-17,4.2442,4.3941,4.1593,4.2979,118800
2009-04-20,4.1906,4.2621,3.9647,3.9804,125100
2009-04-21,3.9759,4.1324,3.8462,4.1324,102301
2009-04-22,4.0564,4.1906,3.8976,3.9111,233100
2009-04-23,3.9267,3.9692,3.8082,3.9021,268601
2009-04-24,3.9289,4.0542,3.8869,3.9692,150701
2009-04-27,3.9021,4.0027,3.7970,3.8976,122600
2009-04-28,3.8975,3.9949,3.6280,3.9088,96901
2009-04-29,3.9428,4.1126,3.9292,4.1036,109800
2009-04-30,4.1285,4.1330,3.9564,3.9813,126601
2009-05-01,3.9654,4.0175,3.8907,3.9111,95101
2009-05-04,3.9088,4.0968,3.9088,4.0945,77600
2009-05-05,4.0538,4.0809,3.9133,3.9405,122801
2009-05-06,3.9722,4.0017,3.8477,3.9745,100301
2009-05-07,4.0085,4.0107,3.8952,3.9722,170100
2009-05-08,4.0220,4.2349,3.9881,4.2259,158801
2009-05-11,4.2281,4.2496,4.1240,4.1421,68400
2009-05-12,4.1659,4.2666,4.0787,4.1760,157201
2009-05-13,4.1240,4.1874,4.0583,4.0809,261601
2009-05-14,4.1308,4.2519,4.0832,4.2078,342000
2009-05-15,4.1987,4.2032,4.0900,4.1511,239600
2009-05-18,4.1942,4.3368,4.0809,4.3142,202201
2009-05-19,4.3029,4.3165,4.0809,4.1511,188701
2009-05-20,4.1715,4.2304,3.9903,4.1081,161300
2009-05-21,4.0651,4.1489,4.0040,4.0968,152501
2009-05-22,4.1104,4.2032,4.0764,4.0764,124200
2009-05-26,4.0470,4.2848,4.0470,4.2327,116701
2009-05-27,4.2145,4.2168,4.0062,4.0085,151601
2009-05-28,4.0538,4.1149,3.9632,4.0583,140801
2009-05-29,4.0832,4.1806,3.9858,4.1783,174600
2009-06-01,4.2734,4.4410,4.2100,4.4093,247001
2009-06-02,4.3799,4.6539,4.3799,4.5271,449501
2009-06-03,4.4772,4.5882,4.4478,4.5361,101900
2009-06-04,4.5520,4.6063,4.4954,4.5633,115601
2009-06-05,4.6199,4.6199,4.4116,4.4365,79801
2009-06-08,4.4433,4.5044,4.3278,4.3889,109800
2009-06-09,4.4342,4.6630,4.3844,4.4342,168500
2009-06-10,4.4863,4.5588,4.3255,4.3663,109100
2009-06-11,4.4002,4.5429,4.4002,4.4320,113400
2009-06-12,4.4161,4.4705,4.3617,4.4682,74000
2009-06-15,4.4410,4.4501,4.3051,4.3482,73800
2009-06-16,4.4048,4.4569,4.3368,4.3436,137000
2009-06-17,4.3346,4.4433,4.3346,4.3572,160400
2009-06-18,4.3640,4.4059,4.3346,4.3708,87001
2009-06-19,4.4320,4.4410,4.3459,4.3867,244800
2009-06-22,4.3708,4.3708,4.2463,4.2463,97200
2009-06-23,4.2961,4.3210,4.2304,4.2395,127800
2009-06-24,4.2780,4.3006,4.2191,4.2281,75800
2009-06-25,4.2078,4.3074,4.1602,4.3074,154800
2009-06-26,4.2870,4.4070,4.2236,4.3980,392600
2009-06-29,4.3029,4.3482,4.2485,4.3187,158400
2009-06-30,4.3346,4.3346,4.2553,4.2712,85901
2009-07-01,4.2915,4.4048,4.2893,4.3640,117900
2009-07-02,4.2870,4.3912,4.2485,4.2802,143100
2009-07-06,4.2327,4.3708,4.2010,4.3391,102800
2009-07-07,4.3550,4.4229,4.2689,4.2780,150300
2009-07-08,4.3097,4.3550,4.2168,4.2327,93600
2009-07-09,4.2893,4.3572,4.1942,4.1942,94201
2009-07-10,4.2010,4.3595,4.2010,4.3527,114500
2009-07-13,4.3170,4.5293,4.3170,4.5248,93600
2009-07-14,4.5135,4.5497,4.4229,4.4931,125701
2009-07-15,4.5090,4.6992,4.5090,4.6811,157700
2009-07-16,4.6697,4.8034,4.6312,4.7762,108900
2009-07-17,4.7898,4.8894,4.7105,4.7830,137201
2009-07-20,4.8215,4.8487,4.7014,4.7196,123300
2009-07-21,4.7150,4.7286,4.3482,4.3640,180900
2009-07-22,4.3300,4.3821,4.1240,4.1489,243601
2009-07-23,4.1579,4.4184,4.1579,4.4070,199100
2009-07-24,4.3844,4.4727,4.2915,4.4365,100501
2009-07-27,4.4433,4.6131,4.4433,4.5882,97200
2009-07-28,4.5922,4.6975,4.4709,4.6448,90000
2009-07-29,4.5327,4.6380,4.5327,4.6036,48600
2009-07-30,4.6860,4.7616,4.6334,4.7341,103201
2009-07-31,4.6998,4.7616,4.6631,4.6631,99900
2009-08-03,4.7250,4.8005,4.6586,4.7845,85700
2009-08-04,4.7639,4.9310,4.7639,4.9058,55800
2009-08-05,4.8944,4.9058,4.8074,4.8600,85500
2009-08-06,4.8669,4.8783,4.7593,4.8005,71501
2009-08-07,4.8829,5.0363,4.7799,4.9928,109301
2009-08-10,4.9768,5.0363,4.9585,5.0088,51500
2009-08-11,4.9676,5.0111,4.8577,4.9195,69300
2009-08-12,4.9104,5.1622,4.8944,5.0592,126601
2009-08-13,5.1393,5.1565,4.9791,5.0821,156101
2009-08-14,5.0912,5.0912,4.8051,4.9333,151801
2009-08-17,4.8646,4.9607,4.8532,4.9058,88200
2009-08-18,4.9195,5.0363,4.9195,4.9791,102101
2009-08-19,4.9127,5.0363,4.8211,4.9836,65900
2009-08-20,4.9859,5.0065,4.9424,4.9813,41101
2009-08-21,5.0500,5.0500,4.7799,4.8051,320801
2009-08-24,4.8028,4.8234,4.7181,4.7547,59600
2009-08-25,4.8074,4.8074,4.7163,4.7433,63000
2009-08-26,4.7524,4.8085,4.7044,4.7478,83201
2009-08-27,4.7501,4.7501,4.6380,4.7181,60300
2009-08-28,4.4068,4.7707,4.4068,4.7387,986600
2009-08-31,4.7204,4.7547,4.6883,4.6929,350100
2009-09-01,4.6311,4.6929,4.5693,4.5807,332701
2009-09-02,4.5807,4.6265,4.5807,4.6197,544700
2009-09-03,4.6288,4.7501,4.6128,4.7433,207401
2009-09-04,4.7478,4.8325,4.7204,4.8280,304801
2009-09-08,4.8532,4.9104,4.7204,4.8119,348300
2009-09-09,4.8165,4.8303,4.7685,4.7982,271100
2009-09-10,4.9791,5.6544,4.9791,5.2835,990000
2009-09-11,5.3064,5.3316,5.1736,5.2744,305501
2009-09-14,5.2355,5.4094,5.2148,5.4026,203600
2009-09-15,5.4094,5.4598,5.3408,5.4026,170701
2009-09-16,5.4026,5.4987,5.3820,5.4369,280501
2009-09-17,5.4186,5.4667,5.3568,5.4117,287300
2009-09-18,5.4255,5.4255,5.3522,5.3865,175901
2009-09-21,5.3224,5.4140,5.2698,5.3316,168001
2009-09-22,5.3614,5.3636,5.2812,5.3408,130700
2009-09-23,5.3522,5.4140,5.2789,5.3293,149801
2009-09-24,5.3362,5.3499,5.2332,5.2721,144401
2009-09-25,5.2835,5.3016,5.2080,5.2950,144601
2009-09-28,5.3064,5.4117,5.2996,5.3865,126000
2009-09-29,5.4026,5.4255,5.2973,5.3110,101900
2009-09-30,5.3865,5.3980,5.2103,5.2286,128700
2009-10-01,5.2217,5.3293,5.1691,5.1942,177500
2009-10-02,5.1782,5.3316,5.1622,5.1942,126200
2009-10-05,5.2057,5.2263,5.1622,5.2148,146201
2009-10-06,5.2309,5.2789,5.1851,5.2767,145501
2009-10-07,5.2812,5.3110,5.2469,5.2835,109301
2009-10-08,5.3041,5.3110,5.2538,5.2904,318101
2009-10-09,5.2904,5.3682,5.2767,5.3659,95801
2009-10-12,5.3797,5.3797,5.2652,5.2881,62100
2009-10-13,5.2904,5.3064,5.2515,5.2950,109301
2009-10-14,5.3179,5.3820,5.3110,5.3820,134100
2009-10-15,5.3293,5.3797,5.2881,5.3408,133801
2009-10-16,5.2881,5.3591,5.2561,5.3018,135601
2009-10-19,5.3385,5.4461,5.3041,5.4323,169400
2009-10-20,5.4117,5.4277,5.2950,5.3018,96901
2009-10-21,5.3041,5.4049,5.2103,5.2240,111101
2009-10-22,5.2423,5.3980,5.2171,5.3774,126401
2009-10-23,5.3224,5.3980,5.2309,5.2812,233100
2009-10-26,5.3018,5.3568,5.2423,5.2744,181800
2009-10-27,5.2812,5.4392,5.2812,5.3270,106601
2009-10-28,5.3476,5.4255,5.2927,5.2927,131101
2009-10-29,5.3802,5.3802,5.2669,5.3293,128401
2009-10-30,5.2831,5.3455,4.9919,5.0843,351401
2009-11-02,5.0913,5.1490,4.9688,5.0104,145501
2009-11-03,4.9873,5.0335,4.9133,5.0104,188701
2009-11-04,5.0243,5.0751,4.9249,4.9364,116501
2009-11-05,4.9757,4.9988,4.9364,4.9850,161300
2009-11-06,4.9457,4.9549,4.8833,4.9110,109800
2009-11-09,4.9642,5.0058,4.9064,4.9850,92000
2009-11-10,4.9503,5.0058,4.9434,4.9595,78001
2009-11-11,5.0127,5.0566,4.9734,4.9988,102301
2009-11-12,4.9919,5.0378,4.9179,4.9411,204901
2009-11-13,4.9734,4.9827,4.8902,4.9156,212400
2009-11-16,4.9619,5.0462,4.9619,5.0081,127100
2009-11-17,4.9988,5.2437,4.9688,5.1860,261900
2009-11-18,5.1906,5.2114,5.1051,5.1259,130700
2009-11-19,5.0751,5.1190,4.9942,5.0612,118100
2009-11-20,5.0566,5.1259,5.0474,5.1259,312001
2009-11-23,5.1306,5.2461,5.1098,5.2461,384300
2009-11-24,5.2600,5.3316,5.2276,5.3131,492701
2009-11-25,5.3201,5.3963,5.3201,5.3755,609500
2009-11-27,5.2577,5.3535,5.2577,5.3386,273600
2009-11-30,5.3501,5.3501,5.2577,5.3478,654701
2009-12-01,5.4033,5.4033,5.2946,5.3154,657401
2009-12-02,5.3362,5.3386,5.2923,5.3316,400700
2009-12-03,5.3501,5.3732,5.3154,5.3386,374801
2009-12-04,5.3617,5.4010,5.3316,5.4010,558900
2009-12-07,5.4033,5.4426,5.3848,5.4333,339901
2009-12-08,5.4125,5.4680,5.3894,5.4541,416000
2009-12-09,5.4518,5.4587,5.3963,5.4402,177701
2009-12-10,5.4449,5.4541,5.3848,5.4379,754200
2009-12-11,5.4657,5.4934,5.4310,5.4772,624101
2009-12-14,5.4934,5.5211,5.4610,5.4657,531200
2009-12-15,5.4680,5.5281,5.4379,5.5003,921301
2009-12-16,5.4472,5.7037,5.4333,5.6875,3953401
2009-12-17,5.6667,5.8585,5.5928,5.8262,1929301
2009-12-18,5.7199,5.9019,5.6679,5.9019,7556267
2009-12-21,5.8499,5.8915,5.8395,5.8499,2110500
2009-12-22,5.8499,5.9539,5.7771,5.9331,3077900
2009-12-23,5.9539,5.9695,5.8733,5.8811,1486000
2009-12-24,5.8239,5.9123,5.6939,5.8759,779500
2009-12-28,5.9019,5.9019,5.8239,5.8655,768000
2009-12-29,5.8759,5.8811,5.8291,5.8343,1219700
2009-12-30,5.8447,5.8499,5.7303,5.7927,2004800
2009-12-31,5.7823,5.8967,5.7667,5.8603,2398200
2010-01-04,5.8915,5.9539,5.8759,5.9279,2027100
2010-01-05,5.9279,5.9279,5.8135,5.8603,1292000
2010-01-06,5.9227,5.9279,5.8135,5.8759,982900
2010-01-07,5.8759,5.9435,5.8291,5.9435,1293000
2010-01-08,5.9331,5.9487,5.8811,5.9227,1416300
2010-01-11,5.9383,5.9383,5.8395,5.8499,862800
2010-01-12,5.8239,5.8759,5.8239,5.8499,1140400
2010-01-13,5.8759,5.9279,5.8499,5.9279,1024800
2010-01-14,5.9123,6.0215,5.8811,6.0007,1415100
2010-01-15,6.0059,6.0319,5.9019,5.9279,882100
2010-01-19,5.9331,6.0059,5.9331,5.9747,706700
2010-01-20,5.9487,5.9799,5.9019,5.9643,926900
2010-01-21,5.9799,5.9799,5.9019,5.9487,1349900
2010-01-22,5.9487,6.0215,5.9383,6.0007,1657500
2010-01-25,6.0267,6.0267,5.9539,6.0163,660800
2010-01-26,6.0891,6.2347,6.0371,6.1619,2479400
2010-01-27,6.2295,6.2347,6.1203,6.2035,1330400
2010-01-28,6.1827,6.1827,5.9591,5.9799,1733000
2010-01-29,5.9851,6.1307,5.9851,6.0891,1606400
2010-02-01,6.0891,6.1567,5.9643,6.0891,770200
2010-02-02,6.1049,6.2098,6.0368,6.0735,946600
2010-02-03,6.0735,6.1312,5.9738,5.9843,922700
2010-02-04,5.9528,6.0368,5.8479,5.9319,1314800
2010-02-05,5.9319,6.0263,5.8532,5.9581,1138400
2010-02-08,5.9319,6.0577,5.8742,6.0158,853900
2010-02-09,6.1207,6.1784,6.0840,6.1521,2113200
2010-02-10,6.1626,6.1941,6.1154,6.1941,718700
2010-02-11,6.1679,6.2151,6.1364,6.2098,652200
2010-02-12,6.1941,6.1941,6.1521,6.1941,464500
2010-02-16,6.2308,6.2518,6.1731,6.2518,454200
2010-02-17,6.2570,6.2780,6.2308,6.2780,684900
2010-02-18,6.2885,6.3042,6.2581,6.2938,964300
2010-02-19,6.2938,6.3095,6.2308,6.2361,785300
2010-02-22,6.2675,6.2938,6.2361,6.2466,440600
2010-02-23,6.2675,6.2938,6.2046,6.2151,531400
2010-02-24,6.2623,6.3095,6.2098,6.3042,585300
2010-02-25,6.2466,6.3147,6.2466,6.2938,497000
2010-02-26,6.2938,6.2938,6.1931,6.1993,455000
2010-03-01,6.2098,6.2413,6.1574,6.1993,473400
2010-03-02,6.1993,6.2413,6.1915,6.2256,256900
2010-03-03,6.2413,6.2413,6.1521,6.1679,309000
2010-03-04,6.1993,6.2151,6.1259,6.1836,372000
2010-03-05,6.2151,6.2413,6.1574,6.2361,337900
2010-03-08,6.2098,6.2308,6.1626,6.1784,459000
2010-03-09,6.1836,6.2203,6.1364,6.1784,312600
2010-03-10,6.1312,6.1993,6.1312,6.1889,367900
2010-03-11,6.1679,6.2466,6.1679,6.2413,278300
2010-03-12,6.2518,6.2623,6.1731,6.2098,178900
2010-03-15,6.2203,6.2308,6.1469,6.1836,214300
2010-03-16,6.2151,6.2203,6.1626,6.1941,414300
2010-03-17,6.1993,6.1993,6.1521,6.1889,337800
2010-03-18,6.1993,6.2151,6.1574,6.1993,330200
2010-03-19,6.2151,6.2466,6.1521,6.2466,875200
2010-03-22,6.2151,6.2413,6.1574,6.2151,434800
2010-03-23,6.2046,6.2466,6.1521,6.2308,639100
2010-03-24,6.2308,6.2413,6.1889,6.2098,589600
2010-03-25,6.2098,6.2413,6.1731,6.1836,542300
2010-03-26,6.1731,6.2072,6.0735,6.1259,465000
2010-03-29,6.1626,6.1836,6.0577,6.0787,555500
2010-03-30,6.1154,6.2308,6.1049,6.1836,1024600
2010-03-31,6.1469,6.2256,6.1312,6.1521,784800
2010-04-01,6.2098,6.2151,6.1259,6.2151,714500
2010-04-05,6.2151,6.2203,6.1364,6.1731,430900
2010-04-06,6.1207,6.2203,6.1207,6.2203,455100
2010-04-07,6.1941,6.2256,6.1626,6.2256,567600
2010-04-08,6.2256,6.2361,6.1784,6.2308,320400
2010-04-09,6.2256,6.2256,6.1679,6.2151,340200
2010-04-12,6.1993,6.2413,6.1889,6.2256,162200
2010-04-13,6.1993,6.2518,6.1889,6.2466,324600
2010-04-14,6.2413,6.2518,6.2151,6.2518,515000
2010-04-15,6.2308,6.2623,6.1993,6.2466,478000
2010-04-16,6.2413,6.2466,6.1836,6.1889,483700
2010-04-19,6.1889,6.2046,6.1128,6.1521,433700
2010-04-20,6.1626,6.1993,6.1312,6.1941,294300
2010-04-21,6.1836,6.2466,6.1627,6.2466,499500
2010-04-22,6.2466,6.5822,6.1836,6.5560,1170100
2010-04-23,6.6084,6.7081,6.5612,6.6924,1039400
2010-04-26,6.6924,6.7081,6.5875,6.6084,549400
2010-04-27,6.5717,6.6766,6.4983,6.4983,903300
2010-04-28,6.5673,6.5990,6.4615,6.4721,362700
2010-04-29,6.5197,6.6889,6.4562,6.6783,707800
2010-04-30,6.6783,6.6783,6.5884,6.5990,585800
2010-05-03,6.6307,6.7523,6.5990,6.7259,666800
2010-05-04,6.6571,6.6994,6.5673,6.5990,693400
2010-05-05,6.5302,6.5514,6.3994,6.4404,631500
2010-05-06,6.4033,6.4774,6.0596,6.3505,786500
2010-05-07,6.3505,6.4086,6.1760,6.1760,784300
2010-05-10,6.3769,6.4245,6.2606,6.3557,452900
2010-05-11,6.3029,6.4245,6.2659,6.4033,270300
2010-05-12,6.4086,6.5091,6.3029,6.4774,432800
2010-05-13,6.5038,6.5990,6.3981,6.5567,511400
2010-05-14,6.5250,6.5302,6.4404,6.5144,359200
2010-05-17,6.5408,6.5778,6.4086,6.5250,344100
2010-05-18,6.5778,6.5831,6.4245,6.4404,428400
2010-05-19,6.4086,6.4351,6.2130,6.2394,673500
2010-05-20,6.1707,6.1865,5.9909,6.0226,540100
2010-05-21,5.9909,6.1760,5.9539,6.1707,782600
2010-05-24,6.1231,6.1442,6.0755,6.0808,413400
2010-05-25,5.9592,6.0702,5.9592,6.0702,591700
2010-05-26,6.0861,6.1813,6.0861,6.1707,821400
2010-05-27,6.2500,6.2500,6.1760,6.2394,242700
2010-05-28,6.2288,6.2288,6.1390,6.1495,317900
2010-06-01,6.1284,6.1839,5.9750,5.9750,766800
2010-06-02,5.9962,6.1181,5.8693,6.1178,866100
2010-06-03,6.1495,6.1495,6.0649,6.1337,372900
2010-06-04,6.0173,6.1019,5.9750,5.9856,566100
2010-06-07,6.0068,6.0967,5.9856,6.0068,623700
2010-06-08,6.0226,6.0544,5.9380,6.0438,524300
2010-06-09,6.1072,6.1072,5.9539,5.9803,304000
2010-06-10,6.0121,6.0967,6.0068,6.0914,352300
2010-06-11,6.0438,6.0993,6.0173,6.0702,213100
2010-06-14,6.1019,6.1495,6.0755,6.1178,401900
2010-06-15,6.1125,6.1971,6.0967,6.1813,716500
2010-06-16,6.1178,6.2368,6.1178,6.2024,404900
2010-06-17,6.2183,6.3029,6.1813,6.2870,779400
2010-06-18,6.3029,6.3187,6.2288,6.3029,812700
2010-06-21,6.3452,6.3452,6.1918,6.2288,775300
2010-06-22,6.2659,6.3345,6.2130,6.2130,672300
2010-06-23,6.2236,6.2817,6.2077,6.2394,494100
2010-06-24,6.2130,6.2659,6.1654,6.2077,822200
2010-06-25,6.2288,6.3928,6.2077,6.3769,9956000
2010-06-28,6.3557,6.3663,6.2421,6.2976,991300
2010-06-29,6.2606,6.2606,6.1442,6.1813,811600
2010-06-30,6.1971,6.3134,6.0438,6.0649,708900
2010-07-01,6.1442,6.1442,5.9380,6.1072,899500
2010-07-02,6.1390,6.1760,6.0015,6.0332,467300
2010-07-06,6.0861,6.1125,5.9698,5.9750,652100
2010-07-07,6.0121,6.0702,5.9539,6.0702,800400
2010-07-08,6.1125,6.1495,6.0649,6.1337,704500
2010-07-09,6.1442,6.1918,6.1337,6.1813,397400
2010-07-12,6.1813,6.2711,6.1707,6.1971,388400
2010-07-13,6.2447,6.3134,6.2077,6.3082,736600
2010-07-14,6.2764,6.2976,6.2183,6.2659,431400
2010-07-15,6.2606,6.2711,6.1337,6.2500,414500
2010-07-16,6.2077,6.2236,6.0173,6.0226,500800
2010-07-19,6.0491,6.0755,5.9274,5.9803,622000
2010-07-20,5.9010,6.0121,5.8693,6.0068,620800
2010-07-21,6.0702,6.1099,5.8957,5.9169,803800
2010-07-22,5.9909,6.1125,5.9116,6.0967,768100
2010-07-23,6.0544,6.2526,5.9962,6.2394,799700
2010-07-26,6.2764,6.3663,6.2077,6.3557,854200
2010-07-27,6.3981,6.3981,6.3293,6.3399,516400
2010-07-28,6.3716,6.3981,6.3293,6.3557,606500
2010-07-29,6.3875,6.3981,6.2976,6.3928,365200
2010-07-30,6.3029,6.4245,6.2764,6.4139,448700
2010-08-02,6.4562,6.5038,6.3478,6.3981,521000
2010-08-03,6.3987,6.3987,6.3027,6.3240,941800
2010-08-04,6.3187,6.4200,6.3187,6.3827,768200
2010-08-05,6.3294,6.3880,6.2760,6.2760,305400
2010-08-06,6.2067,6.2760,6.0787,6.1694,771500
2010-08-09,6.2227,6.2494,6.1215,6.1854,371800
2010-08-10,6.1107,6.1427,6.0627,6.0841,650200
2010-08-11,6.0201,6.0681,5.8868,5.8868,833900
2010-08-12,5.8335,5.9134,5.8175,5.8335,540700
2010-08-13,5.8121,5.8708,5.8015,5.8015,277700
2010-08-16,5.7535,5.8814,5.7535,5.8814,391500
2010-08-17,5.9508,6.0574,5.8921,5.9828,554400
2010-08-18,5.9934,6.0254,5.8708,5.9828,444000
2010-08-19,5.9614,6.0041,5.8388,5.8388,685800
2010-08-20,5.8121,5.8761,5.7535,5.8441,308200
2010-08-23,5.8814,5.8814,5.7695,5.7748,353500
2010-08-24,5.6948,5.8228,5.6948,5.7801,667900
2010-08-25,5.7535,5.8068,5.7161,5.7801,448600
2010-08-26,5.7801,5.8228,5.7296,5.7641,334200
2010-08-27,5.8335,5.8814,5.7215,5.8814,375600
2010-08-30,5.8441,5.8441,5.6255,5.6308,378800
2010-08-31,5.6575,5.8068,5.6575,5.7321,616600
2010-09-01,5.8175,5.8921,5.8068,5.8655,594100
2010-09-02,5.8814,5.9561,5.8281,5.9561,363800
2010-09-03,5.9988,6.0681,5.9934,6.0627,291500
2010-09-07,6.0574,6.0627,5.9241,5.9561,509200
2010-09-08,5.9881,6.0361,5.9454,5.9561,256400
2010-09-09,6.0414,6.0414,5.9668,6.0201,399100
2010-09-10,6.0201,6.0361,5.9809,5.9934,542800
2010-09-13,6.0414,6.1854,6.0201,6.1747,507300
2010-09-14,6.1801,6.1907,6.1001,6.1161,331400
2010-09-15,6.0894,6.1974,6.0350,6.1161,771100
2010-09-16,6.0947,6.1694,5.9828,6.0041,340800
2010-09-17,6.0787,6.1107,5.9294,6.1054,644200
2010-09-20,6.1054,6.1960,6.0467,6.1854,655800
2010-09-21,6.1747,6.1801,6.0361,6.0414,758000
2010-09-22,5.8921,6.0574,5.8921,5.9294,502500
2010-09-23,5.8974,5.9881,5.8388,5.8388,491000
2010-09-24,5.9241,5.9827,5.8388,5.9614,536700
2010-09-27,5.9881,5.9988,5.8655,5.9134,448000
2010-09-28,5.9454,5.9988,5.8708,5.9774,646800
2010-09-29,5.9454,5.9934,5.9294,5.9561,547800
2010-09-30,5.9988,6.0467,5.9134,5.9614,672200
2010-10-01,6.0201,6.0254,5.9134,5.9881,462200
2010-10-04,5.9721,5.9934,5.7215,5.7748,1104200
2010-10-05,5.8335,5.9401,5.7908,5.8868,1073000
2010-10-06,5.8921,5.9881,5.8921,5.9614,904200
2010-10-07,6.0148,6.0467,5.9454,5.9934,704400
2010-10-08,5.9774,6.0627,5.9241,6.0041,566700
2010-10-11,5.9881,6.0254,5.9614,5.9881,351300
2010-10-12,5.9881,6.0681,5.9454,6.0308,749000
2010-10-13,6.0414,6.1001,5.9668,6.0521,848200
2010-10-14,6.0308,6.0947,6.0041,6.0521,538600
2010-10-15,6.1161,6.1267,5.9348,5.9454,774900
2010-10-18,5.9774,6.0787,5.9508,6.0787,246900
2010-10-19,5.9881,6.1267,5.9881,6.0254,450700
2010-10-20,6.0681,6.1161,6.0041,6.0787,700500
2010-10-21,6.0787,6.1267,5.9721,6.0361,538900
2010-10-22,6.0521,6.0841,5.9881,6.0414,529300
2010-10-25,6.0627,6.0947,5.9934,6.0148,477700
2010-10-26,5.9988,6.0521,5.9614,6.0041,319800
2010-10-27,5.9988,6.0627,5.9454,6.0467,589000
2010-10-28,6.0627,6.0787,5.9934,6.0467,445500
2010-10-29,6.0201,6.0787,6.0068,6.0467,271700
2010-11-01,6.0681,6.0787,5.9561,6.0414,581700
2010-11-02,6.1059,6.1059,6.0360,6.0467,609100
2010-11-03,6.0736,6.0790,5.9876,6.0521,435500
2010-11-04,6.1274,6.1759,6.0521,6.0898,1060700
2010-11-05,6.0844,6.1382,6.0575,6.0952,769000
2010-11-08,6.1059,6.1382,6.0091,6.0293,1164900
2010-11-09,6.0037,6.0279,5.8746,5.8961,1130100
2010-11-10,5.9123,5.9270,5.8907,5.9015,1196900
2010-11-11,5.8746,5.9176,5.8585,5.8692,709900
2010-11-12,5.8477,5.8907,5.8369,5.8477,958500
2010-11-15,5.8800,5.9015,5.8531,5.8638,481800
2010-11-16,5.8423,5.8585,5.7778,5.7778,660500
2010-11-17,5.7939,5.8100,5.7293,5.7724,490200
2010-11-18,5.8531,5.8692,5.7616,5.8047,1644400
2010-11-19,5.8047,5.8047,5.7186,5.7455,1126200
2010-11-22,5.7293,5.7562,5.6702,5.6971,589500
2010-11-23,5.6540,5.7024,5.5949,5.6110,1561900
2010-11-24,5.6540,5.7024,5.6056,5.6487,1795900
2010-11-26,5.6110,5.6675,5.6110,5.6164,239000
2010-11-29,5.5949,5.6594,5.5895,5.6433,907200
2010-11-30,5.6056,5.6433,5.5088,5.5195,1478700
2010-12-01,5.6164,5.6487,5.5384,5.6056,3327900
2010-12-02,5.6218,5.8154,5.6110,5.7993,4868300
2010-12-03,5.7993,5.9015,5.7078,5.8746,1778300
2010-12-06,5.8477,5.8638,5.7724,5.8154,1168700
2010-12-07,5.8692,5.8907,5.8369,5.8638,899500
2010-12-08,5.8854,6.0145,5.8531,5.9768,935600
2010-12-09,6.0198,6.0844,5.9822,6.0683,926500
2010-12-10,6.0952,6.1113,6.0252,6.1005,678900
2010-12-13,6.1113,6.1274,6.0629,6.0736,663700
2010-12-14,6.0898,6.0952,6.0360,6.0467,964600
2010-12-15,6.0145,6.1226,6.0091,6.0844,745500
2010-12-16,6.1059,6.1382,6.0575,6.1005,393700
2010-12-17,6.0844,6.1328,6.0683,6.0790,1273900
2010-12-20,6.1167,6.1812,6.0575,6.1597,706400
2010-12-21,6.1597,6.2996,6.1059,6.2404,820700
2010-12-22,6.2566,6.3426,6.2189,6.3104,1128200
2010-12-23,6.3265,6.3346,6.2781,6.3104,328600
2010-12-27,6.3050,6.3588,6.2673,6.3426,225600
2010-12-28,6.3211,6.3641,6.2996,6.3588,420300
2010-12-29,6.3910,6.4018,6.3104,6.3157,240600
2010-12-30,6.3104,6.3641,6.3104,6.3372,405500
2010-12-31,6.3265,6.3641,6.3104,6.3359,444700
2011-01-03,6.3641,6.3964,6.3265,6.3588,607200
2011-01-04,6.3857,6.3857,6.1705,6.2081,1436800
2011-01-05,6.2028,6.3211,6.1866,6.3050,515800
2011-01-06,6.2942,6.3211,6.2297,6.2619,1175200
2011-01-07,6.2942,6.4179,6.2673,6.4179,1626500
2011-01-10,6.3803,6.3964,6.2727,6.3265,901000
2011-01-11,6.3641,6.3910,6.2888,6.3534,973400
2011-01-12,6.4126,6.4179,6.3588,6.4126,872900
2011-01-13,6.4179,6.4502,6.3588,6.4018,531800
2011-01-14,6.4287,6.4986,6.3534,6.4771,805400
2011-01-18,6.4448,6.5255,6.3803,6.5202,851100
2011-01-19,6.4986,6.5094,6.4179,6.4233,905600
2011-01-20,6.4341,6.4825,6.3910,6.4018,1080400
2011-01-21,6.4556,6.4717,6.4233,6.4502,1157700
2011-01-24,6.4610,6.4771,6.4018,6.4233,731500
2011-01-25,6.4502,6.4825,6.3857,6.4448,1205000
2011-01-26,6.4287,6.4664,6.4018,6.4448,1820800
2011-01-27,6.4448,6.4610,6.3641,6.3695,1628600
2011-01-28,6.3749,6.3964,6.2888,6.2996,933300
2011-01-31,6.3426,6.3480,6.2781,6.3023,726100
2011-02-01,6.3265,6.4233,6.3265,6.3695,1310800
2011-02-02,6.3311,6.5209,6.3311,6.4287,1401800
2011-02-03,6.4016,6.6132,6.3690,6.5155,1491200
2011-02-04,6.5318,6.5535,6.4721,6.5101,632700
2011-02-07,6.4992,6.5535,6.4775,6.5481,859600
2011-02-08,6.5643,6.6186,6.5318,6.6186,728600
2011-02-09,6.5806,6.6240,6.5535,6.6077,572400
2011-02-10,6.5915,6.6077,6.5101,6.5915,1255600
2011-02-11,6.5535,6.7651,6.5535,6.7651,935700
2011-02-14,6.7271,6.7759,6.6945,6.7325,890000
2011-02-15,6.7271,6.7651,6.7217,6.7379,446000
2011-02-16,6.7379,6.7976,6.6994,6.7922,600300
2011-02-17,6.7868,6.7922,6.7054,6.7813,454200
2011-02-18,6.7813,6.7813,6.7000,6.7271,702900
2011-02-22,6.6728,6.7108,6.5264,6.5589,963600
2011-02-23,6.5752,6.6349,6.4992,6.5047,663700
2011-02-24,6.5318,6.5535,6.4775,6.4992,799300
2011-02-25,6.5047,6.6132,6.5047,6.6077,433300
2011-02-28,6.6457,6.6566,6.5698,6.5860,505400
2011-03-01,6.5806,6.5806,6.5264,6.5535,776200
2011-03-02,6.5426,6.5779,6.4992,6.5481,761000
2011-03-03,6.6186,6.7488,6.6186,6.7271,847400
2011-03-04,6.7542,6.7542,6.6186,6.6728,961300
2011-03-07,6.7217,6.7488,6.5643,6.6132,448300
2011-03-08,6.6294,6.7705,6.5698,6.7352,578700
2011-03-09,6.7434,6.7582,6.6783,6.7379,317900
2011-03-10,6.6783,6.7054,6.5535,6.5752,547800
2011-03-11,6.5698,6.6349,6.5372,6.6077,676200
2011-03-14,6.5643,6.5969,6.5318,6.5698,298900
2011-03-15,6.4450,6.7813,6.4450,6.6620,1716500
2011-03-16,6.6620,6.8057,6.6240,6.6891,1559900
2011-03-17,6.7651,6.7705,6.6511,6.6620,527500
2011-03-18,6.7054,6.7217,6.6403,6.6403,1145200
2011-03-21,6.6945,6.7217,6.6511,6.7000,547200
2011-03-22,6.6783,6.7217,6.6727,6.6728,231100
2011-03-23,6.6511,6.6891,6.6023,6.6620,561200
2011-03-24,6.6891,6.7108,6.6186,6.6620,666600
2011-03-25,6.6891,6.7705,6.6403,6.6674,544500
2011-03-28,6.6674,6.7108,6.6457,6.6674,398900
2011-03-29,6.6783,6.7054,6.6728,6.6891,306900
2011-03-30,6.7162,6.7813,6.6791,6.7651,429600
2011-03-31,6.7434,6.8302,6.6891,6.8030,575200
2011-04-01,6.8302,6.8302,6.7325,6.7488,603400
2011-04-04,6.7976,6.8193,6.7108,6.7325,550600
2011-04-05,6.7217,6.7542,6.6837,6.7108,449500
2011-04-06,6.7217,6.7732,6.6674,6.7596,518000
2011-04-07,6.7759,6.7921,6.7276,6.7379,380100
2011-04-08,6.7379,6.7488,6.6511,6.6674,562400
2011-04-11,6.6511,6.7108,6.6511,6.6620,342900
2011-04-12,6.6457,6.6837,6.6294,6.6294,395600
2011-04-13,6.6457,6.6728,6.6023,6.6186,553800
2011-04-14,6.5752,6.6783,6.5752,6.6728,480000
2011-04-15,6.6403,6.7054,6.6023,6.6945,525300
2011-04-18,6.6457,6.6620,6.5915,6.6349,475200
2011-04-19,6.6620,6.6945,6.6023,6.6023,430700
2011-04-20,6.6674,6.7162,6.6511,6.6891,457900
2011-04-21,6.7325,6.7325,6.6620,6.6945,262700
2011-04-25,6.6728,6.7542,6.6728,6.7189,418900
2011-04-26,6.7434,6.8736,6.7217,6.7759,749900
2011-04-27,6.6294,6.7868,6.6294,6.7434,1773300
2011-04-28,6.7434,6.7868,6.6674,6.7813,368900
2011-04-29,6.7813,6.8356,6.7325,6.8247,481000
2011-05-02,6.8410,6.8410,6.7379,6.7705,618800
2011-05-03,6.7923,6.8635,6.7266,6.7759,726100
2011-05-04,6.7650,6.7978,6.7103,6.7321,602000
2011-05-05,6.7321,6.8142,6.6610,6.6993,1200000
2011-05-06,6.7595,6.7951,6.6774,6.6938,578600
2011-05-09,6.6774,6.7321,6.5953,6.7048,1193500
2011-05-10,6.7485,6.7923,6.7102,6.7759,313700
2011-05-11,6.7814,6.7814,6.6719,6.6993,603300
2011-05-12,6.6719,6.7650,6.6391,6.7540,366000
2011-05-13,6.7650,6.7978,6.6227,6.6692,505300
2011-05-16,6.6227,6.7321,6.6227,6.6829,875200
2011-05-17,6.6774,6.7540,6.6336,6.7431,828700
2011-05-18,6.7376,6.7595,6.6993,6.7540,445200
2011-05-19,6.8087,6.8142,6.7266,6.7814,518500
2011-05-20,6.7376,6.7896,6.7157,6.7266,485400
2011-05-23,6.6719,6.7704,6.6664,6.7048,471600
2011-05-24,6.7048,6.7431,6.6227,6.6391,550200
2011-05-25,6.6117,6.7157,6.6117,6.6774,363100
2011-05-26,6.6555,6.7321,6.6062,6.6938,522300
2011-05-27,6.7102,6.7540,6.6993,6.7321,322300
2011-05-31,6.7814,6.8744,6.6774,6.8690,835600
2011-06-01,6.8471,6.8471,6.5953,6.6062,710200
2011-06-02,6.6227,6.7157,6.5953,6.6719,513000
2011-06-03,6.6391,6.6610,6.5953,6.5953,477400
2011-06-06,6.6117,6.6500,6.5679,6.5789,563100
2011-06-07,6.6336,6.6664,6.5898,6.5953,316400
2011-06-08,6.5625,6.6555,6.5570,6.6172,533700
2011-06-09,6.6227,6.6227,6.5734,6.6008,556400
2011-06-10,6.5625,6.6117,6.5132,6.5406,442100
2011-06-13,6.5789,6.5843,6.5187,6.5460,530100
2011-06-14,6.5679,6.6555,6.5515,6.6336,511200
2011-06-15,6.5953,6.6227,6.5351,6.5515,547100
2011-06-16,6.5625,6.6993,6.5570,6.6637,613700
2011-06-17,6.6938,6.7431,6.6610,6.7048,696100
2011-06-20,6.6774,6.7869,6.6445,6.7266,368900
2011-06-21,6.7595,6.7704,6.6829,6.7485,421400
2011-06-22,6.7048,6.7266,6.6664,6.6664,269500
2011-06-23,6.6117,6.6664,6.5679,6.6117,549700
2011-06-24,6.6172,6.6883,6.6008,6.6445,1827500
2011-06-27,6.6445,6.7212,6.6336,6.6719,374900
2011-06-28,6.8361,6.9237,6.7704,6.8580,3571700
2011-06-29,6.8854,6.8854,6.7923,6.8361,1249700
2011-06-30,6.8416,6.8963,6.7869,6.8854,1138100
2011-07-01,6.8963,7.0769,6.8580,7.0222,12752600
2011-07-05,7.0277,7.0496,6.9511,7.0332,1353900
2011-07-06,7.0277,7.2028,6.9292,7.1371,1581300
2011-07-07,7.1809,7.3123,7.1536,7.2138,1432500
2011-07-08,7.1207,7.1864,7.0879,7.0988,662200
2011-07-11,7.0550,7.0660,6.9921,7.0167,670600
2011-07-12,6.9784,7.1153,6.9237,7.0605,582300
2011-07-13,7.0824,7.1481,7.0605,7.0988,627100
2011-07-14,7.0879,7.0934,7.0222,7.0332,654200
2011-07-15,7.0386,7.0769,6.9456,6.9729,621800
2011-07-18,6.9237,6.9428,6.8306,6.8690,739500
2011-07-19,6.9127,6.9456,6.8416,6.9401,713000
2011-07-20,6.9620,6.9784,6.8799,6.9620,516300
2011-07-21,6.9894,7.0386,6.9401,7.0058,439400
2011-07-22,7.0167,7.0332,6.9264,7.0113,639100
2011-07-25,6.9292,7.0167,6.8525,6.9127,825100
2011-07-26,6.8908,6.9401,6.7212,6.7212,795900
2011-07-27,6.7048,6.7048,6.6117,6.6227,964700
2011-07-28,6.6500,6.6883,6.6227,6.6281,570500
2011-07-29,6.5898,6.8416,6.5898,6.7266,825200
2011-08-01,6.7923,6.8142,6.6336,6.7102,1010600
2011-08-02,6.6876,6.7760,6.6876,6.7650,1044700
2011-08-03,6.7650,6.8202,6.6214,6.7594,780600
2011-08-04,6.7042,6.7594,6.5772,6.5855,956700
2011-08-05,6.6159,6.7318,6.4557,6.5441,1476100
2011-08-08,6.4115,6.5938,6.0802,6.0802,1746300
2011-08-09,6.1962,6.4060,6.0084,6.4005,2395300
2011-08-10,6.2735,6.3839,6.0250,6.0857,2375200
2011-08-11,6.1188,6.4281,6.0802,6.3618,1257800
2011-08-12,6.3950,6.4723,6.3011,6.3342,824100
2011-08-15,6.3839,6.5220,6.3839,6.5165,553700
2011-08-16,6.4557,6.4668,6.3287,6.3673,884500
2011-08-17,6.3839,6.4281,6.2956,6.3508,941400
2011-08-18,6.2514,6.2641,6.0691,6.0857,1126900
2011-08-19,6.0194,6.2459,5.9421,6.0470,1041800
2011-08-22,6.1851,6.3121,5.9311,5.9863,598500
2011-08-23,5.9808,6.2624,5.9661,6.2569,1084000
2011-08-24,6.2569,6.4612,6.1796,6.4447,885600
2011-08-25,6.4723,6.6103,6.2735,6.3287,960800
2011-08-26,6.3011,6.5054,6.2293,6.4778,860200
2011-08-29,6.5275,6.6766,6.5275,6.6269,623500
2011-08-30,6.5662,6.6269,6.4502,6.5827,728200
2011-08-31,6.5938,6.6821,6.4778,6.5827,1094800
2011-09-01,6.5662,6.6545,6.3894,6.4115,814800
2011-09-02,6.3011,6.4170,6.2017,6.2017,1004100
2011-09-06,6.0636,6.4170,6.0636,6.3950,1457000
2011-09-07,6.4888,6.6269,6.2845,6.6103,1216900
2011-09-08,6.5662,6.6545,6.5441,6.6159,1311800
2011-09-09,6.5551,6.6462,6.4778,6.5441,1236700
2011-09-12,6.6435,6.7318,6.4447,6.7208,980900
2011-09-13,6.7318,6.8257,6.6766,6.7981,937500
2011-09-14,6.8368,6.8588,6.7097,6.7926,1189200
2011-09-15,6.8423,6.9306,6.7373,6.9306,677100
2011-09-16,6.9803,6.9803,6.7705,6.9196,1922900
2011-09-19,6.7981,6.8865,6.7153,6.7760,648000
2011-09-20,6.7926,6.8947,6.6932,6.7097,760300
2011-09-21,6.7208,6.7650,6.4668,6.4833,993400
2011-09-22,6.3232,6.4944,6.3232,6.3950,1161100
2011-09-23,6.3784,6.4612,6.3397,6.4226,813600
2011-09-26,6.4833,6.5772,6.3867,6.5220,1309800
2011-09-27,6.6490,6.7558,6.5330,6.5882,973200
2011-09-28,6.5662,6.7018,6.4170,6.4226,868800
2011-09-29,6.5496,6.8588,6.4447,6.6932,1168600
2011-09-30,6.6159,6.7373,6.4888,6.5772,927400
2011-10-03,6.5109,6.6876,6.3011,6.3011,784300
2011-10-04,6.2569,6.6932,6.2569,6.6711,1099500
2011-10-05,6.6656,6.7318,6.5330,6.6656,624500
2011-10-06,6.6379,6.8202,6.6214,6.8091,900100
2011-10-07,6.8091,6.8091,6.5772,6.5882,694600
2011-10-10,6.6656,6.8036,6.6545,6.8036,641200
2011-10-11,6.7484,6.8754,6.6987,6.8588,745600
2011-10-12,6.8865,6.9527,6.8588,6.8865,880700
2011-10-13,6.8368,6.8699,6.7097,6.7981,427300
2011-10-14,6.8423,6.9472,6.6711,6.8312,591300
2011-10-17,6.7650,6.8731,6.6159,6.6379,541700
2011-10-18,6.6490,6.9306,6.5551,6.8699,788700
2011-10-19,6.8533,6.9417,6.7650,6.7926,555800
2011-10-20,6.7760,6.8147,6.5662,6.6932,863900
2011-10-21,6.8368,6.9748,6.7318,6.8920,620800
2011-10-24,6.8920,6.9803,6.8091,6.9472,680700
2011-10-25,6.8478,6.9417,6.6987,6.7042,769600
2011-10-26,6.8036,6.8699,6.7263,6.8091,860900
2011-10-27,6.9803,7.1405,6.6987,7.0466,1372200
2011-10-28,7.0245,7.0908,6.9306,7.0411,671100
2011-10-31,6.9417,7.0416,6.8699,6.8865,572800
2011-11-01,6.6880,6.8329,6.6266,6.6545,732000
2011-11-02,6.7548,6.8607,6.7270,6.8161,502300
2011-11-03,6.8997,6.9332,6.7437,6.8552,679500
2011-11-04,6.8106,6.8607,6.7493,6.8273,383700
2011-11-07,6.8161,6.8552,6.6991,6.8329,277700
2011-11-08,6.8496,6.9443,6.7437,6.9220,433800
2011-11-09,6.7716,6.8440,6.6266,6.6322,554100
2011-11-10,6.7270,6.7487,6.6322,6.7214,515400
2011-11-11,6.7938,6.8774,6.7660,6.8663,417100
2011-11-14,6.8607,6.9043,6.6991,6.7548,458500
2011-11-15,6.7102,6.8524,6.7102,6.8329,440900
2011-11-16,6.7548,6.8552,6.6712,6.7158,1023200
2011-11-17,6.7270,6.8217,6.6880,6.7270,417100
2011-11-18,6.7158,6.7994,6.7047,6.7214,400500
2011-11-21,6.6489,6.6824,6.5653,6.5932,382100
2011-11-22,6.5821,6.6485,6.4817,6.4873,411100
2011-11-23,6.4539,6.4650,6.3257,6.3424,381900
2011-11-25,6.3424,6.4762,6.3424,6.3758,350500
2011-11-28,6.5040,6.5598,6.4093,6.5598,679400
2011-11-29,6.5486,6.6601,6.4427,6.6266,716900
2011-11-30,6.8329,6.9332,6.6935,6.9220,1032800
2011-12-01,6.8830,6.9388,6.7827,6.8106,473500
2011-12-02,6.8942,6.9388,6.8440,6.8886,361600
2011-12-05,6.9499,6.9666,6.8552,6.9109,703000
2011-12-06,6.9053,6.9722,6.8607,6.9332,382100
2011-12-07,6.9165,6.9276,6.7381,6.9053,443700
2011-12-08,6.8719,6.8719,6.6880,6.6880,371400
2011-12-09,6.7214,6.9499,6.6991,6.9220,370000
2011-12-12,6.8440,6.8997,6.7548,6.8886,419800
2011-12-13,6.9555,7.0112,6.7325,6.7660,596800
2011-12-14,6.6991,6.8106,6.6768,6.6880,456500
2011-12-15,6.7771,6.8301,6.7271,6.7716,452900
2011-12-16,6.8217,6.9332,6.7493,6.7827,1962700
2011-12-19,6.8273,6.8997,6.6880,6.6935,968800
2011-12-20,6.8161,6.9443,6.8106,6.9332,508000
2011-12-21,6.9332,7.0056,6.8161,6.9889,809000
2011-12-22,6.9610,7.0614,6.9224,7.0112,533500
2011-12-23,7.0446,7.0530,6.9778,7.0112,200000
2011-12-27,6.9778,7.0558,6.9220,7.0279,341600
2011-12-28,7.0335,7.0335,6.9165,6.9220,333200
2011-12-29,6.9332,7.0446,6.9053,7.0446,341900
2011-12-30,7.0112,7.1059,6.9332,6.9332,334700
2012-01-03,7.0558,7.0725,6.9945,7.0391,524400
2012-01-04,6.9833,7.0720,6.9443,7.0669,451500
2012-01-05,7.0224,7.1059,6.9499,7.0837,518800
2012-01-06,7.0948,7.1059,6.9945,7.0781,364500
2012-01-09,7.1059,7.1059,7.0056,7.0669,297600
2012-01-10,7.1282,7.1450,7.0725,7.1059,335600
2012-01-11,7.1004,7.1338,7.0056,7.1227,344000
2012-01-12,7.1171,7.1338,7.0001,7.1338,312500
2012-01-13,7.0502,7.1171,7.0335,7.0837,253100
2012-01-17,7.1338,7.1338,6.9833,6.9945,514800
2012-01-18,7.0001,7.0614,6.9220,7.0614,539000
2012-01-19,7.0725,7.1561,6.9276,6.9666,766900
2012-01-20,6.9499,7.1282,6.9443,7.1004,437700
2012-01-23,7.1115,7.1338,7.0001,7.0446,213400
2012-01-24,7.0056,7.0335,6.9555,7.0001,388500
2012-01-25,6.9833,7.0391,6.8997,7.0001,640600
2012-01-26,7.0224,7.0224,6.8942,6.9276,590000
2012-01-27,6.9276,7.0558,6.9276,7.0112,736500
2012-01-30,6.9555,6.9889,6.9109,6.9276,468000
2012-01-31,6.9782,7.0007,6.9050,6.9332,416500
2012-02-01,6.9726,7.0570,6.9107,7.0232,657600
2012-02-02,7.0063,7.1076,6.9782,7.0739,412600
2012-02-03,7.1920,7.2708,7.1245,7.2146,424700
2012-02-06,7.2033,7.2033,7.0851,7.1020,270700
2012-02-07,7.0851,7.1639,7.0682,7.0739,242500
2012-02-08,7.0964,7.1920,7.0682,7.1695,306100
2012-02-09,7.1808,7.2202,7.1048,7.1133,239400
2012-02-10,7.0401,7.1245,7.0401,7.0514,361200
2012-02-13,7.1358,7.1527,7.0682,7.1133,242600
2012-02-14,7.0851,7.1020,6.9895,7.0570,217100
2012-02-15,7.0626,7.1470,6.9754,7.0063,368700
2012-02-16,7.0345,7.0964,6.9782,7.0851,768800
2012-02-17,7.1301,7.1920,7.0542,7.1245,268400
2012-02-21,7.1133,7.1752,7.0570,7.1358,441200
2012-02-22,7.1076,7.1527,6.8319,7.0345,273200
2012-02-23,7.0345,7.1920,7.0232,7.1864,267400
2012-02-24,7.1808,7.2012,7.1076,7.1133,151800
2012-02-27,7.0682,7.2483,7.0232,7.1752,274200
2012-02-28,7.1752,7.2483,7.1470,7.1583,413600
2012-02-29,7.1695,7.2427,7.0739,7.1020,818500
2012-03-01,7.1301,7.1695,7.0345,7.0345,456700
2012-03-02,7.0514,7.0851,6.9219,6.9444,475700
2012-03-05,6.9219,7.0457,6.9219,7.0232,416700
2012-03-06,6.9557,7.0059,6.8882,6.8994,290800
2012-03-07,6.9444,6.9669,6.8938,6.9388,183800
2012-03-08,6.9669,7.0007,6.8488,6.9276,213700
2012-03-09,6.9388,7.0851,6.9219,7.0514,241700
2012-03-12,7.0626,7.0626,6.9219,6.9501,392100
2012-03-13,7.0120,7.1048,6.9557,7.0964,694000
2012-03-14,7.0907,7.1245,7.0175,7.0626,269400
2012-03-15,7.0795,7.1920,7.0401,7.1752,236300
2012-03-16,7.1977,7.2033,7.1245,7.1752,643400
2012-03-19,7.1583,7.2765,7.1133,7.2596,645800
2012-03-20,7.2146,7.2821,7.1808,7.2652,330200
2012-03-21,7.2089,7.2765,7.1977,7.2202,220000
2012-03-22,7.1527,7.1808,7.0851,7.1527,225100
2012-03-23,7.1301,7.2089,7.1076,7.2033,460100
2012-03-26,7.2483,7.3159,7.2202,7.2821,308300
2012-03-27,7.2933,7.3046,7.2258,7.2258,232800
2012-03-28,7.2258,7.3327,7.2202,7.3271,273200
2012-03-29,7.2652,7.3159,7.1481,7.1977,446600
2012-03-30,7.2596,7.3609,7.1470,7.1470,442900
2012-04-02,7.1414,7.2933,7.0936,7.2765,430300
2012-04-03,7.2539,7.3159,7.1808,7.2821,346300
2012-04-04,7.2033,7.2198,7.1189,7.1583,259900
2012-04-05,7.1189,7.1306,7.0907,7.1076,285600
2012-04-09,7.0401,7.0964,6.9951,7.0232,266200
2012-04-10,7.0232,7.0677,6.8938,6.9050,384100
2012-04-11,6.9782,7.0514,6.9276,7.0514,375500
2012-04-12,7.0401,7.1076,7.0120,7.0851,222200
2012-04-13,7.0401,7.0401,6.8938,6.8994,287200
2012-04-16,6.9107,7.0288,6.8882,6.9951,223900
2012-04-17,7.0570,7.1583,7.0120,7.1189,361600
2012-04-18,7.0739,7.0907,6.9669,7.0232,201800
2012-04-19,7.0007,7.0401,6.9163,7.0007,441100
2012-04-20,7.1414,7.1414,6.9332,7.0514,297700
2012-04-23,6.9444,7.0063,6.8938,6.9219,311300
2012-04-24,6.9388,6.9782,6.8600,6.9444,504900
2012-04-25,7.0120,7.0288,6.9219,6.9557,460900
2012-04-26,6.9163,6.9669,6.8882,6.9613,242100
2012-04-27,6.9444,7.0345,6.9219,7.0120,236400
2012-04-30,7.0345,7.0570,6.9163,6.9332,321700
2012-05-01,6.9107,7.0187,6.8880,6.9050,436300
2012-05-02,6.8823,6.9448,6.8425,6.9164,348000
2012-05-03,6.8937,6.9448,6.7573,6.8312,1014900
2012-05-04,6.8027,6.8823,6.7516,6.8368,586900
2012-05-07,6.8368,6.9221,6.8198,6.8880,525100
2012-05-08,6.8539,6.9335,6.8312,6.8823,560700
2012-05-09,6.8312,6.8880,6.7914,6.8141,453700
2012-05-10,6.8482,6.9278,6.8198,6.8880,300000
2012-05-11,6.8198,6.8759,6.7914,6.8198,451300
2012-05-14,6.7743,6.8194,6.7402,6.7459,540600
2012-05-15,6.7345,6.8539,6.7345,6.8312,632500
2012-05-16,6.8368,6.8823,6.7857,6.7857,262600
2012-05-17,6.8255,6.8766,6.7516,6.7630,416400
2012-05-18,6.7459,6.8022,6.6834,6.6948,394800
2012-05-21,6.7061,6.7857,6.6834,6.7175,525000
2012-05-22,6.7289,6.7630,6.6095,6.6493,331100
2012-05-23,6.6095,6.6436,6.4959,6.6152,633000
2012-05-24,6.6209,6.6663,6.5243,6.6663,383500
2012-05-25,6.6777,6.7004,6.6322,6.6720,292700
2012-05-29,6.7345,6.7402,6.6436,6.6948,167500
2012-05-30,6.6379,6.6550,6.5584,6.5584,252300
2012-05-31,6.5527,6.5584,6.5015,6.5186,422900
2012-06-01,6.4049,6.4618,6.3254,6.3310,327800
2012-06-04,6.3310,6.3765,6.2685,6.3708,463100
2012-06-05,6.3822,6.4618,6.3367,6.4220,657900
2012-06-06,6.4390,6.5186,6.4163,6.5129,379300
2012-06-07,6.5868,6.5868,6.4902,6.5015,368100
2012-06-08,6.4788,6.6152,6.4532,6.5811,217100
2012-06-11,6.6493,6.6607,6.2913,6.3026,1039400
2012-06-12,6.3310,6.4277,6.3197,6.4106,321300
2012-06-13,6.3822,6.4788,6.2969,6.3651,319400
2012-06-14,6.3595,6.4390,6.3595,6.4277,239900
2012-06-15,6.4106,6.4390,6.3197,6.3310,1090200
2012-06-18,6.2969,6.3538,6.2969,6.3140,411100
2012-06-19,6.3310,6.4390,6.3083,6.3936,441300
2012-06-20,6.3708,6.5015,6.3708,6.4277,379100
2012-06-21,6.4561,6.4618,6.3651,6.4390,581000
2012-06-22,6.4845,6.5584,6.4447,6.5413,553200
2012-06-25,6.4788,6.5015,6.4384,6.4618,323100
2012-06-26,6.4561,6.5129,6.4447,6.4731,284900
2012-06-27,6.4731,6.5697,6.4504,6.5470,268000
2012-06-28,6.5015,6.5356,6.4021,6.5015,283600
2012-06-29,6.6266,6.6550,6.5470,6.6550,410200
2012-07-02,6.6493,6.7459,6.6322,6.7459,307000
2012-07-03,6.7686,6.8027,6.7402,6.7857,191400
2012-07-05,6.7459,6.7914,6.7289,6.7573,535300
2012-07-06,6.6834,6.7971,6.6834,6.7800,231100
2012-07-09,6.8312,6.8312,6.7459,6.7573,412700
2012-07-10,6.8141,6.8141,6.6152,6.7232,688400
2012-07-11,6.7175,6.7459,6.6948,6.7289,344800
2012-07-12,6.6948,6.7285,6.6294,6.6948,250900
2012-07-13,6.6948,6.7800,6.6209,6.7686,639700
2012-07-16,6.7289,6.7630,6.6555,6.7118,546800
2012-07-17,6.7573,6.7857,6.6379,6.7573,386100
2012-07-18,6.7459,6.8027,6.7232,6.7402,654500
2012-07-19,6.7118,6.7573,6.6266,6.6436,452200
2012-07-20,6.5925,6.6095,6.5072,6.5129,554300
2012-07-23,6.4277,6.4959,6.3765,6.4277,316300
2012-07-24,6.4561,6.5072,6.3992,6.4959,538400
2012-07-25,6.5300,6.5925,6.5072,6.5527,414100
2012-07-26,6.6266,6.6266,6.4561,6.5015,804800
2012-07-27,6.5129,6.6891,6.4163,6.6209,575900
2012-07-30,6.6266,6.6834,6.5811,6.6720,400600
2012-07-31,6.6604,6.7235,6.6259,6.6891,327600
2012-08-01,6.7006,6.7293,6.6374,6.6776,452100
2012-08-02,6.6489,6.6776,6.6144,6.6489,371000
2012-08-03,6.7006,6.8556,6.7006,6.8039,622700
2012-08-06,6.7867,6.8498,6.7637,6.8097,432900
2012-08-07,6.8269,6.9015,6.7580,6.8498,299100
2012-08-08,6.8384,6.8613,6.7982,6.8498,302100
2012-08-09,6.8326,6.8613,6.8154,6.8211,151700
2012-08-10,6.8097,6.8384,6.7695,6.8039,173800
2012-08-13,6.8154,6.8441,6.7006,6.7522,269400
2012-08-14,6.7924,6.8068,6.6891,6.7063,446300
2012-08-15,6.7006,6.7723,6.6891,6.7408,430500
2012-08-16,6.7695,6.7982,6.6719,6.7924,696900
2012-08-17,6.7637,6.8613,6.7580,6.8498,280400
2012-08-20,6.8269,6.9073,6.8269,6.9015,238800
2012-08-21,6.9187,7.0278,6.9073,6.9130,334400
2012-08-22,6.8900,6.9244,6.8498,6.8728,231300
2012-08-23,6.8441,6.9073,6.7809,6.8498,342100
2012-08-24,6.8154,6.9015,6.7580,6.8671,245700
2012-08-27,6.8728,6.9589,6.8613,6.8843,180900
2012-08-28,6.8728,6.9475,6.8443,6.8929,279000
2012-08-29,6.8900,6.9417,6.8843,6.9360,163700
2012-08-30,6.8616,6.9187,6.8616,6.9073,303200
2012-08-31,6.9302,6.9589,6.9015,6.9360,415500
2012-09-04,6.9360,7.0278,6.8958,7.0106,280300
2012-09-05,7.0508,7.0565,6.9762,7.0336,337400
2012-09-06,7.0565,7.1656,6.9876,7.1140,437600
2012-09-07,7.1484,7.1542,6.9130,6.9934,1177100
2012-09-10,6.9934,7.0336,6.9647,6.9704,338500
2012-09-11,6.9934,7.0221,6.9647,6.9991,318800
2012-09-12,7.0221,7.0393,6.9876,7.0192,193100
2012-09-13,6.9991,7.1484,6.9762,7.0967,410300
2012-09-14,7.1427,7.1943,7.1082,7.1484,448900
2012-09-17,7.1082,7.1427,7.0278,7.0393,329100
2012-09-18,7.0106,7.0853,7.0106,7.0565,235000
2012-09-19,7.0508,7.1369,7.0508,7.1197,394600
2012-09-20,7.0680,7.1886,7.0221,7.1659,476100
2012-09-21,7.2518,7.2518,7.1484,7.1542,624600
2012-09-24,7.1140,7.2518,7.0738,7.2288,254800
2012-09-25,7.2518,7.2920,7.1025,7.1138,391800
2012-09-26,7.1082,7.1811,7.0422,7.0680,225300
2012-09-27,7.0910,7.1699,6.9876,7.0795,268200
2012-09-28,7.0393,7.0680,7.0106,7.0221,268000
2012-10-01,7.0508,7.1771,7.0049,7.0169,294700
2012-10-02,7.0680,7.1312,7.0049,7.0853,311200
2012-10-03,7.1082,7.1082,7.0278,7.0451,250100
2012-10-04,7.1075,7.1197,7.0049,7.1082,335600
2012-10-05,7.1312,7.1599,6.9963,7.0795,568900
2012-10-08,7.0393,7.1082,7.0393,7.0680,342400
2012-10-09,7.0795,7.1531,7.0077,7.0336,258400
2012-10-10,7.0393,7.0853,7.0131,7.0795,246500
2012-10-11,7.1140,7.1254,7.0853,7.1025,187400
2012-10-12,7.0853,7.0853,6.9589,6.9819,234500
2012-10-15,7.0049,7.0565,6.9819,7.0164,224700
2012-10-16,7.0565,7.0910,6.9762,6.9934,210300
2012-10-17,6.9934,7.0853,6.9934,7.0853,196000
2012-10-18,7.0623,7.1082,6.9704,6.9704,319700
2012-10-19,6.9532,7.0221,6.9187,6.9991,498400
2012-10-22,7.0049,7.0278,6.9417,7.0164,267100
2012-10-23,6.8269,6.8843,6.6489,6.7637,758500
2012-10-24,6.7752,6.7809,6.6776,6.7522,538200
2012-10-25,6.8039,6.8556,6.7580,6.8441,391500
2012-10-26,6.8613,6.8728,6.7867,6.8384,424500
2012-10-31,6.8319,6.9537,6.8319,6.9015,351500
2012-11-01,6.9131,6.9827,6.8841,6.9073,450400
2012-11-02,6.9247,6.9247,6.7797,6.7913,403400
2012-11-05,6.8029,6.8725,6.7362,6.8148,298500
2012-11-06,6.8551,6.9595,6.8493,6.8725,416000
2012-11-07,6.8145,6.8261,6.6463,6.6463,446400
2012-11-08,6.6463,6.6869,6.5709,6.5825,362700
2012-11-09,6.5361,6.6579,6.4666,6.5999,310200
2012-11-12,6.6347,6.6579,6.5401,6.6115,206800
2012-11-13,6.5651,6.6405,6.5366,6.5825,257300
2012-11-14,6.5709,6.6347,6.5245,6.5419,328300
2012-11-15,6.5651,6.6173,6.4840,6.5418,462200
2012-11-16,6.5187,6.6231,6.4434,6.5999,466600
2012-11-19,6.6463,6.7159,6.5999,6.6289,470800
2012-11-20,6.5999,6.6985,6.5651,6.6695,380000
2012-11-21,6.6695,6.7101,6.6173,6.6985,271600
2012-11-23,6.7101,6.8435,6.7101,6.8319,232500
2012-11-26,6.8261,6.8783,6.7275,6.8609,316600
2012-11-27,6.8725,6.9015,6.7681,6.8551,397800
2012-11-28,6.8203,6.8377,6.7333,6.8319,459100
2012-11-29,6.8551,6.9247,6.8087,6.9015,303400
2012-11-30,6.9247,6.9479,6.8377,6.9189,507300
2012-12-03,6.9537,6.9537,6.8841,6.9247,212700
2012-12-04,6.9073,6.9363,6.8406,6.9363,488600
2012-12-05,6.9363,6.9479,6.8783,6.9305,396600
2012-12-06,6.9131,6.9537,6.8870,6.9131,432600
2012-12-07,6.9537,6.9537,6.8493,6.9189,373200
2012-12-10,6.9305,6.9421,6.9015,6.9305,376900
2012-12-11,6.9595,6.9827,6.9073,6.9827,513200
2012-12-12,6.9769,7.0117,6.9189,6.9363,432300
2012-12-13,6.9006,7.0295,6.9006,6.9885,454400
2012-12-14,6.9768,7.0119,6.9299,6.9592,192000
2012-12-17,6.9885,7.1584,6.9592,7.0588,1360400
2012-12-18,7.0530,7.0998,7.0295,7.0996,415100
2012-12-19,7.0998,7.1467,7.0705,7.0705,470900
2012-12-20,7.0940,7.0998,7.0295,7.0822,451800
2012-12-21,7.0412,7.1232,7.0237,7.1174,1343400
2012-12-24,7.1467,7.1467,6.9768,7.0764,299300
2012-12-26,7.0998,7.1643,7.0295,7.0471,331400
2012-12-27,7.0705,7.1467,6.9973,7.0998,664200
2012-12-28,7.0588,7.1057,7.0237,7.0530,465900
2012-12-31,7.0412,7.1174,7.0237,7.1115,386800
2013-01-02,7.1760,7.3048,7.1467,7.2873,836500
2013-01-03,7.2990,7.2990,7.2345,7.2580,405900
2013-01-04,7.2931,7.3107,7.2345,7.2756,309000
2013-01-07,7.2345,7.2638,7.2170,7.2521,269500
2013-01-08,7.2404,7.2783,7.1818,7.2463,270600
2013-01-09,7.2521,7.2931,7.2345,7.2697,339500
2013-01-10,7.2873,7.2873,7.2404,7.2756,142900
2013-01-11,7.2931,7.2931,7.1994,7.2638,276400
2013-01-14,7.2463,7.2638,7.2111,7.2463,360000
2013-01-15,7.2228,7.2345,7.1877,7.2053,493000
2013-01-16,7.1994,7.2111,7.1584,7.1643,388400
2013-01-17,7.1760,7.2111,7.1584,7.1994,757200
2013-01-18,7.1760,7.2228,7.1350,7.1350,600800
2013-01-22,7.1525,7.2580,7.1408,7.2463,737300
2013-01-23,7.2638,7.2638,7.1760,7.2111,397700
2013-01-24,7.2053,7.2697,7.1584,7.2111,860900
2013-01-25,7.2404,7.2638,7.2053,7.2111,590200
2013-01-28,7.2228,7.2345,7.1540,7.1935,519900
2013-01-29,7.1818,7.2287,7.1578,7.1701,466000
2013-01-30,7.1818,7.1935,7.0530,7.0881,787200
2013-01-31,7.0940,7.1525,7.0647,7.1467,1063400
2013-02-01,7.1643,7.1877,7.1291,7.1408,1071000
2013-02-04,7.1232,7.1467,7.0588,7.0705,497300
2013-02-05,7.0940,7.1877,7.0764,7.1760,1203500
2013-02-06,7.1408,7.2345,7.1408,7.2345,494400
2013-02-07,7.2463,7.2551,7.1935,7.2111,411500
2013-02-08,7.2345,7.2638,7.2170,7.2345,358700
2013-02-11,7.2521,7.2638,7.2345,7.2521,250700
2013-02-12,7.2521,7.2873,7.1818,7.2638,458500
2013-02-13,7.2580,7.3224,7.2111,7.3166,314900
2013-02-14,7.2873,7.3576,7.1760,7.3107,337000
2013-02-15,7.3517,7.3898,7.3048,7.3693,526200
2013-02-19,7.3986,7.5860,7.3751,7.5567,915700
2013-02-20,7.5567,7.5567,7.4161,7.4249,515300
2013-02-21,7.4337,7.4572,7.3576,7.3869,378200
2013-02-22,7.4337,7.4454,7.3869,7.4396,263500
2013-02-25,7.4747,7.4922,7.2814,7.2814,419600
2013-02-26,7.3224,7.3400,7.2638,7.3048,288300
2013-02-27,7.3166,7.3781,7.2697,7.3400,428500
2013-02-28,7.3459,7.3810,7.2873,7.3253,367500
2013-03-01,7.2580,7.3693,7.2111,7.3517,366600
2013-03-04,7.3166,7.4279,7.3019,7.3810,487300
2013-03-05,7.3986,7.4747,7.3048,7.3634,362800
2013-03-06,7.3634,7.4337,7.2990,7.3341,286700
2013-03-07,7.3224,7.3810,7.3166,7.3517,250000
2013-03-08,7.4337,7.4396,7.3576,7.3634,368500
2013-03-11,7.3400,7.3810,7.2814,7.3283,446500
2013-03-12,7.3283,7.3459,7.2521,7.2697,483900
2013-03-13,7.2931,7.3459,7.2463,7.3341,313300
2013-03-14,7.3459,7.4103,7.2814,7.3869,440400
2013-03-15,7.4044,7.4923,7.3751,7.4454,1532500
2013-03-18,7.4044,7.4689,7.3810,7.4337,285500
2013-03-19,7.4689,7.5040,7.3751,7.3810,643700
2013-03-20,7.4337,7.4800,7.4161,7.4513,316100
2013-03-21,7.4103,7.4923,7.3224,7.3283,989500
2013-03-22,7.3693,7.3751,7.3166,7.3400,813800
2013-03-25,7.4103,7.4103,7.2990,7.3107,1184700
2013-03-26,7.3576,7.4103,7.3224,7.3986,393900
2013-03-27,7.3810,7.4572,7.3253,7.4396,416800
2013-03-28,7.4689,7.4689,7.4103,7.4279,304100
2013-04-01,7.4513,7.4513,7.3107,7.3400,440800
2013-04-02,7.3869,7.3927,7.2697,7.2756,279400
2013-04-03,7.3166,7.3166,7.1994,7.2053,430800
2013-04-04,7.2053,7.2931,7.2053,7.2873,356800
2013-04-05,7.1877,7.2756,7.1877,7.2756,280100
2013-04-08,7.2697,7.3048,7.2053,7.3048,249900
2013-04-09,7.2931,7.3371,7.2228,7.2287,386000
2013-04-10,7.2345,7.3751,7.2345,7.3634,369400
2013-04-11,7.3517,7.3634,7.2873,7.2990,374300
2013-04-12,7.2814,7.3048,7.2345,7.2463,324100
2013-04-15,7.1994,7.2228,7.0295,7.0354,847500
2013-04-16,7.1115,7.1232,7.0471,7.0881,892100
2013-04-17,7.0705,7.1818,7.0178,7.1760,1436000
2013-04-18,7.1701,7.1760,7.0881,7.1525,507700
2013-04-19,7.1467,7.2404,7.1232,7.2228,439500
2013-04-22,7.3517,7.3869,7.1818,7.3576,870800
2013-04-23,7.3693,7.3751,7.2521,7.3048,607900
2013-04-24,7.2873,7.3459,7.2756,7.3400,460900
2013-04-25,7.3459,7.3810,7.3166,7.3283,743600
2013-04-26,7.3283,7.3459,7.2521,7.3224,634700
2013-04-29,7.3341,7.3751,7.2756,7.3400,522900
2013-04-30,7.3703,7.3763,7.3046,7.3166,676800
2013-05-01,7.2867,7.3286,7.1523,7.1613,1189200
2013-05-02,7.1971,7.3225,7.1553,7.2270,903200
2013-05-03,7.3106,7.3763,7.2568,7.3285,630000
2013-05-06,7.3106,7.3584,7.2807,7.3464,536800
2013-05-07,7.3464,7.4181,7.3225,7.4121,457600
2013-05-08,7.4181,7.4181,7.3428,7.3882,359000
2013-05-09,7.3584,7.3703,7.2986,7.3106,875200
2013-05-10,7.3345,7.3345,7.2986,7.3166,340000
2013-05-13,7.3285,7.3345,7.2915,7.3106,493700
2013-05-14,7.3046,7.4360,7.3046,7.4300,760600
2013-05-15,7.4300,7.5017,7.3942,7.4957,720000
2013-05-16,7.5137,7.5913,7.4659,7.5376,703200
2013-05-17,7.5734,7.6033,7.5376,7.5973,493200
2013-05-20,7.5734,7.6451,7.5435,7.6152,363000
2013-05-21,7.6331,7.6690,7.5734,7.6451,395700
2013-05-22,7.6331,7.7347,7.5017,7.5495,632600
2013-05-23,7.5196,7.6033,7.4719,7.5435,397100
2013-05-24,7.4838,7.5495,7.4599,7.5495,280000
2013-05-28,7.5853,7.7048,7.5196,7.5435,524600
2013-05-29,7.4838,7.5256,7.4181,7.4420,382800
2013-05-30,7.4480,7.5017,7.4360,7.4898,330500
2013-05-31,7.4719,7.4928,7.4002,7.4062,399000
2013-06-03,7.3942,7.4898,7.3345,7.4778,792100
2013-06-04,7.4957,7.5435,7.4002,7.4599,450100
2013-06-05,7.4300,7.5137,7.3882,7.4181,478700
2013-06-06,7.4002,7.4659,7.3315,7.4659,420900
2013-06-07,7.5137,7.5137,7.4181,7.4898,332400
2013-06-10,7.4957,7.5614,7.4659,7.5077,333700
2013-06-11,7.4599,7.5316,7.4002,7.4121,417400
2013-06-12,7.4360,7.4599,7.3345,7.3643,496000
2013-06-13,7.3524,7.5017,7.3464,7.4659,353200
2013-06-14,7.4778,7.5196,7.3733,7.4002,503700
2013-06-17,7.4360,7.5166,7.4121,7.4838,466600
2013-06-18,7.4719,7.5794,7.4480,7.5495,581500
2013-06-19,7.5555,7.5555,7.4719,7.4987,472800
2013-06-20,7.4241,7.5435,7.4241,7.4659,668000
2013-06-21,7.5017,7.7466,7.4928,7.7167,2612700
2013-06-24,7.6809,7.8183,7.6271,7.7526,1012000
2013-06-25,7.7765,7.9676,7.7645,7.9377,1038300
2013-06-26,8.0154,8.0333,7.8660,7.8720,923200
2013-06-27,7.8899,7.9556,7.8899,7.9019,563400
2013-06-28,7.9437,8.1079,7.8541,8.0691,1916800
2013-07-01,8.1229,8.2722,8.0930,8.2423,650500
2013-07-02,8.2005,8.3140,8.2005,8.3080,706100
2013-07-03,8.2602,8.3618,8.2304,8.3558,329200
2013-07-05,8.3976,8.5230,8.3439,8.5171,521900
2013-07-08,8.5051,8.6246,8.4992,8.5350,449000
2013-07-09,8.5589,8.6186,8.4693,8.5589,892000
2013-07-10,8.5649,8.5649,8.4812,8.5171,550800
2013-07-11,8.5708,8.5828,8.3558,8.4155,1054800
2013-07-12,8.3916,8.4872,8.3916,8.4753,564500
2013-07-15,8.4693,8.5529,8.4573,8.5350,374000
2013-07-16,8.5529,8.6783,8.4693,8.4992,505100
2013-07-17,8.5529,8.7022,8.4932,8.5230,343700
2013-07-18,8.5230,8.6126,8.5230,8.5828,413300
2013-07-19,8.5589,8.6126,8.5290,8.5947,386000
2013-07-22,8.5350,8.6306,8.5111,8.5828,396600
2013-07-23,8.1109,8.5260,7.9138,8.4962,1095400
2013-07-24,8.4932,8.5828,8.4514,8.4753,699700
2013-07-25,8.4573,8.6186,8.4215,8.5469,489700
2013-07-26,8.4872,8.6186,8.4275,8.4693,348400
2013-07-29,8.4573,8.4896,8.3678,8.3857,530800
2013-07-30,8.4218,8.4640,8.3616,8.3857,468000
2013-07-31,8.3857,8.4399,8.3314,8.3314,428900
2013-08-01,8.4038,8.4460,8.3796,8.4339,572800
2013-08-02,8.4339,8.4399,8.3736,8.4399,360700
2013-08-05,8.4339,8.5062,8.3616,8.4821,411700
2013-08-06,8.4460,8.5002,8.3857,8.4279,338900
2013-08-07,8.4158,8.4357,8.2952,8.3073,517600
2013-08-08,8.3194,8.3579,8.2892,8.3194,539900
2013-08-09,8.2892,8.4460,8.2711,8.2952,456600
2013-08-12,8.2410,8.3495,8.2229,8.3374,670800
2013-08-13,8.3555,8.4038,8.2892,8.3254,516900
2013-08-14,8.3194,8.3917,8.2561,8.3013,809200
2013-08-15,8.2651,8.3194,8.2229,8.2289,857800
2013-08-16,8.1928,8.2892,8.1867,8.2410,455600
2013-08-19,8.2048,8.2350,8.1566,8.1867,634300
2013-08-20,8.1988,8.3254,8.1445,8.3013,380900
2013-08-21,8.2591,8.2832,8.1988,8.2048,457300
2013-08-22,8.2169,8.3344,8.2048,8.3254,363700
2013-08-23,8.3194,8.3555,8.2772,8.3254,333500
2013-08-26,8.3254,8.3616,8.2591,8.2892,274400
2013-08-27,8.1928,8.2350,8.0179,8.0240,502700
2013-08-28,8.0420,8.1264,8.0179,8.0842,408700
2013-08-29,8.0662,8.1475,8.0662,8.1385,358600
2013-08-30,8.1084,8.1325,7.9938,8.0420,576800
2013-09-03,8.1325,8.2169,8.0420,8.0963,961500
2013-09-04,8.0782,8.1988,8.0782,8.1084,364600
2013-09-05,8.1325,8.1807,8.0842,8.1445,333600
2013-09-06,8.1506,8.1506,8.0179,8.0903,466500
2013-09-09,8.1023,8.1747,8.0782,8.1686,359500
2013-09-10,8.2169,8.2410,8.1506,8.2410,384000
2013-09-11,8.2108,8.2561,8.1747,8.1988,391900
2013-09-12,8.1928,8.2289,8.1144,8.1264,385600
2013-09-13,8.1686,8.2711,8.0963,8.1325,278800
2013-09-16,8.2289,8.2832,8.1204,8.1566,753300
2013-09-17,8.1385,8.2350,8.1144,8.2350,420000
2013-09-18,8.2169,8.3194,8.1566,8.2018,535200
2013-09-19,8.1988,8.2108,7.8974,7.9938,1558900
2013-09-20,7.9938,8.0541,7.9275,8.0059,1227700
2013-09-23,8.0240,8.0300,7.9034,7.9215,945200
2013-09-24,7.9215,7.9697,7.8974,7.9215,879100
2013-09-25,7.9456,8.0059,7.8130,7.8552,960000
2013-09-26,7.8552,8.0420,7.7647,7.9637,1797700
2013-09-27,7.9275,7.9938,7.9164,7.9275,461300
2013-09-30,7.8853,7.9818,7.8371,7.9637,637500
2013-10-01,7.9456,8.0722,7.9456,8.0722,738100
2013-10-02,8.0179,8.0722,7.9697,8.0240,642900
2013-10-03,7.9998,8.0541,7.9335,8.0059,825400
2013-10-04,7.9878,8.1144,7.9878,8.1084,474400
2013-10-07,8.0662,8.0903,7.9787,7.9848,470500
2013-10-08,7.9757,8.0240,7.9516,7.9637,515700
2013-10-09,8.0119,8.0240,7.9275,7.9516,648200
2013-10-10,8.0420,8.1204,8.0240,8.1204,398900
2013-10-11,8.1023,8.2350,8.0601,8.2350,369700
2013-10-14,8.1747,8.3073,8.1385,8.3073,591900
2013-10-15,8.2892,8.3194,8.2591,8.2952,772300
2013-10-16,8.3314,8.3857,8.2892,8.3314,469100
2013-10-17,8.3073,8.4098,8.2772,8.4098,584000
2013-10-18,8.4399,8.4701,8.3133,8.4218,686100
2013-10-21,8.4520,8.5183,8.3796,8.4882,522700
2013-10-22,8.5002,8.7052,8.4701,8.6871,734200
2013-10-23,8.6630,8.7353,8.5836,8.6871,699800
2013-10-24,8.6871,8.7353,8.6630,8.7172,476200
2013-10-25,8.7474,8.7896,8.6992,8.7836,702500
2013-10-28,8.8016,8.8077,8.7052,8.7353,673500
2013-10-29,8.7718,8.7779,8.6198,8.7353,412600
2013-10-30,8.6927,8.7292,8.6137,8.6258,517200
2013-10-31,8.6076,8.6167,8.5042,8.5103,574400
2013-11-01,8.4920,8.5011,8.3460,8.3886,992200
2013-11-04,8.4312,8.4615,8.3399,8.3886,702200
2013-11-05,8.3460,8.4129,8.3278,8.3643,536000
2013-11-06,8.4251,8.5042,8.3192,8.4251,508600
2013-11-07,8.4677,8.5163,8.1879,8.2669,4772200
2013-11-08,8.2791,8.6015,8.2487,8.5772,987600
2013-11-11,8.5833,8.6137,8.4677,8.4677,357900
2013-11-12,8.4677,8.4981,8.3886,8.4190,350500
2013-11-13,8.3886,8.5103,8.3703,8.5103,352600
2013-11-14,8.5407,8.5407,8.4677,8.5042,289500
2013-11-15,8.4859,8.5285,8.4129,8.5042,540200
2013-11-18,8.5042,8.5589,8.4312,8.4433,443200
2013-11-19,8.4616,8.5224,8.4373,8.4433,332900
2013-11-20,8.4920,8.5042,8.4251,8.4494,323500
2013-11-21,8.4920,8.6623,8.4616,8.6380,550800
2013-11-22,8.6562,8.7657,8.5772,8.7536,522100
2013-11-25,8.7414,9.0638,8.7414,8.9482,1795900
2013-11-26,8.9847,9.0395,8.9422,9.0152,1485800
2013-11-27,9.0030,9.1064,8.9908,9.0881,578300
2013-11-29,9.1368,9.1429,9.0334,9.0881,326700
2013-12-02,9.0638,9.1429,8.9969,9.0942,1285500
2013-12-03,9.1064,9.1551,8.9726,9.0517,1164000
2013-12-04,9.0273,9.0942,8.9361,8.9969,508200
2013-12-05,8.9726,8.9726,8.9117,8.9604,230900
2013-12-06,9.0395,9.1246,8.9604,9.1064,415400
2013-12-09,9.0881,9.1186,8.9726,9.0212,493200
2013-12-10,8.9787,9.0212,8.8813,8.9239,412300
2013-12-11,8.9178,8.9300,8.7779,8.8083,511200
2013-12-12,8.7962,8.8996,8.7840,8.8509,315700
2013-12-13,8.8692,8.9079,8.8022,8.8752,305600
2013-12-16,8.8996,8.9361,8.8205,8.9361,466700
2013-12-17,8.9482,8.9482,8.8570,8.8692,443100
2013-12-18,8.8935,8.9665,8.8053,8.9604,411800
2013-12-19,8.9604,8.9604,8.8327,8.8327,296700
2013-12-20,8.8692,8.9969,8.8448,8.9665,894400
2013-12-23,9.0212,9.0821,9.0030,9.0517,412200
2013-12-24,9.0334,9.1246,9.0091,9.0881,228600
2013-12-26,9.1186,9.1246,9.0395,9.0456,193200
2013-12-27,9.0881,9.0881,8.9939,9.0212,238000
2013-12-30,9.0152,9.0273,8.9665,8.9847,293000
2013-12-31,8.9969,9.0881,8.9604,8.9908,376600
2014-01-02,8.9482,8.9969,8.8631,8.9482,504300
2014-01-03,8.9422,8.9726,8.8813,8.9665,360000
2014-01-06,8.9787,8.9787,8.7962,8.8509,533000
2014-01-07,8.8935,8.9787,8.8813,8.9543,345800
2014-01-08,8.9543,9.0364,8.9178,9.0334,877900
2014-01-09,9.0395,9.1186,9.0030,9.0273,357700
2014-01-10,9.0456,9.0456,8.9361,8.9847,336500
2014-01-13,8.9482,8.9665,8.8357,8.9117,368300
2014-01-14,8.9239,9.0212,8.8874,8.9361,339000
2014-01-15,8.9300,9.0334,8.9057,8.9726,401600
2014-01-16,8.9787,9.0091,8.8691,8.9117,256300
2014-01-17,8.9239,8.9543,8.8570,8.8996,271300
2014-01-21,8.9726,9.0577,8.9604,9.0577,353700
2014-01-22,9.0638,9.0638,8.9969,9.0456,196000
2014-01-23,8.9908,9.0273,8.9482,9.0091,430300
2014-01-24,8.9422,9.0881,8.8509,8.9178,732400
2014-01-27,8.9726,9.0334,8.9178,8.9178,697900
2014-01-28,8.9604,9.0334,8.8874,9.0091,613600
2014-01-29,8.9239,9.0456,8.7962,8.8022,591700
2014-01-30,8.8942,9.0425,8.7582,8.8509,470400
2014-01-31,8.7026,8.9560,8.6717,8.6902,695000
2014-02-03,8.6531,8.7860,8.4801,8.5048,962100
2014-02-04,8.5295,8.7149,8.4430,8.5851,758700
2014-02-05,8.5666,8.6346,8.5419,8.5790,613800
2014-02-06,8.6037,8.7149,8.5697,8.6037,535500
2014-02-07,8.6284,8.6778,8.5542,8.5790,415900
2014-02-10,8.5851,8.6222,8.5048,8.6099,649000
2014-02-11,8.5975,8.7706,8.5759,8.7273,464700
2014-02-12,8.7458,8.8201,8.6778,8.7087,308800
2014-02-13,8.6840,8.8076,8.5913,8.7891,442400
2014-02-14,8.8076,8.8756,8.7087,8.8200,391900
2014-02-18,8.8324,8.8999,8.7706,8.8385,237800
2014-02-19,8.7953,8.8447,8.6099,8.6408,542100
2014-02-20,8.6346,8.7149,8.5666,8.6655,517400
2014-02-21,8.7087,8.7613,8.6469,8.7458,409300
2014-02-24,8.7706,8.9683,8.7706,8.8509,962100
2014-02-25,8.8571,8.8818,8.7644,8.7953,502100
2014-02-26,8.7644,8.9065,8.7397,8.8076,514000
2014-02-27,8.7829,8.8447,8.7397,8.8262,480100
2014-02-28,8.8509,8.9374,8.8138,8.8695,743700
2014-03-03,8.7953,8.8324,8.7397,8.7767,370000
2014-03-04,8.8695,9.0487,8.7953,8.9189,1790100
2014-03-05,8.8942,8.9745,8.8571,8.9313,390000
2014-03-06,8.9498,9.0178,8.9189,8.9992,496800
2014-03-07,9.0178,9.0363,8.9436,8.9498,470600
2014-03-10,8.9436,8.9931,8.9004,8.9683,390700
2014-03-11,8.9622,8.9683,8.8633,8.8880,356700
2014-03-12,8.8695,8.8941,8.7397,8.8138,478100
2014-03-13,8.8138,8.8633,8.7458,8.7706,444100
2014-03-14,8.6778,8.8880,8.6593,8.8447,544700
2014-03-17,8.9065,8.9745,8.8880,8.9683,418000
2014-03-18,8.9622,9.0858,8.8991,9.0858,630300
2014-03-19,9.0796,9.1229,8.9931,9.0549,405200
2014-03-20,9.0240,9.2650,9.0240,9.2279,683000
2014-03-21,9.2712,9.3145,9.0858,9.0858,915900
2014-03-24,9.1043,9.1785,9.0178,9.0796,446700
2014-03-25,9.1290,9.1599,9.0054,9.0920,564600
2014-03-26,9.1661,9.1859,8.9745,8.9745,455500
2014-03-27,8.9498,9.0425,8.8571,8.8756,524100
2014-03-28,8.9189,9.0487,8.8756,8.9004,382500
2014-03-31,8.9436,9.0425,8.9127,9.0240,506900
2014-04-01,9.0487,9.1414,8.9683,9.1414,438200
2014-04-02,9.1476,9.1538,9.0672,9.1043,330100
2014-04-03,9.0796,9.1414,9.0549,9.1043,241600
2014-04-04,9.1661,9.1661,8.8942,8.9622,525800
2014-04-07,8.9251,9.0116,8.8200,8.9745,484900
2014-04-08,8.9745,9.1043,8.9189,9.0425,526500
2014-04-09,9.0672,9.0672,8.9529,9.0054,267900
2014-04-10,8.9931,9.0394,8.8138,8.8324,503600
2014-04-11,8.7582,8.8750,8.7520,8.7953,442200
2014-04-14,8.9127,9.0487,8.9065,9.0240,781800
2014-04-15,9.0734,9.1661,8.9931,9.1599,1009100
2014-04-16,9.2032,9.2032,9.0796,9.1847,581900
2014-04-17,9.1785,9.3392,9.1476,9.2341,626100
2014-04-21,9.2527,9.2774,8.8880,9.0116,1020200
2014-04-22,8.9683,9.1538,8.9683,9.0920,961900
2014-04-23,9.0981,9.1599,8.9683,9.0425,676200
2014-04-24,9.0858,9.0858,8.9560,8.9992,495600
2014-04-25,8.9436,9.0178,8.8818,8.9251,726600
2014-04-28,8.9313,8.9313,8.7891,8.8633,1424600
2014-04-29,8.8787,9.0061,8.8451,8.9189,1078100
2014-04-30,8.8854,8.9323,8.7512,8.9122,715300
2014-05-01,8.8854,8.9725,8.7177,8.9390,1059800
2014-05-02,8.9725,9.0396,8.8518,8.9055,741500
2014-05-05,8.8652,8.8921,8.7848,8.8183,762100
2014-05-06,8.8183,8.8518,8.7177,8.7177,575500
2014-05-07,8.7512,8.8116,8.6909,8.8116,711300
2014-05-08,8.8183,8.8518,8.7110,8.7311,452700
2014-05-09,8.6842,8.8518,8.6708,8.8451,353300
2014-05-12,8.9055,9.0128,8.8451,8.9591,576900
2014-05-13,8.9591,9.0061,8.8250,8.8317,517100
2014-05-14,8.8049,8.8049,8.6708,8.6909,483400
2014-05-15,8.7311,8.8720,8.5635,8.8518,1031800
2014-05-16,8.8518,8.9055,8.8049,8.8954,693300
2014-05-19,8.8854,9.0195,8.8720,8.9491,504500
2014-05-20,8.9122,9.0396,8.7982,8.8183,789100
2014-05-21,8.8518,8.9323,8.7244,8.8652,475500
2014-05-22,8.8854,8.9122,8.8518,8.8921,274100
2014-05-23,8.9189,8.9658,8.8720,8.9524,258900
2014-05-27,9.0195,9.0530,8.9189,9.0329,317900
2014-05-28,9.0061,9.0061,8.9189,8.9390,364500
2014-05-29,8.9591,8.9994,8.8384,8.9994,419500
2014-05-30,9.0128,9.0396,8.9021,8.9256,391000
2014-06-02,8.9256,8.9591,8.8183,8.9189,458500
2014-06-03,8.9055,9.0061,8.8720,8.8988,284500
2014-06-04,8.8518,8.9290,8.8250,8.8988,316000
2014-06-05,8.9725,9.1201,8.8518,9.0798,540400
2014-06-06,9.1335,9.1603,9.0636,9.1134,455300
2014-06-09,9.1000,9.1670,9.0195,9.1335,444300
2014-06-10,9.1268,9.1402,9.0061,9.1134,462600
2014-06-11,9.0664,9.1000,8.9994,9.0530,474300
2014-06-12,9.0195,9.0262,8.9390,8.9591,459500
2014-06-13,8.9994,9.0061,8.8921,8.9390,375800
2014-06-16,8.9122,8.9315,8.8384,8.8988,350400
2014-06-17,8.8921,9.0564,8.8250,9.0262,523200
2014-06-18,9.0061,9.0731,8.9464,9.0463,320200
2014-06-19,9.0530,9.0798,8.9658,8.9658,285300
2014-06-20,9.0128,9.0798,8.9290,9.0463,882700
2014-06-23,9.0262,9.0329,8.9524,9.0128,281300
2014-06-24,8.9658,9.1134,8.9658,8.9927,403700
2014-06-25,8.9323,9.0731,8.8988,9.0664,299200
2014-06-26,9.0396,9.1201,8.9658,9.0798,233600
2014-06-27,9.0262,9.1268,9.0262,9.1201,644000
2014-06-30,9.0798,9.1100,9.0061,9.1000,322500
2014-07-01,9.0933,9.2944,9.0933,9.1737,481700
2014-07-02,9.1603,9.1938,9.0664,9.0933,389300
2014-07-03,9.1335,9.2140,9.1201,9.1871,261000
2014-07-07,9.1536,9.1536,9.0664,9.0798,356900
2014-07-08,9.0530,9.1469,9.0061,9.0396,297800
2014-07-09,9.0463,9.0933,9.0061,9.0329,290200
2014-07-10,8.9055,8.9793,8.8787,8.9323,261000
2014-07-11,8.9189,8.9450,8.8652,8.9055,250200
2014-07-14,8.9860,9.0128,8.9055,8.9189,245500
2014-07-15,8.9457,9.0061,8.8518,8.9256,306300
2014-07-16,8.9725,8.9725,8.8183,8.8250,280900
2014-07-17,8.8049,8.8116,8.6842,8.7110,446400
2014-07-18,8.6842,8.8384,8.6842,8.8116,387600
2014-07-21,8.7512,8.8049,8.6708,8.7244,520900
2014-07-22,8.7177,8.7814,8.4830,8.5098,790800
2014-07-23,8.5098,8.5769,8.4696,8.4964,506100
2014-07-24,8.5031,8.6272,8.4763,8.5501,345300
2014-07-25,8.4830,8.5568,8.4495,8.5098,367300
2014-07-28,8.4964,8.5098,8.4361,8.4763,340600
2014-07-29,8.4626,8.5371,8.4220,8.4897,412300
2014-07-30,8.5371,8.6388,8.5033,8.5371,435300
2014-07-31,8.4694,8.5371,8.4016,8.4016,392900
2014-08-01,8.4220,8.4694,8.3000,8.3339,423600
2014-08-04,8.3745,8.4016,8.2797,8.3678,363000
2014-08-05,8.3271,8.4220,8.3068,8.3203,448800
2014-08-06,8.3068,8.4016,8.3068,8.3745,344600
2014-08-07,8.3881,8.4084,8.2458,8.3068,347000
2014-08-08,8.2932,8.4101,8.2932,8.3542,302000
2014-08-11,8.3881,8.4897,8.3610,8.3949,369000
2014-08-12,8.3610,8.4152,8.3271,8.3542,335600
2014-08-13,8.4016,8.4762,8.3745,8.3881,268700
2014-08-14,8.4287,8.4762,8.3610,8.4558,425800
2014-08-15,8.5304,8.5304,8.3271,8.3745,393500
2014-08-18,8.4287,8.4965,8.4152,8.4694,338200
2014-08-19,8.4694,8.5575,8.4118,8.4762,462900
2014-08-20,8.4558,8.4897,8.4220,8.4558,344800
2014-08-21,8.4491,8.5913,8.4152,8.5710,398500
2014-08-22,8.5778,8.6286,8.5168,8.5236,331900
2014-08-25,8.5575,8.6015,8.4457,8.5033,386300
2014-08-26,8.5304,8.5981,8.5304,8.5710,283700
2014-08-27,8.5710,8.5981,8.5168,8.5710,452900
2014-08-28,8.5236,8.5778,8.4762,8.4965,527900
2014-08-29,8.5371,8.5642,8.4897,8.5439,185600
2014-09-02,8.5642,8.5846,8.4491,8.5371,522800
2014-09-03,8.5575,8.5778,8.4558,8.4829,339000
2014-09-04,8.4897,8.5575,8.4423,8.4491,192100
2014-09-05,8.4220,8.4355,8.3542,8.4287,222400
2014-09-08,8.4084,8.4423,8.3745,8.4355,197500
2014-09-09,8.4016,8.4016,8.3068,8.3339,302200
2014-09-10,8.3271,8.4491,8.3271,8.4287,239200
2014-09-11,8.3745,8.4965,8.3745,8.4829,188800
2014-09-12,8.4965,8.5100,8.3949,8.4829,381500
2014-09-15,8.4626,8.5100,8.4067,8.4152,263900
2014-09-16,8.4016,8.4287,8.3332,8.3711,298300
2014-09-17,8.3610,8.4965,8.3271,8.4152,415400
2014-09-18,8.4491,8.5168,8.4220,8.4626,299000
2014-09-19,8.4694,8.5676,8.3881,8.4016,673200
2014-09-22,8.3813,8.4829,8.3271,8.3271,263300
2014-09-23,8.3271,8.3542,8.2119,8.2119,269400
2014-09-24,8.2119,8.2661,8.1780,8.2458,329989
2014-09-25,8.2119,8.2729,8.1238,8.1916,599486
2014-09-26,8.1916,8.2526,8.1442,8.1848,412111
2014-09-29,8.1306,8.1984,8.1238,8.1509,278901
2014-09-30,8.3068,8.3569,8.1645,8.1984,877290
2014-10-01,8.1984,8.3339,8.1645,8.1950,649586
2014-10-02,8.1780,8.3000,8.1645,8.2526,323161
2014-10-03,8.3407,8.3610,8.2173,8.2661,236409
2014-10-06,8.2797,8.2797,8.1747,8.1780,336933
2014-10-07,8.1171,8.1984,8.1035,8.1035,268580
2014-10-08,8.0967,8.2797,8.0967,8.2593,376543
2014-10-09,8.2661,8.2932,8.0764,8.0832,479661
2014-10-10,8.0358,8.1848,8.0358,8.1035,593466
2014-10-13,8.1171,8.2865,8.0967,8.2119,418512
2014-10-14,8.2932,8.3576,8.1957,8.3068,530314
2014-10-15,8.1916,8.3407,8.0832,8.1780,686440
2014-10-16,8.0900,8.3339,8.0764,8.2797,600497
2014-10-17,8.4084,8.4491,8.1442,8.1509,445773
2014-10-20,8.1442,8.2726,8.1374,8.2322,681717
2014-10-21,8.3271,8.4220,8.1780,8.4152,931443
2014-10-22,8.4491,8.5168,8.3881,8.4016,463774
2014-10-23,8.4766,8.5314,8.4218,8.4355,669001
2014-10-24,8.4492,8.4492,8.3547,8.4355,472523
2014-10-27,8.3807,8.4561,8.3807,8.4492,417923
2014-10-28,8.4766,8.6478,8.4766,8.6478,413200
2014-10-29,8.6478,8.7025,8.5588,8.7025,410956
2014-10-30,8.6546,8.7162,8.5793,8.6957,659731
2014-10-31,8.8258,8.8258,8.5998,8.7847,473569
2014-11-03,8.7779,8.8463,8.7436,8.7847,360366
2014-11-04,8.7710,8.8121,8.7025,8.8053,370984
2014-11-05,8.8737,8.8943,8.7916,8.8326,314504
2014-11-06,8.8258,8.8806,8.8053,8.8600,210573
2014-11-07,8.8463,8.8806,8.7710,8.8737,284824
2014-11-10,8.9080,8.9970,8.7881,8.9901,551208
2014-11-11,8.9901,8.9970,8.9011,8.9217,265217
2014-11-12,8.8943,9.0928,8.5930,9.0860,651849
2014-11-13,9.1065,9.1065,8.9559,8.9627,363957
2014-11-14,8.9696,9.0312,8.8806,8.9319,377175
2014-11-17,8.9285,8.9559,8.8395,8.8532,227405
2014-11-18,8.8737,8.9251,8.7984,8.8189,252013
2014-11-19,8.8053,8.8258,8.6204,8.7094,346571
2014-11-20,8.6752,8.7710,8.6341,8.7642,280554
2014-11-21,8.8532,8.8532,8.6341,8.6683,379053
2014-11-24,8.7025,8.8121,8.6752,8.8053,255670
2014-11-25,8.8326,8.8326,8.7573,8.8189,162910
2014-11-26,8.8053,8.8326,8.7094,8.8258,192412
2014-11-28,8.8189,8.8600,8.5930,8.6204,411268
2014-12-01,8.5725,8.6546,8.5314,8.5314,502768
2014-12-02,8.5314,8.7573,8.5314,8.5930,623840
2014-12-03,8.6135,8.7203,8.5930,8.6889,518043
2014-12-04,8.6889,8.6957,8.6067,8.6752,374376
2014-12-05,8.6752,8.8189,8.6752,8.8189,319494
2014-12-08,8.7916,8.8737,8.6580,8.7094,376350
2014-12-09,8.6067,8.8121,8.5862,8.8121,530968
2014-12-10,8.8053,8.8531,8.5519,8.5588,604649
2014-12-11,8.5998,8.6752,8.5553,8.5656,585145
2014-12-12,8.4629,8.5827,8.4081,8.4697,991032
2014-12-15,8.5108,8.5998,8.3876,8.4561,740871
2014-12-16,8.4287,8.4492,8.1342,8.1548,1516489
2014-12-17,8.1342,8.3054,8.1274,8.3054,1278147
2014-12-18,8.4150,8.4287,8.2780,8.3670,809468
2014-12-19,8.3670,8.4492,8.3294,8.3944,2435252
2014-12-22,8.3876,8.5314,8.3465,8.5245,492760
2014-12-23,8.5725,8.6135,8.5238,8.5382,370816
2014-12-24,8.5656,8.6135,8.5279,8.5793,173768
2014-12-26,8.5930,8.6409,8.5656,8.5861,253039
2014-12-29,8.6067,8.7094,8.5930,8.6683,407777
2014-12-30,8.6272,8.7231,8.5998,8.6546,261750
2014-12-31,8.6615,8.7094,8.5725,8.5793,362941
2015-01-02,8.6409,8.6409,8.4218,8.5519,463496
2015-01-05,8.5382,8.5553,8.4150,8.4355,602599
2015-01-06,8.4355,8.5177,8.2164,8.2780,707468
2015-01-07,8.2986,8.4732,8.2301,8.2849,618095
2015-01-08,8.3533,8.4903,8.2678,8.4218,534261
2015-01-09,8.4218,8.4218,8.2301,8.2438,330180
2015-01-12,8.2438,8.2849,8.1753,8.2233,500415
2015-01-13,8.2986,8.3807,8.1548,8.2575,648037
2015-01-14,8.1685,8.2096,8.0932,8.1890,440680
2015-01-15,8.1753,8.1890,8.0692,8.1274,644707
2015-01-16,8.1000,8.2506,8.0795,8.2164,848129
2015-01-20,8.2506,8.2780,8.1274,8.1548,567726
2015-01-21,8.1548,8.2164,8.0315,8.0658,455775
2015-01-22,8.1342,8.2986,8.0658,8.2780,750316
2015-01-23,8.2780,8.3123,8.1890,8.2096,301838
2015-01-26,8.1822,8.3362,8.0795,8.3328,623013
2015-01-27,8.2849,8.2986,8.1822,8.2301,597535
2015-01-28,8.3054,8.3451,8.0863,8.1000,530050
2015-01-29,8.0932,8.2917,8.0521,8.2849,725250
2015-01-30,8.2301,8.3397,8.0795,8.0795,653929
2015-02-02,8.1274,8.2335,8.0521,8.2096,573012
2015-02-03,8.2303,8.3343,8.1888,8.2096,1275435
2015-02-04,8.2096,8.2650,8.1403,8.1541,904067
2015-02-05,8.1680,8.2165,8.1611,8.2096,774036
2015-02-06,8.2165,8.2511,8.2026,8.2096,3015677
2015-02-09,8.2165,8.2373,8.1611,8.1957,1070823
2015-02-10,8.2719,8.2927,8.1541,8.1888,1042520
2015-02-11,8.1888,8.2442,8.1264,8.1334,756116
2015-02-12,8.2165,8.2165,8.1417,8.1957,1272068
2015-02-13,8.2442,8.2788,8.2026,8.2511,1071843
2015-02-17,8.2511,8.2719,8.1541,8.1818,1197856
2015-02-18,8.1818,8.1888,8.1126,8.1472,669847
2015-02-19,8.1334,8.1749,8.0849,8.0918,1198203
2015-02-20,8.1126,8.1541,7.9809,8.1472,703818
2015-02-23,8.1472,8.2096,8.1056,8.1680,1554716
2015-02-24,8.1957,8.2234,8.1611,8.1680,1050880
2015-02-25,8.1611,8.2649,8.1195,8.1541,400178
2015-02-26,8.1680,8.2026,8.1299,8.1541,572638
2015-02-27,8.1611,8.2303,8.1264,8.1853,997323
2015-03-02,8.2096,8.2511,8.1749,8.2026,460480
2015-03-03,8.2026,8.2234,8.1749,8.1749,442510
2015-03-04,8.1611,8.1749,8.1195,8.1264,342159
2015-03-05,8.1472,8.1957,8.0526,8.1056,342187
2015-03-06,8.1056,8.2234,8.0987,8.1126,580922
2015-03-09,8.1403,8.2373,8.1195,8.1957,511187
2015-03-10,8.1472,8.1611,8.0918,8.1056,452394
2015-03-11,8.1264,8.1264,8.0087,8.0779,513662
2015-03-12,8.1403,8.2442,8.0918,8.2442,447480
2015-03-13,8.2373,8.2373,8.1056,8.2303,415016
2015-03-16,8.2511,8.2788,8.1680,8.2096,359995
2015-03-17,8.2096,8.3343,8.1680,8.3135,679560
2015-03-18,8.3135,8.3232,8.1888,8.2165,462062
2015-03-19,8.2165,8.2858,8.1195,8.1818,296376
2015-03-20,8.2026,8.3066,8.1403,8.2927,928986
2015-03-23,8.2858,8.3343,8.2581,8.2927,367567
2015-03-24,8.2996,8.3066,8.2026,8.2165,420730
2015-03-25,8.2165,8.2581,8.0849,8.0987,529688
2015-03-26,8.1195,8.1437,8.0502,8.0987,376186
2015-03-27,8.1056,8.1368,8.0017,8.1230,483262
2015-03-30,8.1957,8.2927,8.1403,8.2511,588313
2015-03-31,8.2303,8.2373,8.1403,8.2096,566256
2015-04-01,8.1749,8.2303,8.1126,8.1957,432764
2015-04-02,8.2096,8.2996,8.1680,8.2788,542709
2015-04-06,8.2511,8.2974,8.1611,8.2165,446883
2015-04-07,8.2442,8.3066,8.2096,8.2165,379973
2015-04-08,8.2373,8.2996,8.1576,8.1957,461561
2015-04-09,8.2234,8.2788,8.1541,8.2234,571460
2015-04-10,8.2788,8.3273,8.2026,8.2996,575214
2015-04-13,8.3066,8.3897,8.2539,8.3897,455782
2015-04-14,8.3966,8.4382,8.3048,8.3620,703579
2015-04-15,8.3897,8.4797,8.3260,8.4590,554934
2015-04-16,8.4659,8.4867,8.3897,8.4659,440971
2015-04-17,8.4174,8.4867,8.3204,8.3481,563034
2015-04-20,8.3689,8.5282,8.3481,8.4867,1029683
2015-04-21,8.5421,8.6876,8.4797,8.6391,958395
2015-04-22,8.6460,8.6599,8.5317,8.6045,521027
2015-04-23,8.5975,8.6599,8.5352,8.6252,443016
2015-04-24,8.6045,8.6460,8.5560,8.6252,522664
2015-04-27,8.6529,8.6945,8.5629,8.6529,810603
2015-04-28,8.6870,8.7570,8.6659,8.7430,663337
2015-04-29,8.7430,8.7956,8.6870,8.7010,492426
2015-04-30,8.6659,8.7150,8.5889,8.6239,819313
2015-05-01,8.6309,8.6954,8.5433,8.5889,477372
2015-05-04,8.5959,8.6688,8.5609,8.5959,384840
2015-05-05,8.5539,8.6589,8.4838,8.5328,602165
2015-05-06,8.5819,8.6589,8.4838,8.6029,552900
2015-05-07,8.6029,8.6449,8.4978,8.5328,305969
2015-05-08,8.5959,8.6421,8.5118,8.5749,289488
2015-05-11,8.6029,8.6730,8.5398,8.5679,672619
2015-05-12,8.5398,8.6589,8.4978,8.6519,440389
2015-05-13,8.6589,8.7108,8.5609,8.6519,359506
2015-05-14,8.6519,8.7080,8.5749,8.6800,562495
2015-05-15,8.6870,8.6870,8.5188,8.5539,347402
2015-05-18,8.5328,8.6730,8.5189,8.6589,403194
2015-05-19,8.6870,8.6940,8.6169,8.6659,604010
2015-05-20,8.6800,8.6800,8.5819,8.6239,466488
2015-05-21,8.6379,8.6379,8.5398,8.5539,876435
2015-05-22,8.5539,8.5714,8.4908,8.5398,503005
2015-05-26,8.5048,8.5398,8.3717,8.4278,1372397
2015-05-27,8.4628,8.4978,8.3927,8.4348,1895365
2015-05-28,8.4348,8.5539,8.4313,8.5398,626885
2015-05-29,8.5469,8.5819,8.4488,8.4768,859925
2015-06-01,8.5398,8.5469,8.4255,8.4978,547084
2015-06-02,8.4978,8.6309,8.4137,8.5959,523321
2015-06-03,8.6449,8.6800,8.4978,8.6449,388529
2015-06-04,8.6239,8.6519,8.5223,8.5679,509163
2015-06-05,8.5819,8.6940,8.5609,8.6730,434675
2015-06-08,8.6800,8.6870,8.6169,8.6659,410674
2015-06-09,8.6589,8.7290,8.6099,8.6800,402338
2015-06-10,8.7150,8.8201,8.6870,8.7605,467101
2015-06-11,8.7991,8.7991,8.7080,8.7500,432784
2015-06-12,8.7360,8.7780,8.6870,8.7710,361678
2015-06-15,8.7710,8.8201,8.7010,8.7780,474019
2015-06-16,8.7780,8.8621,8.6800,8.8411,455441
2015-06-17,8.8621,8.8621,8.7220,8.7640,508113
2015-06-18,8.7991,8.8621,8.7570,8.8341,447446
2015-06-19,8.8411,8.8761,8.7991,8.8621,708436
2015-06-22,8.8831,8.9462,8.8131,8.8901,776671
2015-06-23,8.8901,8.9812,8.8341,8.9742,596358
2015-06-24,8.9532,9.0583,8.9322,8.9952,936668
2015-06-25,9.0443,9.0723,8.9658,9.0372,578977
2015-06-26,9.0372,9.1073,8.9826,9.1003,1070368
2015-06-29,9.1073,9.1283,8.9182,8.9322,740505
2015-06-30,8.9952,9.0372,8.9252,8.9812,713236
2015-07-01,9.0583,9.1353,8.9952,9.1283,763779
2015-07-02,9.0933,9.1031,8.9252,8.9322,632859
2015-07-06,8.8901,8.9602,8.8201,8.9462,463186
2015-07-07,8.9322,8.9322,8.8096,8.8551,610687
2015-07-08,8.8061,8.9672,8.7920,8.9182,1324866
2015-07-09,9.0443,9.1003,8.9602,9.0232,966573
2015-07-10,9.1003,9.1563,9.0824,9.0933,814452
2015-07-13,9.1423,9.1774,9.1073,9.1633,455924
2015-07-14,9.1774,9.2124,9.1143,9.1844,506848
2015-07-15,9.1984,9.2124,9.1633,9.1844,376230
2015-07-16,9.2544,9.2544,9.1283,9.1423,593253
2015-07-17,9.1844,9.2474,9.0022,9.0513,681494
2015-07-20,9.0793,9.1143,8.9602,9.0022,508104
2015-07-21,8.9812,9.0933,8.9742,9.0162,624898
2015-07-22,9.0232,9.1283,9.0232,9.0933,538840
2015-07-23,9.1213,9.1353,8.9462,8.9462,612045
2015-07-24,8.9462,8.9672,8.8621,8.8691,456526
2015-07-27,8.8831,8.9392,8.7850,8.8411,479297
2015-07-28,8.8689,8.9043,8.8051,8.8901,683359
2015-07-29,8.9043,8.9503,8.8476,8.8830,389519
2015-07-30,8.8547,8.9680,8.8547,8.9468,487676
2015-07-31,8.9610,9.0318,8.9185,8.9893,585093
2015-08-03,8.9964,9.0318,8.9114,8.9751,496542
2015-08-04,8.9822,9.1026,8.9468,8.9610,476370
2015-08-05,8.9964,9.0672,8.9468,8.9964,401743
2015-08-06,9.0106,9.0460,8.9397,9.0106,575059
2015-08-07,8.9468,9.0247,8.9043,8.9822,564573
2015-08-10,9.0389,9.0885,8.9964,9.0389,694444
2015-08-11,9.0176,9.0814,8.9185,8.9822,472600
2015-08-12,8.9751,8.9751,8.7555,8.8335,636179
2015-08-13,8.8547,9.0106,8.7910,8.9114,1322134
2015-08-14,8.9114,9.1097,8.8901,9.0956,1802580
2015-08-17,9.1239,9.1593,9.0035,9.1097,737628
2015-08-18,9.0672,9.1522,9.0460,9.0956,600311
2015-08-19,9.0814,9.1947,9.0318,9.0885,667764
2015-08-20,9.0106,9.1451,8.9695,9.0247,986319
2015-08-21,8.8830,9.0956,8.8830,9.0318,1391805
2015-08-24,8.8122,8.9964,8.7555,8.7910,1618684
2015-08-25,8.9185,9.0814,8.7272,8.7343,1066718
2015-08-26,8.8689,8.9326,8.7591,8.9220,940446
2015-08-27,8.9610,9.0672,8.8830,9.0035,945849
2015-08-28,8.9539,9.0672,8.9255,9.0460,671389
2015-08-31,8.9964,9.1062,8.9751,9.0956,572384
2015-09-01,8.9680,8.9964,8.7910,8.8051,950072
2015-09-02,8.8830,8.9114,8.7697,8.8122,887105
2015-09-03,8.8264,8.9043,8.7980,8.8760,546907
2015-09-04,8.7910,8.8476,8.7414,8.8264,495462
2015-09-08,8.8972,8.9751,8.8547,8.9680,680935
2015-09-09,9.0460,9.1097,8.9327,8.9610,584390
2015-09-10,8.9397,9.0601,8.9114,9.0176,544608
2015-09-11,8.9680,9.0460,8.9433,9.0247,443150
2015-09-14,9.0176,9.1097,9.0106,9.0849,315665
2015-09-15,9.0956,9.1806,9.0956,9.1735,456667
2015-09-16,9.1522,9.2089,9.1168,9.2018,410272
2015-09-17,9.1664,9.2656,8.9893,8.9964,754281
2015-09-18,8.8972,8.9574,8.8760,8.9326,1760255
2015-09-21,8.9610,9.0885,8.9468,9.0672,568611
2015-09-22,8.9822,9.0743,8.9539,8.9893,504636
2015-09-23,9.0106,9.0885,8.9893,9.0531,395588
2015-09-24,9.0035,9.1168,8.9893,9.1097,565289
2015-09-25,9.1876,9.2797,9.1664,9.2089,679573
2015-09-28,9.1664,9.2443,9.1310,9.1593,622848
2015-09-29,9.1947,9.2124,9.1097,9.1664,773935
2015-09-30,9.2089,9.2372,9.1416,9.2089,765819
2015-10-01,9.2089,9.2195,9.0601,9.1876,1008280
2015-10-02,9.0814,9.1522,8.8901,9.1026,617154
2015-10-05,9.1097,9.2231,8.9255,9.2160,532031
2015-10-06,9.2160,9.2372,9.1262,9.1806,506399
2015-10-07,9.2231,9.2797,9.1522,9.2727,709306
2015-10-08,9.2301,9.3506,9.2090,9.3293,987071
2015-10-09,9.3718,9.3718,9.2160,9.2443,452480
2015-10-12,9.2585,9.4072,9.2231,9.3931,580568
2015-10-13,9.3364,9.4250,9.2939,9.3435,327117
2015-10-14,9.3222,9.4143,9.0885,9.1026,502475
2015-10-15,9.1664,9.3435,9.0814,9.3435,767989
2015-10-16,9.3435,9.4072,9.1806,9.3222,381408
2015-10-19,9.2868,9.3860,9.2868,9.3293,291349
2015-10-20,9.3506,9.4462,9.3154,9.4356,379062
2015-10-21,9.4285,9.5135,9.3222,9.3506,490007
2015-10-22,9.3506,9.5837,9.3506,9.5560,546660
2015-10-23,9.6056,9.6623,9.5206,9.6623,479832
2015-10-26,9.6906,9.6906,9.5525,9.6268,413208
2015-10-27,9.6410,9.7968,9.5489,9.6623,711709
2015-10-28,9.7118,9.9598,9.6906,9.9456,980658
2015-10-29,9.9314,9.9314,9.6977,9.7331,776370
2015-10-30,9.6977,9.7260,9.4497,9.5348,734636
2015-11-02,9.5631,9.5914,9.4427,9.5418,591601
2015-11-03,9.5059,9.6061,9.4558,9.5560,508590
2015-11-04,9.5918,9.5990,9.4916,9.5918,431091
2015-11-05,9.6133,9.7206,9.5775,9.6777,581060
2015-11-06,9.7206,9.9067,9.7063,9.8781,529788
2015-11-09,9.8710,9.8781,9.7421,9.7851,520607
2015-11-10,9.8065,9.9139,9.7636,9.8566,600932
2015-11-11,9.8924,9.9783,9.8280,9.8566,528987
2015-11-12,9.7779,9.8352,9.6240,9.6347,533468
2015-11-13,9.5990,9.7278,9.5274,9.5488,468828
2015-11-16,9.5560,9.6061,9.4629,9.5990,373139
2015-11-17,9.6061,9.6992,9.5345,9.6419,461484
2015-11-18,9.6848,9.7707,9.5703,9.7493,750421
2015-11-19,9.7707,9.8137,9.6920,9.7707,658939
2015-11-20,9.7779,9.8710,9.7564,9.8423,786539
2015-11-23,9.8638,9.9926,9.7851,9.9569,645924
2015-11-24,9.8781,9.9139,9.7994,9.9067,507845
2015-11-25,9.8996,9.9640,9.8638,9.9497,395164
2015-11-27,9.9497,9.9926,9.9139,9.9640,119589
2015-11-30,9.9783,10.0606,9.9211,9.9783,494929
2015-12-01,10.0499,10.1000,9.9282,10.0070,484609
2015-12-02,10.0141,10.0678,9.9139,9.9211,483182
2015-12-03,9.9855,10.0141,9.8137,9.8280,408992
2015-12-04,9.8280,9.9640,9.7994,9.9282,460599
2015-12-07,9.9425,9.9425,9.7886,9.8495,510729
2015-12-08,9.8065,9.8566,9.6777,9.6992,478341
2015-12-09,9.6992,9.7421,9.5703,9.6061,460017
2015-12-10,9.5990,9.6848,9.5703,9.6491,396012
2015-12-11,9.5202,9.6705,9.4880,9.5309,562381
2015-12-14,9.5131,9.6061,9.4486,9.5274,569698
2015-12-15,9.6133,9.7922,9.5274,9.7278,545464
2015-12-16,9.7493,9.8137,9.6312,9.7743,488819
2015-12-17,9.7922,9.8781,9.6634,9.6777,524036
2015-12-18,9.6419,9.6705,9.3985,9.4128,1942888
2015-12-21,9.4773,9.5345,9.4128,9.5131,449663
2015-12-22,9.5488,9.5703,9.3985,9.5417,366021
2015-12-23,9.5632,9.6920,9.5202,9.6777,430088
2015-12-24,9.6992,9.7421,9.6240,9.6992,186110
2015-12-28,9.6705,9.7421,9.6097,9.6992,286872
2015-12-29,9.7421,9.8495,9.6777,9.8495,352049
2015-12-30,9.8495,9.8495,9.6491,9.7636,319104
2015-12-31,9.7063,9.7493,9.5846,9.5846,383354
2016-01-04,9.4701,9.5417,9.3413,9.3771,694093
2016-01-05,9.3842,9.4737,9.3771,9.4272,525179
2016-01-06,9.3269,9.4272,9.3269,9.3627,504915
2016-01-07,9.2554,9.3305,9.2053,9.2339,593643
2016-01-08,9.2768,9.3664,9.0549,9.0621,585370
2016-01-11,9.0693,9.1623,9.0263,9.0979,412832
2016-01-12,9.1480,9.2840,9.0048,9.1050,495819
2016-01-13,9.1122,9.2840,8.8188,8.8617,552007
2016-01-14,8.8688,8.9619,8.8259,8.8330,649659
2016-01-15,8.6255,8.7972,8.5968,8.7972,801658
2016-01-19,8.8760,8.9475,8.7257,8.7901,536982
2016-01-20,8.6326,8.8402,8.5825,8.7758,641217
2016-01-21,8.7758,8.7897,8.6040,8.6111,509173
2016-01-22,8.6899,8.7500,8.5897,8.7185,550473
2016-01-25,8.7042,8.7042,8.4608,8.4751,632587
2016-01-26,8.4966,8.8903,8.4966,8.8903,1269650
2016-01-27,8.8474,9.0191,8.8402,8.9261,1371578
2016-01-28,8.9977,9.0549,8.9547,8.9905,680024
2016-01-29,9.0120,9.0120,8.8975,8.9977,1059313
2016-02-01,8.9690,8.9869,8.8402,8.8975,681441
2016-02-02,8.8125,8.8778,8.6676,8.7328,482123
2016-02-03,8.8198,8.8705,8.6386,8.7763,739808
2016-02-04,8.7691,8.9068,8.6277,8.7401,439433
2016-02-05,8.7908,8.8987,8.7328,8.7328,734245
2016-02-08,8.6966,8.8705,8.5988,8.8270,652764
2016-02-09,8.7546,8.8488,8.7401,8.7691,477097
2016-02-10,8.8053,8.9068,8.7401,8.7473,584612
2016-02-11,8.6459,8.6966,8.5335,8.6024,479144
2016-02-12,8.6676,8.7908,8.6459,8.7691,857234
2016-02-16,8.8488,8.9792,8.7618,8.9140,518506
2016-02-17,8.9937,9.1024,8.9285,8.9430,533932
2016-02-18,8.9865,9.0439,8.9140,8.9792,631260
2016-02-19,8.9792,9.1242,8.9575,9.0372,568966
2016-02-22,9.1242,9.1821,9.0300,9.0517,557742
2016-02-23,9.0155,9.1387,8.9684,8.9865,382642
2016-02-24,8.8923,9.0481,8.8633,9.0191,421117
2016-02-25,9.0155,9.1966,9.0155,9.1821,323434
2016-02-26,9.2039,9.2619,9.1459,9.2256,433512
2016-02-29,9.2256,9.2510,9.1169,9.1242,457033
2016-03-01,9.1532,9.3778,9.1242,9.3561,600845
2016-03-02,9.3488,9.3778,9.2482,9.3778,418668
2016-03-03,9.3416,9.4575,9.3198,9.4503,602593
2016-03-04,9.4648,9.5590,9.2499,9.5228,470397
2016-03-07,9.4938,9.6097,9.4648,9.5807,478150
2016-03-08,9.5010,9.6387,9.4865,9.5300,441213
2016-03-09,9.5735,9.5952,9.4503,9.4938,284340
2016-03-10,9.5083,9.5662,9.3706,9.4793,492686
2016-03-11,9.5228,9.6315,9.5083,9.6242,297543
2016-03-14,9.6170,9.6605,9.5590,9.5952,366721
2016-03-15,9.5155,9.6387,9.4720,9.5735,359871
2016-03-16,9.5373,9.6387,9.5228,9.5807,354313
2016-03-17,9.5300,9.7837,9.4648,9.7547,673710
2016-03-18,9.7909,9.8924,9.7077,9.8344,1136124
2016-03-21,9.8344,9.9032,9.6170,9.7329,661261
2016-03-22,9.6677,9.7619,9.6315,9.7184,359256
2016-03-23,9.7039,9.7764,9.6460,9.6460,585427
2016-03-24,9.6097,9.6985,9.5445,9.6967,420151
2016-03-28,9.6967,9.7655,9.6605,9.7039,586944
2016-03-29,9.6605,9.8489,9.5633,9.8489,539666
2016-03-30,9.8561,9.9359,9.8416,9.8851,458384
2016-03-31,9.8561,9.9214,9.7909,9.7909,652115
2016-04-01,9.8054,9.9069,9.7257,9.8706,507156
2016-04-04,9.8996,9.9141,9.8163,9.8779,460230
2016-04-05,9.8199,9.8706,9.7184,9.7184,498404
2016-04-06,9.7329,9.7909,9.6605,9.7692,352882
2016-04-07,9.6895,9.6967,9.4865,9.5300,567691
2016-04-08,9.5662,9.6858,9.5518,9.6097,362091
2016-04-11,9.5373,9.7511,9.5373,9.6895,475213
2016-04-12,9.6895,9.7547,9.6532,9.7257,400848
2016-04-13,9.7837,9.9648,9.7692,9.9648,578868
2016-04-14,9.9141,10.0482,9.7909,9.9431,422103
2016-04-15,9.9141,10.0083,9.8924,9.9503,392188
2016-04-18,9.9069,9.9648,9.8416,9.9214,540178
2016-04-19,9.9866,9.9866,9.8887,9.9431,409450
2016-04-20,9.9214,9.9576,9.8779,9.9431,441295
2016-04-21,9.9359,10.0083,9.7982,9.8199,540978
2016-04-22,9.8344,9.9431,9.8344,9.8779,507341
2016-04-25,9.8271,10.0047,9.7837,9.9069,538838
2016-04-26,9.9648,10.0518,9.9141,10.0228,440872
2016-04-27,10.0156,10.0446,9.8018,9.8996,557408
2016-04-28,9.8257,10.0162,9.8184,9.9576,665488
2016-04-29,10.1481,10.3093,9.9869,10.2727,1231680
2016-05-02,10.3533,10.3936,10.2434,10.3313,734409
2016-05-03,10.0895,10.2507,10.0162,10.2360,883363
2016-05-04,10.1408,10.2727,10.0822,10.2214,616469
2016-05-05,10.2580,10.3386,10.2140,10.2287,598257
2016-05-06,10.1334,10.2873,10.1334,10.2800,597393
2016-05-09,10.2580,10.3240,10.1994,10.2580,450021
2016-05-10,10.2946,10.4778,10.2711,10.4485,604590
2016-05-11,10.4558,10.5474,10.3862,10.4082,610611
2016-05-12,10.4485,10.5218,10.3752,10.4632,528199
2016-05-13,10.4485,10.5438,10.3386,10.3826,384209
2016-05-16,10.4339,10.6463,10.3313,10.6097,949353
2016-05-17,10.5951,10.6097,10.3240,10.3679,653194
2016-05-18,10.3313,10.6390,10.3094,10.6317,517412
2016-05-19,10.5731,10.6390,10.4595,10.5364,409454
2016-05-20,10.5438,10.6537,10.5438,10.6207,503208
2016-05-23,10.6317,10.6463,10.5804,10.6244,327179
2016-05-24,10.6317,10.8075,10.5218,10.8002,668355
2016-05-25,10.7929,10.8955,10.7709,10.8222,491049
2016-05-26,10.8442,10.9028,10.7636,10.7782,477722
2016-05-27,10.7782,10.8369,10.7489,10.8369,443109
2016-05-31,10.8369,10.8735,10.7782,10.8515,741551
2016-06-01,10.8149,10.9101,10.7343,10.8955,609407
2016-06-02,10.8222,10.8588,10.6757,10.8588,612685
2016-06-03,10.7929,10.7929,10.5657,10.7416,507243
2016-06-06,10.7489,10.8588,10.7489,10.8222,399353
2016-06-07,10.8515,10.8735,10.7526,10.8222,370796
2016-06-08,10.8222,10.8881,10.7636,10.8662,353549
2016-06-09,10.8295,10.8369,10.7269,10.8002,457033
2016-06-10,10.7563,10.7856,10.6683,10.7709,434174
2016-06-13,10.7123,10.7416,10.5731,10.6170,496989
2016-06-14,10.5657,10.6463,10.4632,10.4925,374631
2016-06-15,10.5071,10.5804,10.4595,10.4705,319688
2016-06-16,10.4119,10.4558,10.3459,10.4192,359288
2016-06-17,10.4339,10.4998,10.3020,10.3459,1190310
2016-06-20,10.4485,10.6170,10.4485,10.5218,352027
2016-06-21,10.5218,10.6170,10.4412,10.5731,404542
2016-06-22,10.5951,10.7123,10.5951,10.6170,384388
2016-06-23,10.7343,10.8295,10.7196,10.8295,438950
2016-06-24,10.2946,10.6390,10.2946,10.4119,1153079
2016-06-27,10.3166,10.3313,10.1921,10.2287,809057
2016-06-28,10.3606,10.5218,10.2507,10.3899,603262
2016-06-29,10.4852,10.4998,10.3752,10.4925,452381
2016-06-30,10.5071,10.8662,10.4852,10.8662,806784
2016-07-01,10.8295,10.8515,10.7160,10.7636,781365
2016-07-05,10.6830,10.7269,10.6097,10.6757,920177
2016-07-06,10.6463,10.7636,10.6024,10.7269,415577
2016-07-07,10.7563,10.8588,10.6866,10.7636,373876
2016-07-08,10.8442,10.9065,10.8222,10.8515,466763
2016-07-11,10.8588,10.9761,10.8442,10.9614,559750
2016-07-12,10.9907,11.1006,10.9907,11.0640,766057
2016-07-13,11.0640,11.0933,11.0054,11.0567,392052
2016-07-14,11.1006,11.1519,10.9907,11.0054,437293
2016-07-15,11.0786,11.1072,11.0054,11.0786,381775
2016-07-18,11.0493,11.1080,11.0310,11.0420,230958
2016-07-19,10.9907,11.0970,10.9687,11.0127,278591
2016-07-20,11.0347,11.0713,10.9248,10.9687,402147
2016-07-21,10.9175,10.9614,10.8588,10.9101,260741
2016-07-22,10.9321,11.0640,10.8588,11.0493,261827
2016-07-25,11.0054,11.0493,10.9394,10.9687,459944
2016-07-26,11.0640,11.0640,10.9028,10.9834,422416
2016-07-27,10.9468,10.9468,10.8478,10.8955,606839
2016-07-28,10.8662,10.9761,10.8222,10.9394,354216
2016-07-29,10.8955,11.0127,10.8881,10.9248,520849
2016-08-01,10.9907,11.0567,10.8808,10.9175,465974
2016-08-02,10.9032,10.9846,10.8440,10.8662,370157
2016-08-03,10.8958,10.9772,10.8440,10.9624,407493
2016-08-04,10.9402,11.0216,10.9402,10.9846,400426
2016-08-05,11.0216,11.2363,10.9920,11.1770,677202
2016-08-08,11.1770,11.1919,11.1178,11.1622,389479
2016-08-09,11.1919,11.2437,11.1733,11.2067,283772
2016-08-10,11.2141,11.2511,11.1400,11.1696,402796
2016-08-11,11.1844,11.2585,11.1585,11.2067,354417
2016-08-12,11.1770,11.1770,11.0808,11.1474,259497
2016-08-15,11.1919,11.2437,11.0660,11.1919,331598
2016-08-16,11.1252,11.2437,11.0882,11.1400,276988
2016-08-17,11.1400,11.1696,11.0660,11.1622,307186
2016-08-18,11.1993,11.2511,11.1474,11.2437,491003
2016-08-19,11.2363,11.3177,11.2030,11.2955,584987
2016-08-22,11.2437,11.3251,11.1548,11.3103,319995
2016-08-23,11.3103,11.3621,11.2881,11.3103,198897
2016-08-24,11.3029,11.3399,11.2733,11.3325,270071
2016-08-25,11.2881,11.3695,11.2585,11.3695,572522
2016-08-26,11.3917,11.4361,11.3177,11.3547,519287
2016-08-29,11.3325,11.4065,11.2881,11.3769,245358
2016-08-30,11.3991,11.4731,11.3843,11.4731,251132
2016-08-31,11.4731,11.5027,11.3917,11.4879,443588
2016-09-01,11.5101,11.5101,11.3510,11.4509,340822
2016-09-02,11.4879,11.5471,11.3991,11.5175,355196
2016-09-06,11.4731,11.5323,11.4213,11.4731,406202
2016-09-07,11.4879,11.5842,11.4583,11.5768,336044
2016-09-08,11.5990,11.6138,11.5101,11.5323,309997
2016-09-09,11.5101,11.5451,11.4065,11.4139,299327
2016-09-12,11.3473,11.4731,11.2807,11.4731,329070
2016-09-13,11.4435,11.5027,11.3769,11.4509,635097
2016-09-14,11.4287,11.4657,11.2437,11.2511,348241
2016-09-15,11.2659,11.3251,11.2141,11.3103,233108
2016-09-16,11.3399,11.3917,11.2104,11.3399,783087
2016-09-19,11.3473,11.4435,11.3325,11.3843,268203
2016-09-20,11.4213,11.4657,11.3991,11.3991,226146
2016-09-21,11.4509,11.4879,11.4065,11.4805,378131
2016-09-22,11.5101,11.6212,11.5027,11.6138,566827
2016-09-23,11.6138,11.6434,11.5620,11.5768,302474
2016-09-26,11.5694,11.6545,11.5175,11.5175,1033486
2016-09-27,11.5101,11.5768,11.4435,11.5694,698464
2016-09-28,11.6138,11.6360,11.5027,11.6064,481856
2016-09-29,11.6360,11.6508,11.4435,11.4509,488679
2016-09-30,11.4731,11.6582,11.4731,11.6286,535309
2016-10-03,11.5694,11.6508,11.5397,11.5990,424483
2016-10-04,11.5990,11.6175,11.4509,11.5397,451231
2016-10-05,11.5990,11.6878,11.5842,11.6138,532504
2016-10-06,11.6360,11.6582,11.5175,11.6212,325010
2016-10-07,11.6212,11.6212,11.4731,11.5694,492001
2016-10-10,11.5471,11.6915,11.5471,11.6286,359215
2016-10-11,11.6360,11.6878,11.4805,11.4953,407113
2016-10-12,11.4805,11.5694,11.4805,11.5027,256194
2016-10-13,11.4731,11.4865,11.2955,11.3547,490551
2016-10-14,11.4213,11.4805,11.3769,11.4287,469314
2016-10-17,11.4731,11.5916,11.4583,11.4731,577172
2016-10-18,11.5768,11.5768,11.5101,11.5471,407366
2016-10-19,11.5397,11.8055,11.5175,11.6804,481633
2016-10-20,11.6878,11.7322,11.5842,11.6656,295176
2016-10-21,11.5916,11.6360,11.5323,11.5323,405012
2016-10-24,11.6212,11.7618,11.4731,11.5323,792251
2016-10-25,11.4731,11.5768,11.4731,11.5620,448172
2016-10-26,11.5694,11.6582,11.5397,11.6582,556472
2016-10-27,11.6878,11.7396,11.5916,11.6286,526626
2016-10-28,11.5990,11.6508,11.4287,11.4805,391644
2016-10-31,11.5471,11.6878,11.4361,11.6508,891676
2016-11-01,11.6438,11.6587,11.5168,11.5990,614120
2016-11-02,11.5541,11.5765,11.4719,11.5018,312204
2016-11-03,11.5541,11.6139,11.5093,11.5915,413032
2016-11-04,11.5691,11.7223,11.5392,11.6363,492290
2016-11-07,11.8082,11.8568,11.7416,11.8456,414424
2016-11-08,11.7933,11.8680,11.7709,11.8157,288270
2016-11-09,11.8531,12.4211,11.8232,12.3837,786620
2016-11-10,12.4509,12.8172,12.3912,12.7648,1026067
2016-11-11,12.7648,13.1908,12.7648,13.1609,932181
2016-11-14,13.1684,13.5645,12.8172,13.3478,894449
2016-11-15,13.3029,13.4225,13.1144,13.3702,634222
2016-11-16,13.3702,13.4300,13.2506,13.2955,568545
2016-11-17,13.3926,13.4412,13.3029,13.4225,594341
2016-11-18,13.4225,13.5271,13.3814,13.4823,685070
2016-11-21,13.4524,13.4599,13.2805,13.3403,609454
2016-11-22,13.3702,13.6131,13.3254,13.6019,473844
2016-11-23,13.6392,13.6691,13.5047,13.6392,523678
2016-11-25,13.6318,13.7364,13.6243,13.7289,222437
2016-11-28,13.6617,13.6916,13.5271,13.5720,580966
2016-11-29,13.6392,13.7364,13.5645,13.5869,530396
2016-11-30,13.7215,13.7812,13.5346,13.5795,509022
2016-12-01,13.6542,13.7264,13.5645,13.6168,653844
2016-12-02,13.6093,13.6467,13.5347,13.5570,395827
2016-12-05,13.5421,13.7439,13.3897,13.5570,1154249
2016-12-06,13.5795,13.8410,13.5032,13.8186,634236
2016-12-07,13.8410,14.0054,13.7439,13.9606,479760
2016-12-08,13.9681,14.2072,13.8859,14.1998,590801
2016-12-09,14.2745,14.2745,14.1400,14.2595,514193
2016-12-12,14.1998,14.2147,13.8784,13.9307,562893
2016-12-13,13.9083,13.9681,13.6729,13.8336,1301129
2016-12-14,13.7588,13.9158,13.6691,13.7887,1029881
2016-12-15,13.8560,13.9830,13.7364,13.9382,828871
2016-12-16,13.9756,14.0503,13.7812,13.8186,2975599
2016-12-19,13.5570,13.7140,13.2730,13.6617,1301454
2016-12-20,13.5944,13.7215,13.4674,13.5421,1469487
2016-12-21,13.5944,13.6168,13.4972,13.5122,654113
2016-12-22,13.5496,13.6019,13.4599,13.5645,370954
2016-12-23,13.5271,13.7065,13.4711,13.4898,292653
2016-12-27,13.5047,13.6467,13.4674,13.6392,260551
2016-12-28,13.6542,13.7065,13.5421,13.5944,339646
2016-12-29,13.5944,13.6766,13.4375,13.5234,355183
2016-12-30,13.4972,13.5496,13.4300,13.4748,362172
2017-01-03,13.6093,13.7214,13.4898,13.6019,628797
2017-01-04,13.6243,13.7812,13.6131,13.7364,526653
2017-01-05,13.7140,13.7215,13.5271,13.5869,418137
2017-01-06,13.5496,13.5869,13.4487,13.4972,479394
2017-01-09,13.4524,13.5720,13.3029,13.3627,473457
2017-01-10,13.3777,13.5047,13.2730,13.4972,375146
2017-01-11,13.4972,13.5944,13.3851,13.5496,397281
2017-01-12,13.4748,13.4748,13.1385,13.2730,485915
2017-01-13,13.3627,13.4823,13.2414,13.3403,505123
2017-01-17,13.2357,13.2357,12.9965,13.0264,435931
2017-01-18,13.0787,13.2326,13.0115,13.1609,392739
2017-01-19,13.1759,13.1983,13.0115,13.0563,311260
2017-01-20,13.0563,13.1684,13.0414,13.0787,433043
2017-01-23,13.0488,13.0825,12.9143,13.0040,571006
2017-01-24,13.1385,13.2431,12.9442,13.1535,758429
2017-01-25,13.2132,13.2506,13.0713,13.1161,766946
2017-01-26,13.1086,13.1834,13.0040,13.0264,426877
2017-01-27,13.0115,13.0189,12.8545,12.8769,468100
2017-01-30,12.8246,12.8396,12.6004,12.8246,732022
2017-01-31,12.8166,12.8845,12.7336,12.8769,870553
2017-02-01,12.9524,13.0278,12.7713,12.8090,767623
2017-02-02,12.7412,12.7864,12.5978,12.6355,690147
2017-02-03,12.7261,12.9690,12.7261,12.8543,520316
2017-02-06,12.7638,12.8883,12.6883,12.7261,424841
2017-02-07,12.7562,12.8015,12.6883,12.7562,517012
2017-02-08,12.6657,12.7826,12.6205,12.7713,482446
2017-02-09,12.7789,12.9675,12.7789,12.9675,527588
2017-02-10,12.9901,13.0731,12.9222,13.0580,504741
2017-02-13,13.1636,13.2617,13.1485,13.1862,372840
2017-02-14,13.1561,13.3220,13.0882,13.2692,365944
2017-02-15,13.2843,13.3899,13.2617,13.3522,409920
2017-02-16,13.3824,13.4804,13.3069,13.4729,590495
2017-02-17,13.4578,13.5559,13.1259,13.5483,913593
2017-02-21,13.5634,13.6615,13.5528,13.6539,654211
2017-02-22,13.6087,13.7973,13.5634,13.7897,689860
2017-02-23,13.7671,13.9180,13.7143,13.9180,1027882
2017-02-24,13.7897,14.0537,13.5710,14.0236,1194781
2017-02-27,13.9859,14.0311,13.8048,13.8274,668063
2017-02-28,13.7671,13.7973,13.6313,13.6841,456602
2017-03-01,13.9783,14.0434,13.8652,14.0009,713576
2017-03-02,13.9708,13.9708,13.6313,13.6388,430851
2017-03-03,13.6388,13.7520,13.3597,13.6087,442649
2017-03-06,13.5408,13.6388,13.4729,13.5257,373857
2017-03-07,13.4955,13.5596,13.4050,13.4201,428780
2017-03-08,13.3974,13.5106,13.1787,13.1825,475857
2017-03-09,13.1938,13.3296,13.1787,13.2013,382852
2017-03-10,13.2390,13.3069,13.1221,13.1711,456715
2017-03-13,13.1485,13.2617,13.1183,13.1787,236290
2017-03-14,13.1334,13.2315,13.0052,13.1259,429350
2017-03-15,13.1410,13.2768,13.1183,13.1410,481307
2017-03-16,13.1862,13.2692,13.1711,13.2315,300395
2017-03-17,13.1636,13.3974,13.1025,13.3522,1071231
2017-03-20,13.3446,13.3446,13.1561,13.1711,343591
2017-03-21,13.2617,13.2617,12.6582,12.6582,427824
2017-03-22,12.5827,12.6619,12.4470,12.4998,730451
2017-03-23,12.5224,12.7185,12.5224,12.6506,429756
2017-03-24,12.6733,12.7562,12.4922,12.5677,841549
2017-03-27,12.3640,12.5073,12.2315,12.4998,628578
2017-03-28,12.4847,12.6770,12.4620,12.6582,541423
2017-03-29,12.6431,12.6431,12.4734,12.5148,662791
2017-03-30,12.5375,12.8543,12.5224,12.7789,555182
2017-03-31,12.7638,12.8392,12.6883,12.7034,576084
2017-04-03,12.7487,12.7487,12.4620,12.5601,559614
2017-04-04,12.4998,12.6695,12.4998,12.5752,744189
2017-04-05,12.6582,12.6733,12.3640,12.3640,554633
2017-04-06,12.3489,12.4620,12.2810,12.4092,595390
2017-04-07,12.3640,12.4847,12.3413,12.4470,571968
2017-04-10,12.4470,12.5526,12.3564,12.4319,324400
2017-04-11,12.3564,12.6318,12.3564,12.6129,577524
2017-04-12,12.6054,12.6129,12.4394,12.4620,310522
2017-04-13,12.4394,12.4470,12.2508,12.2584,434700
2017-04-17,12.2584,12.4696,12.2508,12.4696,331113
2017-04-18,12.4017,12.5148,12.3413,12.4696,332650
2017-04-19,12.4998,12.7034,12.4998,12.5601,427776
2017-04-20,12.6205,12.7902,12.6205,12.7864,433008
2017-04-21,12.7789,12.8769,12.6205,12.7789,576902
2017-04-24,13.0278,13.1183,12.9297,13.0052,545354
2017-04-25,12.7940,12.8015,12.4696,12.6733,1404392
2017-04-26,12.5978,12.7298,12.4470,12.4771,1108764
2017-04-27,12.4847,12.5299,12.3263,12.4017,710222
2017-04-28,12.3941,12.4168,12.1678,12.1754,655646
2017-05-01,12.1905,12.2583,12.0245,12.1452,563999
2017-05-02,12.1908,12.2137,12.0614,12.1528,480710
2017-05-03,12.0613,12.2442,11.9394,12.2442,417255
2017-05-04,12.2975,12.3966,12.1604,12.2366,395934
2017-05-05,12.2747,12.2823,12.1832,12.2518,414283
2017-05-08,12.2442,12.2975,12.1528,12.2213,434316
2017-05-09,12.2213,12.2747,12.0689,12.1070,380879
2017-05-10,12.0842,12.1680,12.0461,12.1451,305530
2017-05-11,12.0994,12.1185,11.9394,11.9547,293353
2017-05-12,11.8708,11.9318,11.7871,11.8632,296416
2017-05-15,11.9089,12.0156,11.8632,11.9623,345654
2017-05-16,11.9775,11.9927,11.8404,11.8632,469858
2017-05-17,11.6499,11.7413,11.5356,11.6118,656300
2017-05-18,11.6270,11.7718,11.5356,11.7032,714423
2017-05-19,11.6880,11.8556,11.6727,11.7108,710096
2017-05-22,11.7337,11.7489,11.6118,11.6423,401449
2017-05-23,11.6956,11.7642,11.6118,11.7566,639681
2017-05-24,11.7946,11.8327,11.5889,11.6346,515330
2017-05-25,11.6575,11.7489,11.5889,11.7185,391475
2017-05-26,11.7108,11.7718,11.6575,11.7108,463256
2017-05-30,11.6270,11.7108,11.6194,11.6880,404990
2017-05-31,11.6956,11.7642,11.5661,11.7261,422821
2017-06-01,11.7718,11.7870,11.6651,11.7642,668275
2017-06-02,11.7032,11.8327,11.6575,11.6804,516685
2017-06-05,11.6727,11.7489,11.6270,11.6423,507408
2017-06-06,11.5356,11.5935,11.3908,11.5280,646791
2017-06-07,11.5584,11.6689,11.4747,11.5965,393202
2017-06-08,11.6194,11.9927,11.5127,11.8327,386437
2017-06-09,11.9089,12.3966,11.8861,12.3585,646052
2017-06-12,12.3661,12.5794,12.2366,12.3966,532787
2017-06-13,12.4270,12.5109,12.3509,12.4194,513199
2017-06-14,12.3204,12.4728,12.2213,12.4347,637312
2017-06-15,12.3661,12.5147,12.3585,12.4232,437705
2017-06-16,12.3585,12.3890,12.2823,12.3432,1170429
2017-06-19,12.3813,12.4270,12.1566,12.1680,446196
2017-06-20,12.1147,12.1756,11.9547,11.9851,359433
2017-06-21,11.9851,11.9851,11.7413,11.7946,473639
2017-06-22,11.7870,11.8404,11.5584,11.6118,673055
2017-06-23,11.6499,11.7413,11.5508,11.6804,1114312
2017-06-26,11.6575,11.7413,11.5204,11.6956,676173
2017-06-27,11.7261,11.8327,11.6499,11.7870,429259
2017-06-28,11.8937,12.0308,11.8480,11.8785,719990
2017-06-29,12.0613,12.0810,11.7718,11.8785,559196
2017-06-30,11.9013,12.0156,11.7870,11.8937,509682
2017-07-03,11.9318,12.1985,11.9318,12.1375,291125
2017-07-05,12.1451,12.2594,11.9470,12.0613,403441
2017-07-06,12.0537,12.1146,11.8099,11.8327,492020
2017-07-07,11.8556,11.9470,11.7946,11.9242,269004
2017-07-10,11.8861,12.0537,11.8023,11.8632,365476
2017-07-11,11.9013,11.9013,11.6956,11.8327,384584
2017-07-12,11.8404,11.9813,11.8022,11.8480,237559
2017-07-13,11.8556,11.9242,11.6956,11.7946,364957
2017-07-14,11.7261,11.8137,11.6500,11.7718,313588
2017-07-17,11.7261,11.7718,11.6499,11.7108,386662
2017-07-18,11.6575,11.7566,11.5927,11.7108,232046
2017-07-19,11.7337,11.8241,11.6652,11.7032,172576
2017-07-20,11.7032,11.7718,11.6423,11.7261,264890
2017-07-21,12.0537,12.1147,11.7489,11.7794,456136
2017-07-24,11.7718,12.0613,11.6423,12.0308,660978
2017-07-25,12.1908,12.5401,12.1299,12.3737,898378
2017-07-26,12.3737,12.3966,12.1604,12.1832,860369
2017-07-27,12.1985,12.4080,12.1223,12.2442,386001
2017-07-28,12.2213,12.2975,12.1680,12.2366,320872
2017-07-31,12.2747,12.3813,12.2366,12.2670,459045
2017-08-01,12.3741,12.3741,12.2202,12.3356,329721
2017-08-02,12.3510,12.4818,12.3125,12.4587,419149
2017-08-03,12.4126,12.4818,12.2664,12.3741,325399
2017-08-04,12.4510,12.5049,12.3895,12.3895,235145
2017-08-07,12.3895,12.4472,12.2817,12.3433,282514
2017-08-08,12.3125,12.5742,12.2741,12.3587,290750
2017-08-09,12.2433,12.3125,12.2202,12.2741,302193
2017-08-10,12.2279,12.2433,12.0355,12.0586,306142
2017-08-11,12.0817,12.1278,11.7700,11.8662,460127
2017-08-14,11.9739,12.1740,11.8813,12.1740,246547
2017-08-15,12.2510,12.2817,12.0894,12.1201,321724
2017-08-16,12.1817,12.2048,12.0432,12.0894,193869
2017-08-17,12.0432,12.1394,11.8970,11.9124,582327
2017-08-18,11.8123,11.9393,11.8085,11.8739,346218
2017-08-21,11.8739,11.9701,11.8200,11.9355,212154
2017-08-22,11.9893,12.0278,11.9508,12.0124,168841
2017-08-23,11.9124,12.0817,11.8816,12.0355,280627
2017-08-24,12.0817,12.0817,11.9432,11.9970,246324
2017-08-25,12.0278,12.1278,11.9971,12.0586,414052
2017-08-28,12.0432,12.1201,11.9201,11.9816,333491
2017-08-29,11.8585,11.9432,11.7892,11.8508,478850
2017-08-30,11.8508,11.9201,11.8123,11.8431,278052
2017-08-31,11.8970,11.9432,11.8354,11.8739,369831
2017-09-01,11.9047,12.0971,11.8970,12.0509,508053
2017-09-05,11.9893,12.0894,11.8931,11.9508,576656
2017-09-06,11.9739,12.0509,11.8046,11.8046,335052
2017-09-07,11.8123,11.8323,11.5892,11.6200,405099
2017-09-08,11.6430,11.9355,11.6430,11.8816,477317
2017-09-11,12.0278,12.2202,12.0047,12.1432,440049
2017-09-12,12.1663,12.3202,12.1432,12.2817,258559
2017-09-13,12.2356,12.4280,12.1971,12.4203,259905
2017-09-14,12.4434,12.4857,12.3818,12.4203,450992
2017-09-15,12.4203,12.4972,12.3125,12.4895,1037490
2017-09-18,12.5126,12.6434,12.4895,12.5973,359662
2017-09-19,12.5742,12.6588,12.5588,12.6050,252774
2017-09-20,12.6280,12.7512,12.5049,12.6742,387530
2017-09-21,12.6665,12.8050,12.6588,12.7204,294470
2017-09-22,12.6896,12.8589,12.6096,12.8204,349925
2017-09-25,12.7666,12.9435,12.7473,12.8127,360915
2017-09-26,12.8281,12.9743,12.7589,12.9512,309252
2017-09-27,13.0359,13.3437,12.9512,13.2821,532122
2017-09-28,13.2514,13.3245,13.1128,13.2668,301009
2017-09-29,13.2591,13.3976,13.2360,13.2898,405540
2017-10-02,13.3129,13.5361,13.2591,13.5361,499366
2017-10-03,13.5130,13.5515,13.3360,13.5361,349540
2017-10-04,13.5284,13.5322,13.3091,13.3745,244186
2017-10-05,13.3976,13.5130,13.3514,13.4899,242160
2017-10-06,13.4976,13.5361,13.3668,13.4822,243035
2017-10-09,13.5361,13.5438,13.3822,13.4284,224787
2017-10-10,13.4284,13.5130,13.3745,13.5130,391232
2017-10-11,13.5438,13.5515,13.4130,13.4514,296477
2017-10-12,13.4591,13.4899,13.3591,13.3706,300188
2017-10-13,13.3514,13.4437,13.2437,13.3591,295223
2017-10-16,13.3668,13.5361,13.3514,13.4668,234643
2017-10-17,13.5053,13.5361,13.3552,13.4130,234175
2017-10-18,13.5053,13.5515,13.4130,13.5053,311088
2017-10-19,13.4360,13.5823,13.3052,13.5284,332156
2017-10-20,13.6592,13.6823,13.5361,13.5900,409438
2017-10-23,13.5746,13.5977,13.4053,13.5053,679553
2017-10-24,13.5053,13.6438,13.1513,13.4745,447919
2017-10-25,13.4899,13.4899,13.1205,13.2052,496698
2017-10-26,13.2821,13.3437,13.1359,13.2591,367406
2017-10-27,13.3052,13.3283,13.1205,13.2744,361990
2017-10-30,13.2360,13.2821,12.8897,12.9205,504670
2017-10-31,12.9359,13.0705,12.8743,12.9820,432794
2017-11-01,13.0918,13.1307,12.8199,12.8743,439036
2017-11-02,12.8510,13.0724,12.7422,13.0608,576017
2017-11-03,13.0064,13.0064,12.7500,12.8199,540469
2017-11-06,12.8354,12.8665,12.7267,12.7577,411571
2017-11-07,12.7189,12.7655,12.3926,12.4081,658848
2017-11-08,12.3382,12.3537,12.1983,12.2683,321826
2017-11-09,12.2139,12.2916,12.0002,12.0662,941729
2017-11-10,12.0818,12.1439,12.0041,12.1051,556834
2017-11-13,12.0196,12.2372,11.9963,12.2294,248875
2017-11-14,12.1362,12.3141,11.9186,12.2916,381922
2017-11-15,12.1828,12.3149,12.1828,12.2372,403115
2017-11-16,12.3382,12.5013,12.2993,12.4159,575113
2017-11-17,12.3304,12.5169,12.2993,12.4547,355134
2017-11-20,12.4780,12.6310,12.4081,12.6101,260919
2017-11-21,12.6645,12.7500,12.5946,12.6956,420866
2017-11-22,12.6878,12.9442,12.6878,12.7500,507485
2017-11-24,12.7733,12.7733,12.5790,12.6179,204191
2017-11-27,12.5946,12.7267,12.5324,12.6257,180105
2017-11-28,12.6645,12.9598,12.6101,12.9442,410720
2017-11-29,13.0297,13.4492,12.9675,13.3482,571661
2017-11-30,13.4648,13.4648,13.0996,13.1540,616760
2017-12-01,13.1618,13.1773,12.6878,13.1151,545210
2017-12-04,13.3405,13.5192,13.2628,13.3482,471468
2017-12-05,13.3638,13.5036,13.0918,13.1229,452903
2017-12-06,13.0841,13.1695,13.0297,13.0608,360044
2017-12-07,13.0608,13.1385,12.9520,13.0141,297862
2017-12-08,13.1385,13.1540,12.8665,12.9442,341286
2017-12-11,12.9364,12.9753,12.7811,12.8277,256314
2017-12-12,12.8588,12.9831,12.8005,12.9131,246195
2017-12-13,12.8821,13.0375,12.8510,12.8588,344444
2017-12-14,12.9054,12.9520,12.6723,12.7111,427743
2017-12-15,12.7422,13.1967,12.7422,12.9908,2730168
2017-12-18,12.9986,13.3482,12.9986,13.1074,426593
2017-12-19,13.0996,13.2162,13.0802,13.0918,493551
2017-12-20,13.1851,13.2317,13.0064,13.1851,425766
2017-12-21,13.1928,13.2861,13.1618,13.2162,442258
2017-12-22,13.2084,13.2162,13.0996,13.1462,255219
2017-12-26,13.1462,13.2472,13.0375,13.0763,262824
2017-12-27,13.0685,13.1385,13.0064,13.0219,276714
2017-12-28,13.0219,13.1307,12.9520,13.1229,437314
2017-12-29,13.1462,13.1695,12.9831,12.9986,636251
2018-01-02,13.0141,13.1268,12.8432,12.9442,467519
2018-01-03,12.9364,12.9364,12.7111,12.7500,507011
2018-01-04,12.8432,12.9364,12.7500,12.7811,412147
2018-01-05,12.8121,12.8665,12.7034,12.8277,389521
2018-01-08,12.9442,12.9622,12.7966,12.8665,438319
2018-01-09,12.8976,13.0375,12.8665,12.8665,411565
2018-01-10,12.8354,13.1229,12.8277,12.9831,778758
2018-01-11,13.0452,13.1773,12.8898,13.1462,348180
2018-01-12,13.1928,13.2628,13.0996,13.1851,363916
2018-01-16,13.1851,13.3405,12.9831,13.0375,548824
2018-01-17,13.1229,13.1618,12.9908,13.1462,278897
2018-01-18,13.1462,13.2239,13.0530,13.0918,370002
2018-01-19,13.0375,13.2783,12.9831,13.2783,462111
2018-01-22,13.1851,13.5036,12.9520,13.4803,476823
2018-01-23,13.4104,13.5580,13.2705,13.3949,567599
2018-01-24,13.3871,13.5174,13.3366,13.3560,665284
2018-01-25,13.4337,13.4337,13.2861,13.3172,528543
2018-01-26,13.3560,13.4104,13.1540,13.2628,454670
2018-01-29,13.2472,13.3638,13.1695,13.2705,445272
2018-01-30,13.1695,13.3327,13.1695,13.2162,617136
2018-01-31,13.2946,13.3652,13.2161,13.2239,1032068
2018-02-01,13.1690,13.3573,13.0356,13.3573,459503
2018-02-02,13.3181,13.4201,13.2278,13.2632,1651614
2018-02-05,13.1297,13.3338,12.8001,12.8001,835469
2018-02-06,12.5882,13.0280,12.5804,12.8943,531014
2018-02-07,12.9179,13.2161,12.8629,13.1690,920693
2018-02-08,13.1768,13.1768,12.8158,12.8158,931411
2018-02-09,12.9492,13.1376,12.8001,13.0513,479097
2018-02-12,13.0827,13.1454,12.8551,13.0434,346775
2018-02-13,12.9885,13.1376,12.9806,13.0905,266691
2018-02-14,13.0199,13.3416,12.9649,13.3181,424214
2018-02-15,13.3809,13.4201,13.2077,13.3966,451506
2018-02-16,13.4201,13.5300,13.3259,13.4594,774998
2018-02-20,13.4044,13.4358,13.2082,13.2553,245326
2018-02-21,13.2867,13.4123,13.2475,13.2789,363720
2018-02-22,13.3573,13.3573,13.0905,13.0984,345078
2018-02-23,13.1611,13.3338,13.1454,13.3259,235632
2018-02-26,13.3887,13.4123,13.2200,13.3181,264763
2018-02-27,13.3259,13.4515,13.1454,13.1454,748774
2018-02-28,13.1847,13.2632,12.8708,12.8786,365474
2018-03-01,12.9257,13.0277,12.7766,12.8708,610650
2018-03-02,12.8237,13.0984,12.7923,13.0670,377996
2018-03-05,13.0120,13.2318,12.9492,13.1611,424813
2018-03-06,13.2239,13.2553,13.0434,13.2475,405072
2018-03-07,13.1690,13.3338,13.1690,13.3181,1014050
2018-03-08,13.3416,13.3416,13.2161,13.3024,592282
2018-03-09,13.3809,13.4908,13.3181,13.4908,542545
2018-03-12,13.4986,13.5300,13.4123,13.4986,751905
2018-03-13,13.4986,13.5378,13.4515,13.4751,313659
2018-03-14,13.5378,13.5378,13.3181,13.3416,373298
2018-03-15,13.3495,13.5182,13.3181,13.4201,328570
2018-03-16,13.4358,13.5143,13.3730,13.4751,1598242
2018-03-19,13.4044,13.4515,13.2396,13.4437,639201
2018-03-20,13.4908,13.4908,13.3416,13.3966,553874
2018-03-21,13.3652,13.5221,13.3103,13.4751,480288
2018-03-22,13.3416,13.4358,13.0513,13.0670,796741
2018-03-23,13.0984,13.1768,12.6392,12.6432,845434
2018-03-26,12.8080,13.0316,12.7766,13.0120,429018
2018-03-27,13.0120,13.0434,12.7805,12.8080,816691
2018-03-28,12.8315,13.0513,12.8315,12.9806,343869
2018-03-29,13.0042,13.0670,12.9492,12.9963,482830
2018-04-02,12.9571,12.9806,12.6196,12.7216,501330
2018-04-03,12.7687,12.8865,12.6353,12.8394,408709
2018-04-04,12.7060,12.9885,12.7060,12.9649,362577
2018-04-05,13.0513,13.0984,12.8708,13.0277,301938
2018-04-06,12.9414,13.0042,12.7060,12.8001,332910
2018-04-09,12.8472,13.0042,12.7452,12.7609,313019
2018-04-10,12.9100,13.0042,12.8158,12.9649,301619
2018-04-11,12.9649,12.9649,12.8011,12.8943,218846
2018-04-12,12.9492,13.1062,12.9335,13.0984,250533
2018-04-13,13.0984,13.0984,12.8943,12.9257,325096
2018-04-16,12.9963,13.0670,12.9375,13.0591,263095
2018-04-17,13.0827,13.0984,12.8786,12.9414,330377
2018-04-18,12.9885,13.1297,12.9100,12.9100,453223
2018-04-19,12.9571,13.1180,12.8786,13.0905,451251
2018-04-20,13.0670,13.1454,13.0120,13.0670,496186
2018-04-23,13.1219,13.2475,13.0591,13.2082,298904
2018-04-24,13.1768,13.3730,13.1768,13.3103,425353
2018-04-25,13.2553,13.3259,13.1337,13.2082,333058
2018-04-26,13.1847,13.2082,13.0748,13.1376,195507
2018-04-27,13.1297,13.2318,13.1297,13.2239,213802
2018-04-30,13.2475,13.2789,13.0277,13.0277,362801
2018-05-01,13.0277,13.1768,12.8629,13.1376,421696
2018-05-02,13.1057,13.2246,13.0185,13.1533,368013
2018-05-03,13.0978,13.1691,12.9888,13.0344,492709
2018-05-04,12.9868,13.2722,12.9551,13.1771,445440
2018-05-07,13.2088,13.2167,13.0661,13.1454,316694
2018-05-08,13.1612,13.2801,13.1493,13.2009,403421
2018-05-09,13.2009,13.3436,13.1851,13.2881,203797
2018-05-10,13.2960,13.3713,13.2246,13.3198,170766
2018-05-11,13.3594,13.3911,13.2801,13.3039,192539
2018-05-14,13.3119,13.3515,13.1374,13.1533,274100
2018-05-15,13.1454,13.3553,13.1454,13.2960,338172
2018-05-16,13.3277,13.4070,13.2620,13.3594,367068
2018-05-17,13.3991,13.5497,13.3436,13.4863,463694
2018-05-18,13.5180,13.5180,13.4070,13.4387,364735
2018-05-21,13.4466,13.5973,13.3753,13.5894,261098
2018-05-22,13.5973,13.7083,13.5497,13.6131,312720
2018-05-23,13.6052,13.6766,13.5497,13.6449,295499
2018-05-24,13.5814,13.6528,13.4466,13.6369,243020
2018-05-25,13.6052,13.6885,13.5894,13.6686,243376
2018-05-29,13.5814,13.6845,13.4466,13.5735,557454
2018-05-30,13.6211,13.8272,13.6211,13.7796,357915
2018-05-31,13.7796,13.7876,13.6369,13.6686,234960
2018-06-01,13.7796,13.8193,13.7162,13.7479,311555
2018-06-04,13.8193,13.9065,13.7400,13.8986,382385
2018-06-05,13.8986,13.9858,13.8589,13.9858,285616
2018-06-06,14.0333,14.0888,13.9937,14.0809,342362
2018-06-07,14.1126,14.1761,14.0968,14.1126,536066
2018-06-08,14.1047,14.1998,14.0809,14.1206,282493
2018-06-11,14.1602,14.2633,13.9580,14.0254,421852
2018-06-12,14.0730,14.0849,13.9224,13.9858,252242
2018-06-13,14.0571,14.0571,13.8749,13.9224,521152
2018-06-14,13.9937,14.0175,13.8351,14.0175,483364
2018-06-15,13.9541,14.0928,13.8351,14.0254,1209521
2018-06-18,13.9858,14.1047,13.9224,14.0809,314587
2018-06-19,14.0175,14.2633,13.9778,14.2553,465119
2018-06-20,14.2633,14.3108,14.1840,14.2553,455190
2018-06-21,14.2712,14.3465,14.1761,14.3029,450279
2018-06-22,14.3108,14.4298,14.1919,14.3663,1133291
2018-06-25,14.2950,14.3188,14.1443,14.2157,355502
2018-06-26,14.2157,14.2395,14.0968,14.1681,367999
2018-06-27,14.1364,14.1523,13.8986,13.8986,406473
2018-06-28,13.9224,14.0254,13.8351,13.8589,341079
2018-06-29,13.8986,13.9541,13.7598,13.7876,494440
2018-07-02,13.7638,13.8986,13.7440,13.8986,498742
2018-07-03,13.9382,13.9858,13.8669,13.9461,261513
2018-07-05,13.9937,14.0888,13.9144,14.0809,350734
2018-07-06,14.1126,14.1880,14.0373,14.1523,303190
2018-07-09,14.2157,14.3188,14.1523,14.2950,260673
2018-07-10,14.3505,14.3505,14.1126,14.1840,352087
2018-07-11,14.1206,14.2474,14.1206,14.1761,196449
2018-07-12,14.2316,14.2316,13.9858,14.1047,406780
2018-07-13,14.1047,14.1285,13.9937,14.0096,296478
2018-07-16,14.0175,14.1126,13.9778,14.0254,540258
2018-07-17,14.0571,14.1126,13.9858,13.9858,321967
2018-07-18,14.0254,14.0493,13.8827,14.0016,423703
2018-07-19,14.0096,14.1285,13.9224,14.1047,416310
2018-07-20,14.1285,14.2791,14.0809,14.1998,330568
2018-07-23,14.2078,14.3901,14.1364,14.3822,426017
2018-07-24,14.4298,14.4298,14.1919,14.4060,503785
2018-07-25,14.4218,14.4218,14.1998,14.3108,484002
2018-07-26,14.3505,14.5487,14.3505,14.4615,395080
2018-07-27,14.4694,14.5091,14.2712,14.3108,262579
2018-07-30,14.3188,14.3981,14.2474,14.2474,296879
2018-07-31,14.3346,14.3346,14.1681,14.2871,663863
2018-08-01,14.3257,14.4377,14.2696,14.4377,338919
2018-08-02,14.3977,14.5017,14.2696,14.4857,432971
2018-08-03,14.5017,14.5577,14.3016,14.3497,312880
2018-08-06,14.3577,14.3577,14.2256,14.2696,282485
2018-08-07,14.3096,14.3096,14.1816,14.2296,291033
2018-08-08,14.2376,14.3657,14.1576,14.3657,359863
2018-08-09,14.3577,14.4137,14.2696,14.2936,248428
2018-08-10,14.2216,14.3177,14.1656,14.2616,290311
2018-08-13,14.2696,14.3577,14.1896,14.3177,285239
2018-08-14,14.3177,14.5978,14.3177,14.5898,456605
2018-08-15,14.5497,14.6458,14.4137,14.5577,414492
2018-08-16,14.6378,14.6938,14.5818,14.6698,435581
2018-08-17,14.6378,14.6938,14.6218,14.6778,257783
2018-08-20,14.7018,14.7578,14.6138,14.6698,358446
2018-08-21,14.7098,14.8539,14.6538,14.8138,474365
2018-08-22,14.7978,14.8379,14.4777,14.7978,232041
2018-08-23,14.7978,14.7978,14.6298,14.7018,236545
2018-08-24,14.7418,14.7498,14.6698,14.6778,222862
2018-08-27,14.7338,14.7738,14.5938,14.6298,267409
2018-08-28,14.6698,14.6698,14.5177,14.5738,212691
2018-08-29,14.5657,14.5978,14.4697,14.5577,173782
2018-08-30,14.5417,14.5738,14.4857,14.5097,283797
2018-08-31,14.4857,14.5898,14.4617,14.5818,276297
2018-09-04,14.5818,14.6778,14.5257,14.6298,258235
2018-09-05,14.6378,14.7418,14.6138,14.6538,294567
2018-09-06,14.6618,14.7258,14.5978,14.6218,257542
2018-09-07,14.6378,14.6538,14.5337,14.6538,283540
2018-09-10,14.6938,14.8058,14.5898,14.6058,219330
2018-09-11,14.6058,14.7378,14.5577,14.7258,625455
2018-09-12,14.6938,14.7818,14.5337,14.6298,644224
2018-09-13,14.6858,14.7098,14.4457,14.4537,451324
2018-09-14,14.4457,14.7098,14.4457,14.5657,392794
2018-09-17,14.5657,14.7018,14.3257,14.4617,417810
2018-09-18,14.5017,14.5337,14.3337,14.3497,261924
2018-09-19,14.3257,14.4857,14.2776,14.3497,410245
2018-09-20,14.4057,14.5297,14.3857,14.5017,290012
2018-09-21,14.4697,14.5738,14.4217,14.4457,674584
2018-09-24,14.4137,14.4217,14.2056,14.2216,338173
2018-09-25,14.2696,14.2736,14.1976,14.2136,232909
2018-09-26,14.2536,14.2536,13.9335,13.9575,453150
2018-09-27,13.9895,13.9975,13.8535,13.8615,313625
2018-09-28,13.8855,13.9335,13.8535,13.8615,405496
2018-10-01,13.9175,13.9335,13.5814,13.5894,526894
2018-10-02,13.5894,13.6614,13.3973,13.4373,288356
2018-10-03,13.4773,13.7734,13.4173,13.7334,426555
2018-10-04,13.7414,13.8495,13.7414,13.8054,321531
2018-10-05,13.8535,13.8615,13.6614,13.7574,263495
2018-10-08,13.7494,13.8977,13.6814,13.8535,212301
2018-10-09,13.7974,13.9335,13.7974,13.8855,310282
2018-10-10,13.8775,14.0455,13.7574,13.7734,359850
2018-10-11,13.7574,13.7574,13.3493,13.3493,372299
2018-10-12,13.4373,13.4453,12.7730,12.9731,516051
2018-10-15,12.9891,13.2052,12.9251,13.0852,516470
2018-10-16,13.1732,13.2452,12.9171,13.2212,306392
2018-10-17,13.2052,13.3573,13.0692,13.2932,338281
2018-10-18,13.3093,13.3653,13.0932,13.1092,248471
2018-10-19,13.0451,13.1732,12.9571,12.9651,360302
2018-10-22,13.0051,13.1492,12.8931,13.0051,475324
2018-10-23,12.8611,12.9651,12.6850,12.8931,638039
2018-10-24,12.8211,12.8211,12.4049,12.4209,797323
2018-10-25,12.4849,13.1972,12.4769,12.7730,681026
2018-10-26,12.6850,12.8451,12.5329,12.7490,347756
2018-10-29,12.9171,13.1332,12.8451,12.9731,291009
2018-10-30,13.0211,13.1812,12.9491,13.1812,391236
2018-10-31,13.2796,13.2958,13.0370,13.0532,490275
2018-11-01,13.0855,13.2149,12.9965,13.1906,387327
2018-11-02,13.2473,13.4171,13.2230,13.4171,345452
2018-11-05,13.3847,13.5384,13.3847,13.5222,368994
2018-11-06,13.5141,13.6921,13.4414,13.6759,284123
2018-11-07,13.6840,13.7972,13.4899,13.7972,342581
2018-11-08,13.7568,13.9428,13.6031,13.9347,358951
2018-11-09,13.8942,14.0156,13.7163,13.9185,780873
2018-11-12,13.9104,14.0964,13.8457,13.9589,1240430
2018-11-13,13.9751,14.2744,13.9185,13.9751,738877
2018-11-14,14.0317,14.0924,13.6678,13.8053,559215
2018-11-15,13.7406,14.2016,13.7001,14.1692,677011
2018-11-16,14.1126,14.3471,14.0236,14.3067,761696
2018-11-19,14.2824,14.3795,14.1207,14.2177,416394
2018-11-20,14.1611,14.2339,14.0115,14.0722,423104
2018-11-21,14.0883,14.2663,13.9670,13.9832,373984
2018-11-23,13.9185,14.1530,13.8862,14.0236,148099
2018-11-26,14.1530,14.2986,14.1126,14.2177,423969
2018-11-27,14.1126,14.2582,14.1126,14.2016,376701
2018-11-28,14.2582,14.4199,14.0156,14.3876,518011
2018-11-29,14.2905,14.3795,14.1935,14.2663,456042
2018-11-30,14.2420,14.5412,14.2420,14.5008,618158
2018-12-03,14.5574,14.5574,14.2501,14.4765,444999
2018-12-04,14.4199,14.4361,13.7527,13.8295,526855
2018-12-06,13.6597,14.0317,13.5788,14.0317,974037
2018-12-07,14.0398,14.2420,14.0236,14.2097,874089
2018-12-10,14.2097,14.2339,13.8619,13.8700,481039
2018-12-11,13.9509,14.0277,13.7568,13.8134,538505
2018-12-12,13.9670,14.1207,13.8295,13.9509,460111
2018-12-13,13.9266,14.1369,13.7608,13.7810,546305
2018-12-14,13.7487,13.8134,13.5707,13.6274,978449
2018-12-17,13.5546,13.7729,13.5060,13.5707,749100
2018-12-18,13.6516,13.6840,13.2392,13.2958,699789
2018-12-19,13.2958,13.3686,12.8186,12.9238,1139079
2018-12-20,12.8671,13.0532,12.6973,12.7135,736031
2018-12-21,12.7782,13.0936,12.7135,13.0451,1912237
2018-12-24,12.9399,13.0912,12.9238,12.9723,338150
2018-12-26,12.9642,13.4171,12.9399,13.4090,874359
2018-12-27,13.2230,13.3443,12.9885,13.3362,886982
2018-12-28,13.3281,13.7325,13.3281,13.6354,638021
2018-12-31,13.6840,13.7001,13.3847,13.7001,453640
2019-01-02,13.5303,13.8295,13.5303,13.8215,736833
2019-01-03,13.8053,13.9832,13.7325,13.8538,574928
2019-01-04,13.9670,14.1409,13.8862,14.0236,1005764
2019-01-07,14.0398,14.0722,13.8781,14.0479,402578
2019-01-08,14.0641,14.1247,13.9266,14.1045,470413
2019-01-09,14.0883,14.1692,14.0156,14.1530,573754
2019-01-10,14.1288,14.1854,14.0075,14.1450,349419
2019-01-11,14.1045,14.2420,14.0883,14.2258,439823
2019-01-14,14.1450,14.3148,14.1450,14.2339,560262
2019-01-15,14.2339,14.3391,14.1126,14.3067,449105
2019-01-16,14.3552,14.5655,14.3148,14.5412,651707
2019-01-17,14.4523,14.6626,14.4280,14.5817,520039
2019-01-18,14.5736,14.7839,14.5170,14.7434,435239
2019-01-22,14.5736,14.8809,14.3552,14.3876,790255
2019-01-23,14.4199,14.5655,14.3391,14.5170,815663
2019-01-24,14.4846,14.5898,14.2663,14.4280,475735
2019-01-25,14.4846,14.4846,14.2380,14.3471,723344
2019-01-28,14.2420,14.4199,14.2016,14.4199,623695
2019-01-29,14.4280,14.4927,14.3148,14.3229,435235
2019-01-30,14.3876,14.3876,14.1611,14.2177,848782
2019-01-31,14.2321,14.4282,14.1259,14.4118,1181896
2019-02-01,14.4118,14.5262,14.3465,14.4282,340446
2019-02-04,14.4037,14.6447,14.3628,14.6406,469539
2019-02-05,14.6243,14.6815,14.5426,14.6243,273570
2019-02-06,14.5998,14.7141,14.5671,14.6733,355387
2019-02-07,14.6978,14.7223,14.5426,14.6978,389850
2019-02-08,14.6651,14.7476,14.6161,14.6243,543702
2019-02-11,14.6243,14.7958,14.5671,14.7958,371310
2019-02-12,14.8367,14.9347,14.7305,14.7305,657625
2019-02-13,14.7223,14.7877,14.6488,14.7223,581256
2019-02-14,14.6978,14.7754,14.5834,14.6978,616478
2019-02-15,14.7713,14.9266,14.7468,14.9020,470220
2019-02-19,14.8775,15.1962,14.8367,15.1145,515078
2019-02-20,15.1145,15.1798,14.9715,15.1717,666789
2019-02-21,15.1635,15.2125,15.0164,15.2125,531685
2019-02-22,15.2125,15.2697,15.1471,15.2207,674096
2019-02-25,15.2534,15.3677,15.2207,15.2615,390996
2019-02-26,15.2288,15.3310,15.0491,15.0736,364273
2019-02-27,15.0736,15.2534,15.0736,15.2207,303484
2019-02-28,15.2207,15.3024,15.1798,15.1962,502982
2019-03-01,15.2288,15.2697,15.0654,15.1635,325453
2019-03-04,15.1308,15.2043,15.0491,15.0900,352216
2019-03-05,15.0818,15.1063,14.9020,14.9592,396541
2019-03-06,14.9347,14.9401,14.5671,14.5834,397961
2019-03-07,14.5834,14.6120,14.3996,14.4527,509968
2019-03-08,14.4200,14.5344,14.3138,14.3628,545519
2019-03-11,14.3628,14.5834,14.3628,14.5507,939228
2019-03-12,14.5426,14.5998,14.2484,14.3138,676683
2019-03-13,14.3710,14.4200,14.2403,14.2648,533052
2019-03-14,14.2566,14.3056,14.2239,14.2403,600699
2019-03-15,14.2239,14.2893,14.1096,14.1341,944923
2019-03-18,14.1341,14.2811,14.0891,14.1913,565699
2019-03-19,14.2239,14.2566,13.8645,13.8726,644377
2019-03-20,13.8481,13.9053,13.6275,13.6439,711007
2019-03-21,13.6194,13.8890,13.5622,13.7746,490633
2019-03-22,13.7011,13.7337,13.3171,13.4886,728894
2019-03-25,13.4805,13.6275,13.4478,13.5622,1119936
2019-03-26,13.6112,13.9543,13.6112,13.9216,647053
2019-03-27,13.8645,14.0156,13.8073,13.8890,794143
2019-03-28,13.8563,13.9625,13.7828,13.9543,301517
2019-03-29,13.9543,14.0197,13.7746,13.8645,598941
2019-04-01,13.9543,14.0524,13.9298,14.0360,536961
2019-04-02,14.0360,14.0687,13.9053,13.9216,351493
2019-04-03,14.0360,14.0442,13.7746,13.8154,413345
2019-04-04,13.8236,13.9380,13.7991,13.8890,526318
2019-04-05,13.9216,13.9543,13.8154,13.8481,986085
2019-04-08,13.8318,14.0279,13.7909,13.9870,506146
2019-04-09,13.9625,13.9952,13.7746,13.7991,349379
2019-04-10,13.7991,13.9870,13.7828,13.9870,428298
2019-04-11,14.0115,14.0524,13.9298,13.9707,222974
2019-04-12,14.0687,14.1055,13.8481,13.9216,434326
2019-04-15,13.9380,14.0033,13.7011,13.7337,331261
2019-04-16,13.7337,13.9462,13.6986,13.9462,424911
2019-04-17,13.9135,14.1913,13.7256,14.1177,497719
2019-04-18,14.0524,14.1749,13.9053,14.0605,412011
2019-04-22,14.0769,14.1749,13.8359,13.9870,407657
2019-04-23,13.9788,14.2321,13.9216,14.1913,549039
2019-04-24,14.1586,14.3301,14.0932,14.2648,446041
2019-04-25,14.1913,14.2975,14.0932,14.2484,231111
2019-04-26,14.2566,14.3710,14.2239,14.2893,261694
2019-04-29,14.3465,14.5017,14.2648,14.3056,377588
2019-04-30,14.3056,14.3710,14.2076,14.2403,531995
2019-05-01,14.2828,14.3240,14.1094,14.1259,769953
2019-05-02,14.1259,14.3240,14.1176,14.2910,274729
2019-05-03,14.2910,14.5304,14.2910,14.4974,270822
2019-05-06,14.3901,14.6584,14.3571,14.6295,308998
2019-05-07,14.5139,14.5469,14.3075,14.3818,273045
2019-05-08,14.3571,14.4314,14.2250,14.2745,195479
2019-05-09,14.2167,14.2910,14.1342,14.2497,265378
2019-05-10,14.1919,14.3488,14.1094,14.3488,280662
2019-05-13,14.1754,14.2250,14.0021,14.0433,299079
2019-05-14,14.1094,14.2332,14.0351,14.1919,212091
2019-05-15,14.0598,14.1094,13.9154,13.9773,186661
2019-05-16,13.9278,14.3405,13.9278,14.1424,543054
2019-05-17,14.0186,14.3405,13.8947,14.2332,471024
2019-05-20,14.2002,14.3818,14.1672,14.2745,244610
2019-05-21,14.3158,14.3240,14.2415,14.3075,216487
2019-05-22,14.2662,14.2993,14.1919,14.2580,136687
2019-05-23,14.1176,14.1259,13.7626,13.8947,339928
2019-05-24,13.9525,14.1342,13.9525,14.1176,228433
2019-05-28,14.0598,14.1424,14.0268,14.0516,258203
2019-05-29,13.9690,14.1589,13.9278,14.1176,218034
2019-05-30,14.1424,14.1754,13.8204,13.9278,282431
2019-05-31,13.8122,13.9030,13.7874,13.8452,259070
2019-06-03,13.8452,14.0186,13.7791,13.9608,446627
2019-06-04,14.0764,14.2002,14.0351,14.1837,315121
2019-06-05,14.1754,14.2580,14.0186,14.1259,329086
2019-06-06,14.1094,14.2167,13.9855,14.1837,224942
2019-06-07,14.1837,14.1837,14.0021,14.0516,160976
2019-06-10,14.0929,14.2497,14.0929,14.1754,211129
2019-06-11,14.2497,14.2828,14.0681,14.1342,195212
2019-06-12,14.1176,14.1754,14.0103,14.1176,165996
2019-06-13,14.1754,14.2662,14.0640,14.1176,196464
2019-06-14,14.1176,14.1837,14.0681,14.1424,223797
2019-06-17,14.0516,14.2539,14.0516,14.0681,283885
2019-06-18,14.1011,14.3488,14.0929,14.2745,373864
2019-06-19,14.2745,14.2910,14.1837,14.2167,452317
2019-06-20,14.2910,14.2910,14.0681,14.1589,297854
2019-06-21,14.0846,14.2662,13.9525,14.0351,947891
2019-06-24,13.9938,14.1094,13.8865,13.9112,404230
2019-06-25,13.9195,14.1507,13.8204,14.0929,505130
2019-06-26,14.1259,14.1342,13.9112,13.9525,543526
2019-06-27,13.9608,14.2745,13.9608,14.2745,390184
2019-06-28,14.3571,14.6213,14.3075,14.5387,2100102
2019-07-01,14.5552,14.6254,14.4305,14.5387,500177
2019-07-02,14.5304,14.5552,14.2415,14.3488,298053
2019-07-03,14.4561,14.5057,14.3571,14.4809,130791
2019-07-05,14.5222,14.6213,14.4479,14.6130,253303
2019-07-08,14.5469,14.5635,14.3612,14.4479,455346
2019-07-09,14.3736,14.5057,14.2580,14.4974,376648
2019-07-10,14.4974,14.5222,14.3571,14.3901,212122
2019-07-11,14.3983,14.4396,14.2497,14.3818,185731
2019-07-12,14.4231,14.5469,14.3529,14.4892,256001
2019-07-15,14.4892,14.4892,14.2497,14.3405,220819
2019-07-16,14.3653,14.4149,14.2828,14.3240,315016
2019-07-17,14.2332,14.3818,14.1011,14.3323,463984
2019-07-18,14.1919,14.4809,14.1919,14.4231,247989
2019-07-19,14.3571,14.5717,14.3571,14.4479,393778
2019-07-22,14.3158,14.5882,13.9608,14.1424,527984
2019-07-23,14.0764,14.1589,13.9195,14.0846,482615
2019-07-24,14.0516,14.2828,13.9360,14.2085,684175
2019-07-25,14.2910,14.2910,13.9484,14.0103,384435
2019-07-26,14.0103,14.2167,13.9938,14.1589,306504
2019-07-29,14.1507,14.2828,14.0764,14.1094,325236
2019-07-30,14.0351,14.2910,14.0268,14.2828,388354
2019-07-31,14.3492,14.4827,14.2460,14.3075,527418
2019-08-01,14.2992,14.4327,14.0239,14.0906,536445
2019-08-02,14.0823,14.1073,13.8904,13.9822,356719
2019-08-05,13.8904,13.9071,13.5484,13.7319,468322
2019-08-06,13.7569,13.9571,13.6943,13.8821,414067
2019-08-07,13.7402,13.8237,13.5567,13.7819,361770
2019-08-08,13.8320,14.0614,13.8320,13.9655,420446
2019-08-09,13.9488,14.0489,13.8487,13.8654,341095
2019-08-12,13.8320,13.8862,13.7527,13.7569,305918
2019-08-13,13.7152,14.0155,13.7152,13.8570,227417
2019-08-14,13.6651,13.7235,13.4649,13.5484,262755
2019-08-15,13.6568,13.7736,13.5233,13.6902,434470
2019-08-16,13.7486,13.9321,13.6568,13.8570,365356
2019-08-19,14.0072,14.0072,13.7736,13.7736,331242
2019-08-20,13.7653,13.7653,13.5066,13.5233,324846
2019-08-21,13.6067,13.6067,13.4190,13.4816,397804
2019-08-22,13.5400,13.5984,13.4149,13.5233,360821
2019-08-23,13.5317,13.5317,13.1229,13.1813,566954
2019-08-26,13.2564,13.2897,13.1646,13.2397,478368
2019-08-27,13.2480,13.3148,13.0395,13.0478,408601
2019-08-28,13.0311,13.2480,13.0311,13.1562,678971
2019-08-29,13.2647,13.3857,13.1729,13.2480,371124
2019-08-30,13.3231,13.3398,13.0728,13.1896,366228
2019-09-03,13.1396,13.1646,12.9143,13.0728,318378
2019-09-04,13.1229,13.1813,12.8976,13.0061,199809
2019-09-05,13.1479,13.4316,13.1479,13.2230,482256
2019-09-06,13.2564,13.2981,13.1688,13.1813,233083
2019-09-09,13.2230,13.5066,13.1896,13.4649,547106
2019-09-10,13.5150,13.7152,13.4566,13.6735,362939
2019-09-11,13.7402,13.9905,13.5901,13.9405,531880
2019-09-12,13.9071,14.0906,13.8237,13.9822,517946
2019-09-13,14.0656,14.1657,13.9238,13.9655,542134
2019-09-16,13.8654,13.9613,13.7653,13.8987,591810
2019-09-17,13.8654,13.9154,13.6985,13.8654,490246
2019-09-18,13.8487,13.8929,13.7152,13.8570,713021
2019-09-19,13.8403,14.0239,13.7736,13.7903,471513
2019-09-20,13.8153,13.8904,13.6985,13.8737,2364192
2019-09-23,13.8487,14.0155,13.7152,13.9321,696284
2019-09-24,13.9905,14.0155,13.7402,13.7736,538781
2019-09-25,13.8403,14.0239,13.7986,13.9989,480049
2019-09-26,13.9738,13.9738,13.6985,13.7235,444928
2019-09-27,13.7736,13.8570,13.6985,13.8028,426977
2019-09-30,13.8487,13.8570,13.6651,13.6735,563681
2019-10-01,13.7819,13.8320,13.3982,13.4983,676821
2019-10-02,13.4900,13.6651,13.4232,13.6401,1003749
2019-10-03,13.5984,13.7527,13.5650,13.7277,478036
2019-10-04,13.6985,13.7819,13.5984,13.6401,403629
2019-10-07,13.6234,13.7235,13.5817,13.6234,398787
2019-10-08,13.5567,13.6067,13.4065,13.4608,337427
2019-10-09,13.4900,13.5650,13.4190,13.5108,225846
2019-10-10,13.5400,13.5817,13.4649,13.4691,332778
2019-10-11,13.6234,13.7486,13.4733,13.6276,309881
2019-10-14,13.5734,13.6151,13.4900,13.5734,206422
2019-10-15,13.5984,13.7152,13.5150,13.6318,467301
2019-10-16,13.5567,13.6568,13.5400,13.6318,498798
2019-10-17,13.6651,13.9488,13.6485,13.9071,419729
2019-10-18,13.8320,13.9405,13.7152,13.8987,506474
2019-10-21,14.0072,14.6454,13.9989,14.6204,631859
2019-10-22,14.7997,14.7997,14.5036,14.5787,542240
2019-10-23,14.5745,14.5828,14.3075,14.3576,520721
2019-10-24,14.3242,14.4327,14.2074,14.2908,261079
2019-10-25,14.2575,14.3242,14.2283,14.2742,240599
2019-10-28,14.2491,14.4410,14.1991,14.3492,330615
2019-10-29,14.3075,14.5536,14.2783,14.5244,527743
2019-10-30,13.5484,14.2199,13.4399,14.1824,1861088
2019-10-31,14.2157,14.2494,13.9964,14.2241,804292
2019-11-01,14.2241,14.3337,14.1651,14.2578,556318
2019-11-04,14.3421,14.3590,14.1398,14.3084,1019818
2019-11-05,14.3759,14.4770,14.2578,14.3084,703355
2019-11-06,14.2663,14.4475,14.2578,14.3590,541162
2019-11-07,14.4602,14.4770,14.2789,14.3253,703416
2019-11-08,14.3084,14.4180,14.2747,14.3253,471411
2019-11-11,14.2916,14.3506,14.2494,14.3084,243046
2019-11-12,14.3000,14.3590,14.1988,14.3421,469736
2019-11-13,14.2494,14.3337,14.1988,14.3084,454693
2019-11-14,14.2831,14.3362,14.2072,14.2663,490770
2019-11-15,14.3337,14.3464,14.1735,14.1988,678435
2019-11-18,14.2157,14.2157,14.0302,14.1229,493666
2019-11-19,14.1819,14.1988,14.0808,14.1314,355775
2019-11-20,14.0555,14.1145,13.9880,14.0639,563325
2019-11-21,14.0976,14.0976,13.9037,13.9543,436152
2019-11-22,13.9712,14.0808,13.9297,14.0049,307376
2019-11-25,14.0133,14.2157,13.9964,14.1314,559502
2019-11-26,14.0976,14.1904,14.0639,14.0892,509290
2019-11-27,14.0892,14.1566,13.9880,14.0302,530961
2019-11-29,14.0302,14.1145,13.9627,14.0302,229627
2019-12-02,14.0470,14.1145,13.9121,13.9374,510171
2019-12-03,13.8700,13.9121,13.7604,13.9037,341428
2019-12-04,13.8953,14.0344,13.8028,13.9290,415200
2019-12-05,13.9459,14.0386,13.9121,13.9374,587297
2019-12-06,13.9964,14.1651,13.9796,13.9880,397298
2019-12-09,13.9964,14.0217,13.9314,13.9880,662612
2019-12-10,14.0049,14.0049,13.8868,13.9796,412056
2019-12-11,14.0049,14.0049,13.8362,13.8784,345215
2019-12-12,13.9037,14.0386,13.9037,13.9880,478582
2019-12-13,14.0386,14.0850,13.8953,13.9964,361210
2019-12-16,14.0808,14.1651,13.9627,14.0765,646066
2019-12-17,14.1229,14.2072,14.0723,14.1988,572840
2019-12-18,14.2663,14.2663,14.0217,14.0555,803436
2019-12-19,14.0892,14.2831,14.0808,14.2831,819151
2019-12-20,14.3168,14.3168,14.1103,14.1398,1701590
2019-12-23,14.1651,14.2072,13.9964,14.0133,553672
2019-12-24,14.0217,14.0428,13.9627,14.0217,212422
2019-12-26,14.0302,14.0808,13.9712,14.0217,207035
2019-12-27,14.0386,14.0386,13.9290,13.9627,313333
2019-12-30,13.9374,14.0723,13.9374,14.0639,388172
2019-12-31,14.0639,14.1482,14.0133,14.0217,494583
2020-01-02,14.0302,14.0555,13.8025,13.9037,560867
2020-01-03,13.7941,13.9964,13.7857,13.9459,588329
2020-01-06,13.9121,13.9459,13.8110,13.9206,584178
2020-01-07,13.8531,13.9459,13.7435,13.7519,532965
2020-01-08,13.8025,13.9712,13.8025,13.9290,809719
2020-01-09,13.9543,13.9838,13.8278,13.8362,519210
2020-01-10,13.7941,13.8700,13.7309,13.7899,375268
2020-01-13,13.7857,13.9796,13.7435,13.8615,368037
2020-01-14,13.8278,13.8911,13.7688,13.8784,390022
2020-01-15,13.8615,13.8615,13.7435,13.8194,334899
2020-01-16,13.8700,13.9880,13.8110,13.9037,381087
2020-01-17,14.0049,14.0049,13.7857,13.8194,402330
2020-01-21,13.7857,13.8194,13.6676,13.6676,462328
2020-01-22,13.6929,13.7730,13.5917,13.6255,408082
2020-01-23,13.6170,13.7772,13.5369,13.7561,1028295
2020-01-24,13.7604,13.8278,13.5327,13.6339,429337
2020-01-27,13.6170,13.6255,13.1617,13.1702,837701
2020-01-28,13.1702,13.3641,13.1449,13.2545,733689
2020-01-29,13.2207,13.2882,13.0690,13.1196,1174223
2020-01-30,13.0690,13.3582,13.0690,13.3472,678851
2020-01-31,13.2629,13.3472,13.0395,13.2587,1611422
2020-02-03,13.3051,13.3894,13.2207,13.2629,770105
2020-02-04,13.1863,13.2779,13.1030,13.1280,538068
2020-02-05,13.3719,13.4316,13.3292,13.4231,558526
2020-02-06,13.4828,13.5596,13.3122,13.3378,474546
2020-02-07,13.3207,13.4402,13.2610,13.3890,739910
2020-02-10,13.3975,13.4743,13.3548,13.3890,476463
2020-02-11,13.3975,13.6023,13.3975,13.4786,409890
2020-02-12,13.5596,13.6364,13.4658,13.4999,390754
2020-02-13,13.4914,13.5980,13.4828,13.5682,250795
2020-02-14,13.6108,13.6450,13.4914,13.4999,368405
2020-02-18,13.4487,13.5084,13.3122,13.3890,244041
2020-02-19,13.3804,13.4530,13.3463,13.3548,244896
2020-02-20,13.3122,13.4999,13.3122,13.4572,380276
2020-02-21,13.4658,13.4828,13.3378,13.4146,438836
2020-02-24,13.2012,13.2951,13.1714,13.2439,401918
2020-02-25,13.1842,13.1842,12.7490,12.8002,593559
2020-02-26,12.8599,13.0050,12.6892,12.7063,721312
2020-02-27,12.5356,12.7575,12.3052,12.3052,610993
2020-02-28,12.0748,12.2540,11.6396,11.8529,1094933
2020-03-02,11.8700,12.5015,11.8215,12.4972,788394
2020-03-03,12.4247,12.6978,12.0919,12.2796,755724
2020-03-04,12.3991,12.5826,12.1431,12.5612,535666
2020-03-05,12.2882,12.3394,12.0151,12.2284,939249
2020-03-06,11.8956,12.1345,11.7591,12.0919,714977
2020-03-09,11.4007,11.4689,10.8400,10.8631,1040052
2020-03-10,11.1617,11.6908,10.5900,11.0167,564877
2020-03-11,10.7436,10.8119,10.2401,10.3681,860054
2020-03-12,9.7879,9.8817,8.9942,9.3782,1040067
2020-03-13,9.8647,10.0439,9.2972,9.9244,967129
2020-03-16,9.1052,9.9073,8.9089,9.6343,862547
2020-03-17,9.7879,10.6156,9.7111,10.4620,1044601
2020-03-18,9.9500,10.2871,9.3356,9.8049,1568082
2020-03-19,9.6172,10.1548,9.0198,9.8561,796211
2020-03-20,9.7111,9.8732,9.0454,9.1393,1290998
2020-03-23,9.1734,9.3014,8.4652,8.6700,1146021
2020-03-24,9.0369,9.3868,8.8918,9.3356,1045785
2020-03-25,9.3953,10.0183,9.0028,9.5745,1226485
2020-03-26,9.6343,10.2145,9.6343,10.1121,916860
2020-03-27,9.7452,10.1377,9.5489,9.6855,583289
2020-03-30,9.8049,9.9841,9.4721,9.9372,555282
2020-03-31,9.7964,9.9756,9.6001,9.8732,634220
2020-04-01,9.4550,9.6087,9.2076,9.3953,751655
2020-04-02,9.3526,9.6428,9.1222,9.3782,523959
2020-04-03,9.4294,9.4294,8.8406,9.0881,566703
2020-04-06,9.4380,9.6513,9.3953,9.5745,549259
2020-04-07,9.8391,10.0268,9.5063,9.5916,502715
2020-04-08,9.6940,9.7537,9.5063,9.5916,512512
2020-04-09,9.7879,10.3724,9.6940,10.3511,728595
2020-04-13,10.3084,10.4492,9.4721,9.5233,600747
2020-04-14,9.7196,9.8561,9.2929,9.5063,579859
2020-04-15,9.1905,9.2588,8.8577,8.9516,671143
2020-04-16,8.9089,9.1076,8.1452,8.2774,1558772
2020-04-17,8.4822,9.0134,8.3798,8.5249,1081200
2020-04-20,8.3798,8.7809,8.2433,8.7126,1151885
2020-04-21,8.3286,8.7169,8.0812,8.3969,2250732
2020-04-22,8.5078,8.9857,8.2860,8.7041,5875313
2020-04-23,8.8065,9.2161,8.7553,8.8577,1808117
2020-04-24,8.8577,9.0710,8.5377,8.8150,5243807
2020-04-27,8.8236,9.4380,8.6785,9.2332,1206103
2020-04-28,9.4294,9.7281,9.3185,9.3697,1010122
2020-04-29,9.7964,10.0865,9.4380,9.4892,4146094
2020-04-30,9.2588,9.3441,8.9686,9.0540,1051782
2020-05-01,8.8321,8.9558,8.5718,8.7212,874285
2020-05-04,8.7638,8.7894,8.4993,8.7468,812660
2020-05-05,8.8662,8.9601,8.5334,8.6529,1329068
2020-05-06,8.6780,8.7998,8.5128,8.7041,886881
2020-05-07,8.7650,9.0563,8.7128,8.9998,1468043
2020-05-08,9.1302,9.4519,9.1302,9.4432,1100728
2020-05-11,9.3041,9.3650,8.8041,8.8693,1181192
2020-05-12,8.8693,8.9476,8.4432,8.4606,945409
2020-05-13,8.3824,8.4780,7.8259,7.9389,1324898
2020-05-14,7.7476,7.9172,7.4085,7.8867,870422
2020-05-15,7.8954,7.9824,7.7128,7.8520,997703
2020-05-18,8.0824,8.6085,8.0085,8.5302,924890
2020-05-19,8.4954,8.4954,8.0520,8.0520,700159
2020-05-20,8.1737,8.5085,8.1563,8.4432,724782
2020-05-21,8.3824,8.5215,8.3496,8.3824,432186
2020-05-22,8.4259,8.4432,8.2302,8.3911,462166
2020-05-26,8.7650,8.9302,8.7215,8.7737,793141
2020-05-27,8.9998,9.3737,8.9302,9.3302,793067
2020-05-28,9.4693,9.4693,8.9476,9.0084,613244
2020-05-29,8.8780,8.8780,8.5650,8.6606,547297
2020-06-01,8.6954,8.8780,8.5737,8.5824,624334
2020-06-02,8.6693,8.7911,8.4693,8.5389,559739
2020-06-03,8.7128,9.2084,8.7128,8.9911,661696
2020-06-04,8.9389,9.1563,8.7998,9.1563,505993
2020-06-05,9.3910,9.6954,9.3215,9.5128,986978
2020-06-08,9.7128,9.8997,9.5606,9.7954,746880
2020-06-09,9.5563,9.8954,9.4055,9.7171,557360
2020-06-10,9.6780,9.6780,9.1563,9.1737,490100
2020-06-11,8.7389,8.7911,8.4954,8.5650,814365
2020-06-12,8.9389,8.9650,8.5128,8.7998,728884
2020-06-15,8.5128,9.1650,8.4606,8.9084,1273834
2020-06-16,9.2432,9.4432,9.0606,9.1824,937823
2020-06-17,9.1650,9.2171,8.8519,8.8780,740282
2020-06-18,8.7389,9.1215,8.7041,8.9476,787585
2020-06-19,9.1389,9.1389,8.8606,8.9563,3357257
2020-06-22,8.8171,8.8693,8.7041,8.8128,766179
2020-06-23,8.9737,9.0954,8.7389,8.7650,592779
2020-06-24,8.6954,8.7302,8.2954,8.3650,649529
2020-06-25,8.3215,8.6172,8.2259,8.5998,571783
2020-06-26,8.4345,8.6867,8.1302,8.2346,1268687
2020-06-29,8.3563,8.7693,8.2954,8.7041,587091
2020-06-30,8.6432,8.9737,8.6432,8.8911,527128
2020-07-01,8.8867,9.0519,8.4432,8.4693,399867
2020-07-02,8.6954,8.7911,8.4085,8.4432,418431
2020-07-06,8.6606,8.7563,8.3998,8.4519,481102
2020-07-07,8.3041,8.3302,8.1737,8.2085,709066
2020-07-08,8.2085,8.2578,8.0085,8.1911,616791
2020-07-09,8.1824,8.2085,7.8259,7.8346,754437
2020-07-10,7.9128,8.2693,7.9128,8.2476,775058
2020-07-13,8.2693,8.5041,8.1780,8.3389,724766
2020-07-14,8.3389,8.4345,8.2259,8.3302,684441
2020-07-15,8.5476,8.8171,8.5389,8.7215,662648
2020-07-16,8.6172,8.7998,8.5737,8.7215,461375
2020-07-17,8.7215,8.7824,8.5389,8.5476,787018
2020-07-20,8.5041,8.5650,8.3519,8.3737,509620
2020-07-21,8.4606,8.8737,8.4211,8.8432,838206
2020-07-22,8.7476,8.7911,8.5040,8.5650,436648
2020-07-23,8.5476,8.7998,8.5476,8.7824,631743
2020-07-24,8.7911,8.8693,8.5998,8.6302,439346
2020-07-27,8.5650,8.5650,8.3215,8.4302,626357
2020-07-28,8.4519,8.6345,8.1302,8.4693,522876
2020-07-29,8.5302,8.5998,8.3302,8.5867,438678
2020-07-30,8.4780,8.5737,8.3215,8.4693,382628
2020-07-31,8.4606,8.5737,8.2867,8.5650,1067461
2020-08-03,8.6258,8.6519,8.5085,8.5389,676142
2020-08-04,8.5650,8.6085,8.3476,8.5867,765272
2020-08-05,8.6220,8.8966,8.5009,8.8302,1213489
2020-08-06,8.7815,8.9144,8.7194,8.8258,575932
2020-08-07,8.7371,9.1182,8.7106,9.1005,613043
2020-08-10,9.1625,9.3397,9.1005,9.1802,484857
2020-08-11,9.3574,9.4992,9.1802,9.2245,635949
2020-08-12,9.4195,9.4992,9.0827,9.2422,466673
2020-08-13,9.1625,9.3131,9.0074,9.0827,325588
2020-08-14,9.1359,9.3884,8.9587,9.2688,698009
2020-08-17,9.2068,9.2157,9.0030,9.1581,510151
2020-08-18,9.1713,9.1713,8.8701,8.8834,418898
2020-08-19,8.8701,9.0127,8.8169,8.8701,405141
2020-08-20,8.7637,8.8966,8.7017,8.7460,326671
2020-08-21,8.7194,8.8169,8.6574,8.7992,635495
2020-08-24,8.9410,9.1359,8.7815,9.1182,413057
2020-08-25,9.1270,9.2511,8.9941,9.0384,368378
2020-08-26,9.0118,9.0296,8.8125,8.8612,447806
2020-08-27,8.9055,9.0872,8.8258,8.9853,458770
2020-08-28,9.0916,9.0916,8.8834,8.9587,394957
2020-08-31,8.9498,8.9941,8.8612,8.9587,593674
2020-09-01,8.9144,8.9941,8.8258,8.9498,353383
2020-09-02,8.9144,9.0739,8.8878,9.0207,362944
2020-09-03,9.0827,9.2511,8.9764,9.0562,528230
2020-09-04,9.2511,9.3043,8.9853,9.1182,434513
2020-09-08,9.0562,9.1713,8.8612,9.0473,751037
2020-09-09,9.1005,9.3043,8.9498,8.9764,455485
2020-09-10,8.9941,9.0739,8.8435,8.8789,546291
2020-09-11,8.8233,8.9055,8.7726,8.8302,531778
2020-09-14,8.8789,9.1979,8.8080,9.1182,507224
2020-09-15,9.1536,9.1713,9.0296,9.0429,389409
2020-09-16,9.0207,9.1270,8.9055,8.9764,806362
2020-09-17,8.8966,9.0429,8.8966,8.9675,615800
2020-09-18,9.0118,9.0207,8.6796,8.8169,2939843
2020-09-21,8.6840,8.6928,8.2586,8.2852,987410
2020-09-22,8.3118,8.4580,8.0991,8.1434,571827
2020-09-23,8.1434,8.2852,7.8865,7.8865,652054
2020-09-24,7.9131,8.1700,7.8333,8.0150,836760
2020-09-25,7.9485,8.1346,7.9219,8.0726,523509
2020-09-28,8.1966,8.4270,8.1878,8.3207,717839
2020-09-29,8.3207,8.3384,8.0371,8.1789,476933
2020-09-30,8.2232,8.3118,8.0548,8.1523,718785
2020-10-01,8.1789,8.2498,8.0371,8.2409,419343
2020-10-02,8.0814,8.4979,8.0726,8.4314,672311
2020-10-05,8.5068,8.7017,8.4625,8.6485,460564
2020-10-06,8.7549,8.9587,8.6530,8.6574,787465
2020-10-07,8.7106,8.9188,8.7106,8.8789,688405
2020-10-08,8.9764,9.0562,8.8789,9.0207,418735
2020-10-09,9.1359,9.1625,8.8966,8.9144,459632
2020-10-12,8.8701,9.2068,8.8701,9.1713,584724
2020-10-13,9.1713,9.1713,8.8435,8.8523,535586
2020-10-14,8.8523,8.9808,8.8080,8.8435,323149
2020-10-15,8.7017,9.0650,8.7017,9.0296,485471
2020-10-16,9.0207,9.1182,8.8570,9.0739,503882
2020-10-19,9.1270,9.1758,8.9321,8.9675,331998
2020-10-20,9.0739,9.1846,9.0384,9.0916,410243
2020-10-21,9.0916,9.1802,9.0473,9.1359,287626
2020-10-22,9.2334,9.3929,9.1448,9.3486,557088
2020-10-23,9.3663,9.5347,9.2910,9.3663,467311
2020-10-26,9.3043,9.4239,9.1270,9.4195,532025
2020-10-27,9.5967,9.5967,9.3043,9.3043,470745
2020-10-28,9.1359,9.3663,9.1270,9.2334,474856
2020-10-29,9.1802,9.3949,9.0296,9.3353,617037
2020-10-30,9.3131,9.5258,9.3131,9.4549,527298
2020-11-02,9.5169,9.7163,9.4283,9.6853,500083
2020-11-03,9.8802,9.9689,9.7872,9.8802,511614
2020-11-04,9.7121,9.7121,9.1886,9.2157,437213
2020-11-05,9.2157,9.6399,9.1976,9.5496,515787
2020-11-06,9.6579,9.6760,9.2157,9.2788,455178
2020-11-09,10.0009,10.8765,9.9287,10.5966,1020624
2020-11-10,10.7320,11.0886,10.5966,10.9126,824436
2020-11-11,10.9306,10.9306,10.4161,10.5515,453252
2020-11-12,10.4071,10.5425,10.2356,10.4026,621648
2020-11-13,10.4613,10.6328,10.4252,10.5605,350430
2020-11-16,11.0389,11.1924,10.8223,11.1833,802715
2020-11-17,11.0480,11.0841,10.8088,10.9577,597202
2020-11-18,11.0389,11.0389,10.7230,10.7230,434078
2020-11-19,10.6779,10.7004,10.4297,10.6237,475010
2020-11-20,10.4432,10.7952,10.4342,10.7772,771886
2020-11-23,10.9306,10.9938,10.7772,10.8358,658294
2020-11-24,10.9848,11.4090,10.9712,11.3097,606289
2020-11-25,11.1743,11.3097,11.0389,11.1653,426135
2020-11-27,11.1472,11.1924,10.8133,10.9577,243758
2020-11-30,10.8494,10.9487,10.6508,10.6779,696033
2020-12-01,10.8223,11.0118,10.7140,10.7862,421338
2020-12-02,10.7140,11.0164,10.7140,10.9487,533166
2020-12-03,10.9667,11.1111,10.8404,10.9757,355326
2020-12-04,11.2556,11.2917,11.1021,11.2917,605064
2020-12-07,11.2194,11.3097,11.0660,11.2375,402443
2020-12-08,11.1563,11.3278,11.1472,11.3097,442715
2020-12-09,11.4000,11.5173,11.2736,11.3097,543580
2020-12-10,11.2285,11.2285,11.1247,11.2014,306608
2020-12-11,11.0028,11.2510,10.9938,11.1833,427994
2020-12-14,11.2646,11.3097,11.0389,11.0480,600166
2020-12-15,11.2104,11.3187,11.0118,11.2285,612596
2020-12-16,11.2826,11.2826,11.1653,11.1653,423220
2020-12-17,11.1563,11.1924,10.9577,11.1472,481714
2020-12-18,11.1563,11.3187,10.9848,11.0660,2075319
2020-12-21,11.0389,11.1563,10.9306,11.0660,568473
2020-12-22,11.0480,11.1653,10.9487,11.1111,592249
2020-12-23,11.1202,11.3819,11.1202,11.3368,405569
2020-12-24,11.3729,11.4000,11.1924,11.3278,249340
2020-12-28,11.3909,11.5940,11.2962,11.5534,605927
2020-12-29,11.5354,11.5895,11.2601,11.2917,371095
2020-12-30,11.2917,11.4541,11.1924,11.3819,320398
2020-12-31,11.3909,11.5263,11.3278,11.4993,396094
2021-01-04,11.5263,11.5624,11.2104,11.4270,766520
2021-01-05,11.3909,11.5670,11.3639,11.4451,727791
2021-01-06,11.8590,12.4470,11.7339,12.3567,1128350
2021-01-07,12.6636,12.7449,12.3748,12.6095,665699
2021-01-08,12.8080,12.8712,12.3477,12.5102,707528
2021-01-11,12.3748,12.6546,12.3206,12.6365,508579
2021-01-12,12.6907,12.8622,12.5553,12.7629,470305
2021-01-13,12.7358,12.7358,12.4831,12.4921,610639
2021-01-14,12.6185,12.7313,12.5463,12.6140,609490
2021-01-15,12.5012,12.5418,12.3297,12.5012,662473
2021-01-19,12.5914,12.5914,12.3838,12.5373,619748
2021-01-20,12.5192,12.5192,12.3116,12.4741,560471
2021-01-21,12.5463,12.5463,12.2665,12.4109,531690
2021-01-22,12.3026,12.5373,12.1491,12.5102,596801
2021-01-25,12.4109,12.5102,12.0787,12.2936,720436
2021-01-26,12.5553,12.5553,12.0679,12.0950,526597
2021-01-27,12.0047,12.0679,11.6166,11.6978,856162
2021-01-28,11.8874,11.8874,11.7069,11.7971,737274
2021-01-29,11.8242,11.9989,11.4993,11.5083,1448073
2021-02-01,11.5534,11.8242,11.4452,11.7655,606220
2021-02-02,11.8603,12.0002,11.7430,11.9054,654661
2021-02-03,11.8681,12.0055,11.7766,11.9506,891624
2021-02-04,12.0238,12.3077,11.9964,12.2161,729193
2021-02-05,12.2161,12.3627,11.9872,12.0605,568050
2021-02-08,12.0971,12.2802,12.0147,12.2665,440505
2021-02-09,12.2711,12.5916,12.1108,12.5916,674095
2021-02-10,12.6832,12.6923,12.4268,12.4542,579887
2021-02-11,12.4451,12.5504,12.2161,12.3077,611573
2021-02-12,12.3077,12.4735,12.2173,12.4084,305760
2021-02-16,12.5916,12.6923,12.4125,12.5916,543739
2021-02-17,12.5458,12.6648,12.4909,12.5550,509760
2021-02-18,12.5366,12.7106,12.4542,12.6099,537722
2021-02-19,12.6282,12.7747,12.6007,12.7381,597340
2021-02-22,12.7290,13.0586,12.7290,12.9854,713326
2021-02-23,13.0403,13.3425,13.0128,13.1319,864892
2021-02-24,13.1777,13.3975,13.1594,13.2509,754668
2021-02-25,13.2784,13.3517,12.9854,13.0495,511006
2021-02-26,12.9854,13.1136,12.7747,12.9304,868084
2021-03-01,13.0678,13.2051,13.0037,13.1136,547727
2021-03-02,13.0220,13.1594,12.9945,13.0312,421737
2021-03-03,13.1136,13.5257,13.1136,13.1960,595717
2021-03-04,13.2509,13.4982,13.0266,13.2418,839066
2021-03-05,13.5073,13.7088,13.4341,13.6813,1210009
2021-03-08,13.8095,14.1758,13.7363,14.0934,943416
2021-03-09,13.9744,13.9744,13.6172,13.7363,675170
2021-03-10,13.8187,14.0385,13.7088,13.9744,775299
2021-03-11,13.9194,14.0293,13.8004,13.9011,547134
2021-03-12,13.9927,14.1667,13.9103,14.0385,557046
2021-03-15,14.0385,14.0385,13.7409,13.8736,950406
2021-03-16,13.7638,13.8095,13.5302,13.7775,811960
2021-03-17,13.8187,13.9652,13.6584,13.7775,628039
2021-03-18,13.8462,14.1529,13.6905,13.7638,640266
2021-03-19,13.5440,13.7363,13.3333,13.6539,3536314
2021-03-22,13.6172,13.6172,13.2876,13.4112,550280
2021-03-23,13.3150,13.4432,13.1319,13.1960,533642
2021-03-24,13.3333,13.6722,13.1685,13.1777,581781
2021-03-25,13.1777,13.4341,13.0220,13.3608,404816
2021-03-26,13.5348,13.6081,13.4341,13.5714,462268
2021-03-29,13.4432,13.5348,13.1685,13.2784,1093322
2021-03-30,13.3883,13.5623,13.3654,13.4341,561489
2021-03-31,13.4066,13.4616,13.1777,13.2326,755716
2021-04-01,13.1960,13.3333,13.0953,13.3059,379058
2021-04-05,13.4616,13.5165,13.1868,13.3242,502688
2021-04-06,13.3333,13.3929,13.1822,13.2601,354714
2021-04-07,13.3333,13.3517,13.1227,13.2051,431324
2021-04-08,13.1960,13.2326,12.9762,13.1960,376726
2021-04-09,13.2967,13.3791,13.1868,13.3242,429655
2021-04-12,13.3791,13.4158,13.2921,13.3242,359359
2021-04-13,13.2418,13.2418,12.8938,12.9670,688278
2021-04-14,12.9304,13.1502,12.9060,13.1181,739373
2021-04-15,12.8938,13.1409,12.8572,13.0403,434218
2021-04-16,13.1227,13.2235,12.9763,13.0678,293169
2021-04-19,13.0861,13.1639,12.9304,13.1227,511630
2021-04-20,13.0128,13.0128,12.7106,12.7656,586338
2021-04-21,12.7473,12.9396,12.7106,12.9213,367130
2021-04-22,12.9304,12.9670,12.7290,12.7290,401034
2021-04-23,12.6832,13.0403,12.6832,12.9487,543523
2021-04-26,13.0953,13.2601,12.9762,12.9854,438440
2021-04-27,12.9762,13.0861,12.8480,12.9945,447251
2021-04-28,13.0495,13.1044,12.9121,12.9670,374578
2021-04-29,12.9945,13.1868,12.9854,13.0403,374558
2021-04-30,13.0037,13.0312,12.8480,12.8572,619057
2021-05-03,12.9304,13.1044,12.9304,13.0220,1055701
2021-05-04,12.9579,13.0586,12.8205,13.0403,682497
2021-05-05,13.0216,13.0913,12.8730,13.0495,579085
2021-05-06,13.0773,13.1238,12.9055,13.1145,546925
2021-05-07,12.9752,13.1331,12.9101,13.0773,430913
2021-05-10,13.0773,13.1981,12.9009,12.9101,687747
2021-05-11,12.8173,12.9380,12.7569,12.8266,431848
2021-05-12,13.0959,13.0959,12.5897,12.6036,398542
2021-05-13,12.5851,13.2074,12.5479,13.1331,849326
2021-05-14,13.2352,13.2352,13.0541,13.2074,514295
2021-05-17,13.2352,13.4117,13.0866,13.4024,821046
2021-05-18,13.3931,13.4488,13.1702,13.1702,450165
2021-05-19,13.0588,13.2352,12.8543,13.2352,622904
2021-05-20,13.2074,13.2352,13.0216,13.1702,479988
2021-05-21,13.2352,13.3467,13.1329,13.2910,1399200
2021-05-24,13.3745,13.3931,13.0309,13.0959,393071
2021-05-25,13.0866,13.1981,12.7058,12.7058,592115
2021-05-26,12.7058,12.9009,12.6872,12.8916,469386
2021-05-27,13.0495,13.1981,13.0216,13.0959,397151
2021-05-28,13.1052,13.1609,12.9752,13.1516,325045
2021-06-01,13.2352,13.3560,13.1331,13.3281,802363
2021-06-02,13.4999,13.4999,13.0262,13.0773,720380
2021-06-03,13.1238,13.2074,13.0030,13.1702,471423
2021-06-04,13.1609,13.2910,13.1191,13.2538,395092
2021-06-07,13.3281,13.3745,13.2259,13.2631,594617
2021-06-08,13.2352,13.4303,13.1609,13.3838,373128
2021-06-09,13.2817,13.3095,13.1423,13.1516,377474
2021-06-10,13.2259,13.2724,13.0680,13.0773,282570
2021-06-11,13.1052,13.1749,13.0866,13.1331,221113
2021-06-14,13.1609,13.2538,13.1052,13.2166,640632
2021-06-15,13.2166,13.3885,13.1702,13.3002,428153
2021-06-16,13.2445,13.4860,13.1795,13.3931,432039
2021-06-17,13.4674,13.5046,12.9659,12.9937,718019
2021-06-18,12.7987,12.9101,12.5108,12.5201,1501695
2021-06-21,12.6222,12.9287,12.6222,12.8173,406647
2021-06-22,12.8358,12.8916,12.6594,12.8173,336606
2021-06-23,12.8637,12.9009,12.6594,12.6872,709923
2021-06-24,12.7708,12.9194,12.6501,12.8823,303316
2021-06-25,12.8637,12.9752,12.6501,12.6872,1218490
2021-06-28,12.6965,12.7337,12.4922,12.5572,595679
2021-06-29,12.9287,12.9287,12.6315,12.6594,557019
2021-06-30,12.5758,12.7430,12.5526,12.6687,478789
2021-07-01,12.7430,12.8916,12.7058,12.7894,405619
2021-07-02,12.7894,12.7987,12.6362,12.7058,535644
2021-07-06,12.6222,12.6408,12.3564,12.5665,792380
2021-07-07,12.4922,12.6677,12.4643,12.5572,673876
2021-07-08,12.3900,12.5340,12.2786,12.3993,799482
2021-07-09,12.5944,12.6780,12.5201,12.5851,543787
2021-07-12,12.4922,12.8266,12.3993,12.7801,709433
2021-07-13,12.7219,12.7337,12.4875,12.5201,494305
2021-07-14,12.5201,12.6315,12.4871,12.5758,435486
2021-07-15,12.4922,12.7430,12.4550,12.7058,339424
2021-07-16,12.7894,12.7894,12.5293,12.5758,438800
2021-07-19,12.3900,12.5479,12.2507,12.3343,859478
2021-07-20,12.3529,12.7987,12.3436,12.5201,738642
2021-07-21,12.5944,12.7337,12.5293,12.5572,346432
2021-07-22,12.5201,12.5386,12.3575,12.4365,558960
2021-07-23,12.5015,12.6036,12.4643,12.5015,507289
2021-07-26,12.4643,12.6780,12.4643,12.5479,615268
2021-07-27,11.8885,12.1671,11.7910,12.0742,1100148
2021-07-28,12.1485,12.3947,11.9396,12.2971,788672
2021-07-29,12.3993,12.4783,12.3297,12.3900,562805
2021-07-30,12.3993,12.5386,12.3436,12.3622,573167
2021-08-02,12.3993,12.5108,12.1671,12.2043,740665
2021-08-03,12.2228,12.3111,12.0835,12.3064,910970
2021-08-04,12.2430,12.2713,12.0921,12.1393,586815
2021-08-05,12.1581,12.2524,12.1110,12.2336,442162
2021-08-06,12.3562,12.5260,12.3185,12.4317,494085
2021-08-09,12.4411,12.4788,12.3279,12.3562,297170
2021-08-10,12.3656,12.4930,12.2713,12.4694,330552
2021-08-11,12.4599,12.6109,12.3751,12.6109,502315
2021-08-12,12.6297,12.6816,12.5496,12.5826,574008
2021-08-13,12.6297,12.6297,12.5260,12.5637,527731
2021-08-16,12.5448,12.6250,12.4411,12.5731,576322
2021-08-17,12.4882,12.5448,12.3845,12.4694,440885
2021-08-18,12.4505,12.5354,12.3288,12.3468,373161
2021-08-19,12.2713,12.3609,12.1487,12.2336,491859
2021-08-20,12.1864,12.3939,12.1393,12.3562,1165474
2021-08-23,12.3845,12.4505,12.3373,12.4222,322100
2021-08-24,12.4222,12.4552,12.3232,12.3373,408313
2021-08-25,12.3468,12.4694,12.2996,12.3090,422438
2021-08-26,12.3656,12.4034,12.2053,12.2147,412636
2021-08-27,12.2619,12.4694,12.2430,12.4128,572176
2021-08-30,12.4505,12.4694,12.1770,12.1958,323311
2021-08-31,12.2241,12.3326,12.1723,12.2807,365787
2021-09-01,12.2902,12.2996,12.1487,12.2147,311551
2021-09-02,12.2053,12.3090,12.1487,12.1581,392984
2021-09-03,12.1676,12.1770,11.9978,12.0166,490733
2021-09-07,12.0261,12.1487,11.9600,11.9695,418631
2021-09-08,11.9412,12.0072,11.8138,11.8752,423151
2021-09-09,11.8280,12.0544,11.8280,11.9223,654685
2021-09-10,11.9223,12.0166,11.8657,11.9129,717095
2021-09-13,12.0261,12.1157,11.9695,12.0544,647409
2021-09-14,12.1015,12.1110,11.9223,11.9789,602863
2021-09-15,12.0166,12.1015,11.9317,11.9695,505093
2021-09-16,12.1140,12.1140,11.8280,11.8657,555137
2021-09-17,11.8657,12.0921,11.8421,12.0732,2407203
2021-09-20,11.8563,11.8563,11.6676,11.7903,1017600
2021-09-21,11.7903,11.8940,11.7148,11.7242,636073
2021-09-22,11.7997,11.9883,11.7997,11.8563,613850
2021-09-23,11.9129,12.2146,11.8752,12.0827,450281
2021-09-24,12.0921,12.2996,12.0827,12.2053,491628
2021-09-27,12.2807,12.6580,12.2619,12.5354,802976
2021-09-28,12.6014,12.6769,12.4505,12.4882,714514
2021-09-29,12.4977,12.6958,12.4222,12.6392,624696
2021-09-30,12.6863,12.7288,12.4882,12.5260,818961
2021-10-01,12.5826,12.8137,12.5165,12.7146,794684
2021-10-04,12.7429,12.8561,12.6958,12.7901,634538
2021-10-05,12.8184,12.8655,12.7052,12.7901,718174
2021-10-06,12.7712,12.8184,12.6109,12.8089,545693
2021-10-07,12.9033,12.9976,12.8372,12.9693,439476
2021-10-08,12.9976,13.1485,12.9693,13.1108,388295
2021-10-11,13.1862,13.2806,13.0919,13.1013,379145
2021-10-12,13.0636,13.1674,12.9882,13.1391,420011
2021-10-13,13.1296,13.1296,12.9221,13.0542,324494
2021-10-14,13.1579,13.1862,13.0825,13.1862,334700
2021-10-15,13.3466,13.3749,13.1013,13.1202,650776
2021-10-18,13.1235,13.2066,13.0023,13.0259,388656
2021-10-19,13.0353,13.1202,12.9504,13.0164,358881
2021-10-20,13.0070,13.2240,12.9976,13.2240,443154
2021-10-21,13.2334,13.2334,13.0589,13.1862,642156
2021-10-22,13.1768,13.2994,13.1108,13.2900,370332
2021-10-25,13.3843,13.4975,13.2711,13.4975,826231
2021-10-26,13.5824,13.6010,13.3371,13.4503,642660
2021-10-27,13.4032,13.4032,13.1957,13.2240,773323
2021-10-28,13.2523,13.3851,13.0447,13.1013,548458
2021-10-29,13.1013,13.1862,12.9778,13.0164,467806
2021-11-01,13.1108,13.4126,13.0730,13.4126,459118
2021-11-02,13.4409,13.4692,13.2617,13.2617,371869
2021-11-03,13.2428,13.5824,13.1862,13.5069,553538
2021-11-04,13.5100,13.6153,13.1608,13.2900,654202
2021-11-05,13.3952,13.6536,13.3857,13.5962,478095
2021-11-08,13.3809,13.6918,13.3809,13.6057,376045
2021-11-09,13.5770,13.6344,13.4420,13.5579,442418
2021-11-10,13.5770,13.6631,13.5483,13.6440,345566
2021-11-11,13.6440,13.8258,13.5962,13.7971,504073
2021-11-12,13.8067,13.8354,13.5770,13.6153,370372
2021-11-15,13.8688,13.8736,13.6440,13.7205,569713
2021-11-16,13.7301,13.7841,13.5483,13.5770,477582
2021-11-17,13.5388,13.5530,13.2613,13.3761,468579
2021-11-18,13.3378,13.4670,13.2996,13.3378,461922
2021-11-19,13.2517,13.2996,13.1369,13.2613,401673
2021-11-22,13.3378,13.6153,13.3378,13.4622,371582
2021-11-23,13.5388,13.5962,13.4813,13.5483,333327
2021-11-24,13.4909,13.5675,13.4622,13.5005,206451
2021-11-26,13.1178,13.2134,12.7015,12.8690,515755
2021-11-29,13.0795,13.0795,12.7207,12.7446,597200
2021-11-30,12.6585,12.8307,12.5437,12.7063,657206
2021-12-01,12.9455,13.1656,12.6202,12.6298,633504
2021-12-02,12.7542,13.2230,12.6872,13.1943,968113
2021-12-03,13.4909,13.5866,13.2756,13.3283,1150538
2021-12-06,13.5196,13.7301,13.4048,13.5388,701870
2021-12-07,13.6057,13.6057,13.2230,13.2613,615129
2021-12-08,13.2900,13.3570,13.1656,13.2421,459509
2021-12-09,13.1943,13.2134,13.0412,13.0508,428606
2021-12-10,13.1579,13.1579,13.0077,13.1178,356064
2021-12-13,13.1273,13.1895,12.9742,13.1082,572329
2021-12-14,13.1465,13.3761,13.1130,13.1752,793973
2021-12-15,13.2134,13.2613,12.9168,12.9455,1403004
2021-12-16,13.0604,13.3617,13.0412,13.2039,694708
2021-12-17,13.3426,13.3426,12.8690,13.1752,3362194
2021-12-20,13.0316,13.1465,12.7255,12.9551,827036
2021-12-21,13.0029,13.3187,13.0029,13.1369,463325
2021-12-22,13.1273,13.2661,13.0795,13.2613,403645
2021-12-23,13.3474,13.4766,13.3283,13.3952,284370
2021-12-27,13.3857,13.5292,13.2900,13.5196,415466
2021-12-28,13.5100,13.6344,13.4622,13.5292,406010
2021-12-29,13.5388,13.5675,13.4431,13.5483,310483
2021-12-30,13.5388,13.6344,13.4574,13.5388,474853
2021-12-31,13.5579,13.5962,13.4526,13.5483,368828
2022-01-03,13.5579,13.7875,13.5483,13.6344,625678
2022-01-04,13.7937,13.9310,13.7205,13.7780,716380
2022-01-05,13.9171,13.9884,13.7110,13.7301,669138
2022-01-06,13.8736,14.0650,13.8258,14.0459,949017
2022-01-07,14.0937,14.1415,13.9406,14.0841,909545
2022-01-10,14.1415,14.1702,14.0028,14.0841,1246134
2022-01-11,14.1128,14.1415,13.8832,14.1128,713382
2022-01-12,14.1750,14.2181,13.9980,14.1702,560385
2022-01-13,14.2085,14.3033,14.1607,14.1989,782898
2022-01-14,14.1128,14.3903,14.0267,14.3616,837910
2022-01-18,14.4286,14.4908,14.2684,14.2946,589800
2022-01-19,14.3329,14.3520,13.9980,14.0172,512109
2022-01-20,13.9884,14.1033,13.7492,13.7588,574602
2022-01-21,13.6440,13.9550,13.6249,13.6631,866470
2022-01-24,13.3395,13.8401,13.3395,13.7875,1249854
2022-01-25,13.7875,14.0172,13.5196,13.9597,1111089
2022-01-26,14.0267,14.0937,13.5196,13.7014,1057529
2022-01-27,13.7397,13.9406,13.2900,13.4144,1015098
2022-01-28,13.4144,13.4813,13.0795,13.4144,934786
2022-01-31,13.3952,13.5627,13.2039,13.5005,2572696
2022-02-01,13.4718,13.5196,13.2756,13.4813,1172483
2022-02-02,13.4729,13.5117,13.3079,13.3952,996255
2022-02-03,13.4244,13.5263,13.3661,13.4341,710457
2022-02-04,13.5408,13.5700,13.3661,13.5214,678705
2022-02-07,13.5408,13.5700,13.4341,13.5505,644318
2022-02-08,13.5991,13.8320,13.5991,13.8126,656437
2022-02-09,13.8417,13.8417,13.5020,13.5311,607448
2022-02-10,13.5602,13.6961,13.4728,13.5797,899450
2022-02-11,13.5797,13.8612,13.5408,13.7641,1007109
2022-02-14,13.8903,13.9290,13.5981,13.6476,1132845
2022-02-15,13.8612,13.8806,13.7156,13.7932,599374
2022-02-16,13.7283,13.8709,13.7283,13.8417,549255
2022-02-17,13.7447,13.7738,13.5457,13.5602,839356
2022-02-18,13.5408,13.8612,13.5408,13.8417,1001639
2022-02-22,13.7932,13.8466,13.6816,13.7350,846190
2022-02-23,13.7932,13.8660,13.5408,13.5700,756577
2022-02-24,13.2496,13.3613,12.9876,13.3273,844790
2022-02-25,13.3467,13.7156,13.3467,13.6185,1379568
2022-02-28,13.5117,13.6767,13.4438,13.6670,2355194
2022-03-01,13.6670,13.7204,13.0943,13.2011,1326209
2022-03-02,13.2496,13.5845,13.2205,13.5214,689219
2022-03-03,13.5700,13.7301,13.4826,13.7156,756409
2022-03-04,13.5991,13.5991,13.3516,13.4535,908197
2022-03-07,13.3661,13.4826,13.2788,13.3079,745089
2022-03-08,13.4244,13.5602,13.2933,13.2982,795760
2022-03-09,13.5408,13.6185,13.3758,13.3952,594998
2022-03-10,13.2885,13.4632,13.2788,13.4438,468941
2022-03-11,13.5505,13.7204,13.4923,13.5991,717374
2022-03-14,13.7835,14.0359,13.7253,13.8126,1100719
2022-03-15,13.8320,13.9582,13.5602,13.6767,769521
2022-03-16,13.7447,13.9242,13.7156,13.8806,1048389
2022-03-17,13.7350,13.8126,13.5797,13.5797,999516
2022-03-18,13.5700,13.6476,13.2593,13.3952,7193632
2022-03-21,13.4244,13.5894,13.2885,13.3952,1091548
2022-03-22,13.5408,13.6379,13.3564,13.4438,731373
2022-03-23,13.3758,13.4341,12.9390,12.9390,1204608
2022-03-24,13.1234,13.1623,12.8905,13.1526,810048
2022-03-25,13.1332,13.4535,13.1040,13.3952,692805
2022-03-28,13.4341,13.4341,13.2302,13.4244,759082
2022-03-29,13.4826,13.6379,13.4244,13.6379,888322
2022-03-30,13.6282,13.6767,13.1962,13.2690,754516
2022-03-31,13.2690,13.4049,13.0555,13.1137,671109
2022-04-01,13.2205,13.2545,13.0215,13.1137,854758
2022-04-04,13.0749,13.0798,12.8711,13.0555,666167
2022-04-05,13.0264,13.1817,12.8517,12.9099,972138
2022-04-06,12.9099,12.9778,12.8031,12.8128,793700
2022-04-07,12.9584,12.9584,12.6333,12.7352,867504
2022-04-08,12.8128,12.8905,12.6187,12.6575,677226
2022-04-11,12.9099,12.9924,12.6575,12.6672,1115557
2022-04-12,12.6478,12.7837,12.5701,12.6090,694922
2022-04-13,12.5119,12.8322,12.4246,12.8031,792730
2022-04-14,12.7934,12.8856,12.6672,12.7158,696302
2022-04-18,12.7158,12.7643,12.6381,12.6769,766875
2022-04-19,12.7837,13.0167,12.7546,12.9681,797241
2022-04-20,12.9973,13.1671,12.9973,13.0652,526945
2022-04-21,13.0943,13.1623,13.0167,13.0749,554150
2022-04-22,13.0555,13.0749,12.8517,12.8711,715935
2022-04-25,12.7449,12.8614,12.4731,12.6672,886745
2022-04-26,12.5605,12.7158,12.3857,12.4731,863525
2022-04-27,12.4440,12.5410,12.3566,12.3760,761462
2022-04-28,12.4731,12.5216,12.3275,12.4634,544506
2022-04-29,12.4149,12.4731,12.2693,12.3081,1269085
2022-05-02,12.4149,12.4828,12.0509,12.1916,1194938
2022-05-03,12.2110,12.3166,12.1334,12.2304,940274
2022-05-04,12.2751,12.5413,12.1574,12.5216,976206
2022-05-05,12.4723,12.5019,12.2899,12.4723,855478
2022-05-06,12.0484,12.2653,11.9103,12.1765,1700725
2022-05-09,12.0878,12.3047,12.0533,12.1963,974708
2022-05-10,12.2061,12.3146,11.9153,12.0287,1085833
2022-05-11,12.0681,12.2850,12.0484,12.0878,835336
2022-05-12,12.0779,12.1470,11.8709,12.1371,902784
2022-05-13,12.1174,12.2061,12.0188,12.0779,658608
2022-05-16,12.1667,12.1963,11.9498,12.0681,954802
2022-05-17,12.2357,12.4230,12.2357,12.4132,781182
2022-05-18,12.3442,12.4378,12.2653,12.3737,1026676
2022-05-19,12.2653,12.4181,12.1568,12.2653,1621830
2022-05-20,12.3146,12.3540,12.0237,12.1963,858233
2022-05-23,12.3343,12.5167,12.2751,12.4033,660973
2022-05-24,12.4329,12.5019,12.2258,12.4625,636610
2022-05-25,12.4723,12.6892,12.3935,12.4921,759849
2022-05-26,12.5413,12.6892,12.5413,12.6498,706666
2022-05-27,12.6498,12.7188,12.6005,12.6892,664910
2022-05-31,12.6005,12.7730,12.5167,12.7090,928438
2022-06-01,12.7188,12.7188,12.4822,12.6005,688000
2022-06-02,12.6301,12.6794,12.4723,12.6597,849957
2022-06-03,12.6202,12.6597,12.4575,12.4921,602894
2022-06-06,12.5216,12.6202,12.4625,12.5216,468219
2022-06-07,12.4526,12.6054,12.4033,12.5611,642752
2022-06-08,12.5216,12.6005,12.3540,12.4033,533759
2022-06-09,12.3737,12.4674,12.1864,12.1963,770693
2022-06-10,12.1667,12.2554,12.0874,12.2061,1021748
2022-06-13,12.0484,12.3688,12.0484,12.1568,1424565
2022-06-14,12.1864,12.3047,12.0779,12.1667,915727
2022-06-15,12.2456,12.3540,12.1272,12.2258,940138
2022-06-16,12.1272,12.1470,11.8955,11.9399,986717
2022-06-17,12.0089,12.2160,11.9498,12.0385,2279637
2022-06-21,12.1765,12.4033,12.1272,12.3935,1349452
2022-06-22,12.2850,12.4723,12.2653,12.4230,962062
2022-06-23,12.4132,12.4477,12.2258,12.3244,912509
2022-06-24,12.3244,12.7583,12.3244,12.6991,2202582
2022-06-27,12.7780,12.8076,12.5956,12.6301,696696
2022-06-28,12.6695,12.8371,12.6153,12.6399,666119
2022-06-29,12.6892,12.6892,12.5019,12.5512,667332
2022-06-30,12.4132,12.7040,12.4132,12.6202,925220
2022-07-01,12.5709,12.8371,12.5315,12.8273,880180
2022-07-05,12.6597,12.8470,12.4822,12.8371,1119137
2022-07-06,12.7878,12.8273,12.6054,12.7583,730132
2022-07-07,12.8569,12.9160,12.6695,12.6892,716840
2022-07-08,12.7287,12.7484,12.5611,12.6794,680219
2022-07-11,12.6202,12.6991,12.5512,12.6005,537422
2022-07-12,12.5512,12.7385,12.4526,12.5808,723877
2022-07-13,12.5709,12.5808,12.3737,12.4132,519289
2022-07-14,12.3244,12.5216,12.1125,12.2357,650045
2022-07-15,12.3935,12.5118,12.2899,12.5019,569832
2022-07-18,12.5611,12.6498,12.4773,12.5216,456795
2022-07-19,12.6202,12.8569,12.5906,12.8076,592567
2022-07-20,12.8174,12.9653,12.7583,12.9160,652764
2022-07-21,12.8273,12.9456,12.7435,12.9456,603322
2022-07-22,12.9554,12.9752,12.7533,12.8864,628788
2022-07-25,12.9752,13.3104,12.9160,13.2611,1292598
2022-07-26,13.2315,13.6308,13.2315,13.4287,1279637
2022-07-27,13.4287,13.7146,13.3794,13.6456,890178
2022-07-28,13.5963,13.9710,13.5963,13.9513,954572
2022-07-29,13.9020,14.2076,13.8152,14.1780,706248
2022-08-01,14.1189,14.3456,14.0104,14.2372,753343
2022-08-02,14.2273,14.2273,14.0203,14.0301,681990
2022-08-03,14.1200,14.1950,13.9650,14.0400,690181
2022-08-04,14.0900,14.1700,14.0100,14.0900,584661
2022-08-05,14.1000,14.2300,14.0790,14.1600,830645
2022-08-08,14.2100,14.2800,14.1550,14.2000,634096
2022-08-09,14.2500,14.4350,14.1750,14.4300,684860
2022-08-10,14.5000,14.5900,14.4450,14.4600,626657
2022-08-11,14.5300,14.6900,14.5050,14.6500,702168
2022-08-12,14.7500,14.8600,14.6850,14.8600,608471
2022-08-15,14.7700,15.0900,14.6600,15.0800,838653
2022-08-16,15.0000,15.1950,14.9250,15.1400,651959
2022-08-17,15.0400,15.1700,14.9700,15.1600,462295
2022-08-18,15.2000,15.2200,15.1150,15.1700,392869
2022-08-19,15.0700,15.1100,14.9200,14.9700,515231
2022-08-22,14.8400,14.8400,14.6200,14.6400,610785
2022-08-23,14.6700,14.7500,14.5500,14.5600,334680
2022-08-24,14.4900,14.5600,14.3200,14.3800,711134
2022-08-25,14.3900,14.6000,14.3700,14.5000,772184
2022-08-26,14.5600,14.6600,14.2400,14.2500,673203
2022-08-29,14.2400,14.2400,14.1050,14.1500,810458
2022-08-30,14.1400,14.2700,14.0200,14.2600,581527
2022-08-31,14.2400,14.3000,14.0300,14.0700,756639
2022-09-01,14.1000,14.1400,13.9300,14.1300,818543
2022-09-02,14.2400,14.2400,13.8600,13.9400,548861
2022-09-06,13.9600,14.0000,13.5850,13.7000,749417
2022-09-07,13.6300,13.8000,13.6100,13.7500,586202
2022-09-08,13.7200,13.9650,13.6300,13.9500,593324
2022-09-09,14.0300,14.1200,13.9700,14.0800,428211
2022-09-12,14.0900,14.1900,13.9650,14.1700,939295
2022-09-13,13.9900,14.0600,13.6250,13.7100,758155
2022-09-14,13.7500,13.8900,13.6650,13.8800,734937
2022-09-15,13.8600,14.1250,13.7700,14.0800,860960
2022-09-16,14.0500,14.2850,13.8700,14.2600,3289984
2022-09-19,14.1300,14.5200,14.0700,14.4800,639466
2022-09-20,14.4700,14.6700,14.4000,14.6200,533022
2022-09-21,14.6900,14.8100,14.5100,14.5300,567399
2022-09-22,14.5600,14.6200,14.1900,14.2500,893977
2022-09-23,14.1600,14.1600,13.9200,14.0400,1011694
2022-09-26,13.9400,14.1300,13.8700,13.9000,839446
2022-09-27,13.9500,13.9800,13.6550,13.6900,903424
2022-09-28,13.7000,14.0750,13.6800,13.9900,1192207
2022-09-29,13.9000,13.9100,13.6350,13.7500,1115525
2022-09-30,13.7900,13.8699,13.5000,13.5100,929836
2022-10-03,13.6700,13.7650,13.4800,13.6800,823103
2022-10-04,13.7700,14.1200,13.7700,14.0300,810813
2022-10-05,13.9000,13.9300,13.6350,13.8900,756296
2022-10-06,13.8000,13.8850,13.7250,13.7900,916704
2022-10-07,13.7500,13.7700,13.5000,13.5100,1149667
2022-10-10,13.6600,13.7650,13.5700,13.5900,907178
2022-10-11,13.6000,13.8000,13.5450,13.7600,766364
2022-10-12,13.7400,13.9200,13.5800,13.7900,475853
2022-10-13,13.7100,14.2200,13.6100,14.1500,913366
2022-10-14,14.2500,14.4000,14.0500,14.0900,743408
2022-10-17,14.2500,14.4000,14.1450,14.3700,1062222
2022-10-18,14.5000,14.5850,14.2650,14.3800,965967
2022-10-19,14.2800,14.3900,14.0700,14.2300,713435
2022-10-20,14.2100,14.2100,13.6100,13.7300,951989
2022-10-21,13.8300,13.9700,13.6800,13.8200,1212610
2022-10-24,13.9300,14.2200,13.7800,14.1200,823291
2022-10-25,14.1800,14.5650,14.1309,14.4700,928581
2022-10-26,14.5300,14.6000,14.2100,14.2200,819391
2022-10-27,14.3600,14.6850,14.2700,14.4700,705715
2022-10-28,14.4100,14.9650,14.4100,14.9400,853592
